58503
100847015
100847062
406941
4250
10481
100422953
406913
1360
407019
102466193
693227
26801
100616482
100422873
406992
102465250
724027
102465257
100423011
105378499
100422841
102465974
100126313
26831
693230
795
100616247
140870
693159
105373051
100500889
442892
102465443
574444
158511
6079
81569
108570035
401138
408187
106481742
338002
389033
105376468
9370
100652730
119180
286753
389458
101929733
101929217
8342
8359
389860
125
100507584
101927574
282617
3853
101927721
106480738
104326193
102725121
105377880
128488
100874282
4852
7200
340017
730755
100132708
105374344
101929152
8354
84072
280664
102724691
100996324
645249
5473
90737
150677
6346
93661
128817
100506682
105378591
138255
143241
8290
100874085
101929688
105376609
26851
1437
282618
56891
390243
8796
170589
128653
4477
11249
105374205
3018
100873982
102577426
130106
100129385
101927230
101928557
341947
7681
8337
102724473
101928932
100126356
100507114
140875
780851
101928770
3456
4161
101929557
63924
101928358
100505877
3039
222546
101927822
255349
1113
100287226
101927000
100192426
10876
105371782
344018
728606
3046
552853
101927258
100874031
102723493
100861510
5196
23591
723790
101927657
100874239
3045
728228
4656
9576
140902
440955
105372028
93668
101928896
100129128
419
79100
6366
105370757
4014
727897
100874300
245802
440699
63928
121599
101927922
118421
101928973
132625
125111
100505879
4680
102546229
27178
100507651
101927795
732253
101243555
158833
653598
100506433
60482
100874179
388551
104169670
118432
390077
116123
50674
115861
146852
158521
54474
112714
400668
347516
100422960
2558
5284
645030
27160
338809
390748
101929337
5617
79919
126
140801
4340
2925
100130274
319
445577
100129216
693175
102723481
4995
107986046
92293
55600
92304
6457
646174
148756
101927159
400932
729
162540
81392
643401
2688
442720
103171574
401498
554201
259289
642968
2856
100533177
107985578
8471
5100
101929184
23784
51716
100132234
127391
654502
100170765
441374
127254
3963
101928033
653808
27189
3547
56955
7276
100862662
4693
100861554
425054
101928696
327657
51412
101927498
4160
219874
160313
51156
285205
8484
572558
3802
93190
349633
105377586
283902
346528
50964
349408
389434
126204
729665
124912
100133545
3250
100507341
643418
496
84618
100128055
340069
9480
146310
146167
100498859
64806
55655
100642175
5268
148109
729025
343171
399967
100132686
766
101929127
388428
3850
1852
2099
101928335
285852
653
101927152
54586
23519
8823
2516
169966
56649
359
147741
90019
101928597
285796
152940
541473
101928386
85391
101928336
100128233
2253
126755
150165
101928857
100288079
101928773
100288801
105371807
909
1572
33
89869
256979
2525
390245
2532
100359394
100310812
201516
2167
101928509
105371430
727699
6363
2864
1109
2290
653509
100506869
102724550
100506564
22865
1401
101929406
440163
102546226
145946
400359
100132916
101929109
101805488
3891
54967
1008
26330
120787
56033
202459
790952
200772
100506071
102724663
57818
100873932
3882
57379
112802
3284
284276
54055
89872
8000
196472
11166
100506680
100820709
125931
105373100
101927003
285626
56934
375607
140767
114
284593
254528
50838
79166
439933
101928847
285740
101929329
55363
11189
101928886
1559
339512
100996928
101927543
388512
1620
50700
11055
439996
340508
255798
9074
100507073
137196
56269
100505718
6360
80740
4319
185
6101
100506085
152065
259293
339967
5174
84076
100132529
101929076
202658
100507203
345557
145241
147093
23440
284632
3938
221662
54754
3381
148738
102724434
101929690
653427
106478957
83598
23766
286380
643854
100287718
101928820
101928443
9407
101929586
147945
100287879
81492
101927653
81832
7476
104548973
10786
286178
124871
100874206
23630
25893
163404
134526
27443
474384
83844
101927964
8468
89780
285126
101927641
728441
26154
101929222
105371564
340419
84676
7368
131096
157310
64208
5346
101926964
23359
80704
728747
339788
283480
134829
338963
84684
116093
127343
81626
163479
643763
101927745
101929743
144203
151126
27023
137735
5949
27164
759
51050
414201
11081
2819
101927808
100631378
1674
100132103
729359
147409
390790
51224
153201
5024
399968
79747
101929095
101927323
55018
387522
162998
735
100132594
101927143
401613
388553
104355297
93654
4969
105375166
105375903
101927697
144453
79853
171484
1506
130013
91948
4741
84891
200008
203859
64478
91156
113746
6327
388585
946
3785
400794
9229
285150
93429
653333
1558
100505824
6943
245
6358
101928855
56144
347
11341
388951
146395
2322
348840
477
284525
8435
338872
132204
90226
147920
100128006
6403
4153
255022
100506274
79608
283460
342527
79857
5822
113457
51032
440077
378832
3172
58
353149
5307
8614
56143
100129969
100507600
771
6019
643711
25803
407738
126353
1610
120400
101929457
100128682
9752
283692
101929529
284451
11001
80274
105375614
100996570
6521
51384
387700
348938
6338
91149
3752
8382
6869
8858
7066
106821730
284266
100526664
161436
150197
761
5897
1823
140689
203562
644591
55273
2877
6013
22915
64388
4222
64693
579
57127
133558
911
51348
100534599
729950
11074
341019
6899
60385
5798
374864
2205
846
130574
50489
23704
150921
8483
4622
9518
3084
5026
101927661
101927972
7498
100874259
140690
2264
111
219621
440804
4958
50846
2867
8600
80731
2657
2354
5630
284047
2587
100169989
167681
100506321
387590
101929227
55286
157869
27190
163589
2151
4825
6328
3576
342666
59353
100505839
2825
121273
401164
9245
1770
101926926
6623
100129827
100506035
219623
3918
151258
401289
60677
79370
51252
2903
2561
56133
101928737
348158
845
63827
642559
54768
8395
9708
170591
1406
253190
153571
284757
5265
51761
105369848
5733
8370
4128
430
51237
1767
101928555
64805
126306
7757
100130548
27254
400706
5744
116449
6401
10888
30820
11095
8646
6299
3043
388389
153572
4081
8913
105371730
146279
2892
116285
79589
283948
155051
130399
55713
6820
100874241
120376
55228
102724593
10485
153769
105371267
27112
114900
27146
100874188
100874094
2596
29119
11063
55138
147
340267
3481
339965
9076
4166
152756
57471
83992
1524
660
4885
27198
5169
63895
9899
7042
4223
554
56111
84623
10350
7173
199699
56130
1287
7373
3706
956
8436
23541
84570
55800
4982
55964
2353
2247
146
84894
55799
1262
221091
102724508
100874222
101929494
259232
2326
84249
11185
643529
10742
401934
5789
27098
9068
286046
6329
166012
404220
10082
9244
286204
246778
79152
374946
7849
368
79674
610
55057
5010
222256
64399
145376
7221
63934
219670
389432
646576
642987
5239
103689912
94032
164668
101927862
153579
101929215
54360
440119
56108
1634
8557
254173
23475
400997
729085
151449
56967
10125
100862704
219736
730112
79153
8470
102724190
3908
158401
56106
84612
230
10631
2996
9172
1393
146845
5961
126820
647042
4071
1264
80031
127435
7122
79987
727936
283571
148345
55966
5334
152641
3037
3772
100128252
2252
23601
83987
283481
10089
9627
27181
9060
220081
3236
50511
692225
10990
100533496
100874114
55698
57030
80760
221303
116369
55504
56265
51313
23768
1996
158866
406935
80726
80111
54810
55224
100379224
51195
169200
79776
57580
129881
11136
1728
55103
100506697
83439
23460
3206
284739
3135
100289178
93034
101927931
23321
84126
10912
148808
221424
9495
100130733
432369
283229
285456
147746
55630
101927943
283887
23302
25891
1489
57569
345895
642475
3357
29895
79633
57573
257019
5366
53829
5959
378706
105372483
100129794
5168
23708
282890
79927
641367
256710
9383
990
55040
283152
57556
348378
388323
8338
643770
400456
23194
348
101929523
9590
54852
92565
8639
84627
3315
29948
441046
9033
27071
153657
3232
136332
56920
81629
9122
6480
84465
3786
2274
80243
1953
375449
339751
638
6451
115399
64220
105377105
10747
728888
54627
6614
644242
9429
5017
147699
64116
27197
51162
8334
100506810
84299
7710
586
2159
51176
1910
9424
2053
6382
65982
11031
64072
113177
26040
56124
387496
285533
22822
6790
6447
399959
285955
8544
256949
283385
84460
254827
284348
84525
3655
5860
91614
100131755
89932
196740
57597
60481
283140
995
22901
401207
26873
2109
8404
187
253827
118881
11149
10333
4013
146956
80310
4881
101928118
873
92162
11174
717
401288
339803
220359
395
54989
105416157
27303
7043
51477
387712
79843
79659
7026
619518
143458
6578
1397
64321
140738
23138
113157
79019
222235
8541
100294362
7226
105370333
9934
729970
147948
389337
147947
5136
56994
10948
1033
170575
2494
51338
259173
100505771
3726
6935
54933
64174
58494
100506258
152189
1902
343990
5360
101927111
8313
11069
26240
10725
101928079
5787
116159
4324
9884
9459
644903
22800
64921
105371849
5973
84501
1240
541468
83876
3725
100129792
10057
51232
3958
6622
10457
5924
126669
25960
4925
130940
2149
1806
643699
3090
84795
9180
51309
6478
55049
54836
100268168
54345
196883
56121
2615
83858
2122
4796
960
120379
645
101929704
57088
115703
57118
5820
55466
81571
83878
9454
79682
84645
11126
2
55128
55335
163259
133022
4214
4597
221468
54996
5376
260425
51268
2048
100132341
7099
55785
79767
5493
729288
28992
390940
122786
126119
10611
84226
100129917
3162
7450
10335
5709
5932
100130776
55290
642280
55839
782
100128640
161291
203054
3099
1831
4001
1999
126969
728130
359845
79716
124989
891
8270
57381
54331
284029
5153
79812
57180
2078
387036
284106
151230
9645
285349
3384
23457
85395
5575
285962
1374
201255
57533
143903
84698
22899
57463
160335
79742
60494
554206
9079
57639
6284
54414
100507178
101927402
57619
408
2040
140706
57608
126069
2791
140825
3399
130132
23162
10791
10231
100506012
441549
54839
11156
7075
100506100
83700
57761
1012
6309
653160
55344
51148
161882
201254
28984
51337
27257
256281
401541
79789
1266
100289341
84288
160857
414919
5420
3791
8996
7846
220064
11332
284390
100506286
83451
5175
81846
54858
131583
103344931
2034
494513
11000
83478
23513
10461
59339
51053
55615
10135
100507670
85027
83541
388324
388566
133383
55901
7691
375790
966
140809
51088
9866
78995
56731
29085
4124
503693
3475
8916
400945
6196
262
3993
58526
90313
51205
161742
114987
7168
150590
104968399
7003
283416
2329
5825
4846
400410
8293
9545
10207
8503
6525
80095
100527978
84752
2288
83714
220972
5154
8711
784
677
64927
128308
351
100287171
23576
25994
127700
10039
65010
3280
64978
93081
5990
286077
4524
7913
91768
440952
105377371
3717
101060200
57185
84679
6764
148189
2017
23111
5155
6573
5791
80346
284613
861
84153
50626
2683
5770
1429
339929
113451
5271
7711
51016
114876
126017
1537
84717
51160
79169
10572
57551
90233
125058
4723
84163
10614
6915
57630
64759
7556
4005
79683
4664
85461
10161
79898
3628
107984921
1838
91404
90874
6494
10227
117583
55196
29980
64080
81858
284370
22898
79968
2987
4088
339290
4026
101929147
23387
64081
5203
6416
1519
283104
246330
29894
9317
196383
57175
2512
5245
55663
23507
55526
84188
8694
55111
64225
64132
23230
59348
100505681
79411
26355
23710
65003
10922
85379
7579
3508
84885
100302401
5883
2907
23499
26286
25862
5863
148898
103611081
977
5193
284371
221937
472
90576
3705
4835
80110
55170
57465
105378828
9049
26504
727957
84869
5641
158586
25832
55958
5128
80173
57489
388753
84314
140685
54943
6560
91010
221037
10522
84984
84303
22856
9013
5688
51279
10449
53635
389524
80216
284306
115106
10245
11080
146705
4669
23253
80311
10588
11123
23198
64837
101927275
51629
63826
112495
4729
9759
7771
51239
9520
54963
117178
55020
5590
3251
143879
10241
254531
8269
80179
581
317762
441024
4598
126070
4931
10280
166379
23002
92999
79050
26502
28957
6990
6692
84321
6195
222229
79800
9907
5813
4708
1175
130162
92002
84687
219902
10287
6627
117246
51566
51642
2806
2004
4694
92597
54876
11153
10905
594
3981
9986
131616
23623
57532
54407
91748
7776
55791
729967
867
7562
23176
84154
10576
79077
197322
54918
10114
23446
124446
147991
55656
79001
56905
60490
8834
4249
6468
150864
29068
10229
162993
9668
26094
342357
811
55726
25850
57666
401505
27154
4905
3716
8480
84549
147694
27300
10171
51460
9583
51693
23075
145567
54920
100861548
11232
100101467
3843
27034
55187
9554
537
80818
55262
79718
55954
7592
83605
204851
23558
55610
23059
84444
9818
60487
5499
54914
10781
400657
29761
93436
9422
55362
839
51497
6548
29904
3281
7267
59338
5437
1523
144348
51562
4710
22911
7767
25989
55731
5871
22982
2135
91442
7187
9400
148156
10179
7566
124454
6430
643837
207
7554
54902
153443
29883
8675
50999
92799
170960
84305
54472
317781
196441
1725
4090
80222
5702
5693
9923
3622
54726
55154
7773
92285
148254
90736
148103
5683
23431
90121
90
5576
120526
10308
22869
26009
6774
308
3703
9761
339318
554251
87178
4946
5829
339559
246175
9675
9804
9922
57536
57614
5939
3799
6902
64746
2664
401264
51103
81876
11044
64860
11014
51188
4790
7581
1723
145389
7596
128338
53944
114883
23592
51691
23368
5903
56259
8775
5826
8604
10745
54861
23335
583
55659
10163
54834
494115
84922
26512
1741
55245
7637
54520
374868
10735
60559
22980
147923
64789
56852
339324
92667
10419
192670
669
51277
23549
7565
6749
23032
22850
127253
26098
7355
149603
6884
91754
85451
64802
6885
54741
25839
23062
79675
7626
10181
60678
55226
55238
56985
4351
7165
51626
2140
9131
57708
6940
60684
375
22823
10694
148867
55746
79725
6392
64400
92014
51132
57862
3313
79979
10746
55777
27301
2098
79607
143384
4780
26994
4798
5908
2531
23099
50809
27107
56160
22888
10277
23011
1676
10206
80724
10152
56951
9682
10807
9440
84934
26160
55327
123879
26515
79647
7727
50640
60626
905
221078
58505
56339
8774
25940
5875
8899
283635
80143
10228
5928
28511
151194
55718
128989
10073
818
5546
6239
79828
7763
85365
9874
79091
93134
51428
64983
257364
84128
152100
7584
9860
79872
127396
23193
1060
57209
7812
9117
10983
65991
29072
23155
80212
57456
466
51692
136647
23765
51517
57696
801
126298
30844
22872
80895
1386
7320
205564
1106
5306
8467
51601
1399
6936
83860
5049
9555
79034
382
55734
80011
51507
22919
94101
201965
28976
90826
369
79142
64895
7752
4968
7385
23367
9802
53918
26015
8915
60528
8880
8453
9295
84364
55324
54853
1810
11193
57404
63925
6908
5869
3035
51567
63935
65977
79594
51100
9125
148479
9904
4134
163049
998
25949
10250
11218
55167
23369
10554
5566
1998
79364
9167
51317
64419
80314
79576
79074
2959
8893
200081
10533
51574
55471
4943
23386
11021
7541
113510
80153
60313
22826
5930
29890
7520
113829
55696
8575
54487
9204
54934
2553
9967
7536
