X9074 X29119 X9076 X5010 X7122 X29895 X58494 X11069 X83700 X5175 X8503 X6494 X5829 X5908 X998
TCGA-BH-A0HW 8.51956263800493 10.9844961929396 14.5324252095355 12.4234093634256 14.5366265134068 10.4539924166747 14.0033661176896 14.8124737182569 15.4247267125866 17.7924494599273 15.8308541278585 16.4439664494613 17.4612397394276 15.3433194299674 20.6445514637321
TCGA-BH-A18S 8.67450069700642 8.98995187900818 15.8074207186693 11.5279336767305 14.2594886858103 10.6113458147192 14.8898698523008 16.2919135021116 14.9049768790168 17.7715001653311 16.2760020529295 16.8838942670481 17.5508469075672 15.9159944985183 20.823002516576
TCGA-D8-A27E 8.48637671988491 9.04487567117146 15.7907773660469 11.5939279618282 15.7057377189655 12.5512342783189 15.2324484328565 17.1791864687828 15.6002157786825 18.2319727916782 16.9767240317885 16.5406596853305 17.263003935121 16.2808368165409 20.6415872725747
TCGA-E2-A1IH 8.62620792192038 10.9679655898469 17.2877040062764 14.6261443776032 15.8268211290901 12.4048019888865 17.2707655759369 15.8258986740274 17.5050042671785 19.7186377720182 17.9096075515413 17.1320606830904 17.9522544616157 16.6546113389728 21.1578112018232
TCGA-A8-A091 10.6950160923182 10.1071014099365 15.1732774467463 15.0284302940634 15.3012500191441 10.9150372756501 15.6285675052352 16.1019080469192 16.3429325842377 18.8236333948595 15.2118354678718 17.1316657728266 17.2316730706297 15.5367194654282 20.5138327914091
TCGA-A2-A04W 10.4164144211478 7.38477317863279 17.3402734329516 16.1075847963741 15.6718095030088 13.8521278825205 15.2743564011784 13.9506605518829 17.3512727650837 18.3741636465338 18.9201465665699 16.9112579922554 19.0633762381683 15.7632182669649 20.9733775013518
TCGA-D8-A1X5 9.09256217661959 8.23844932379836 16.4457746800957 12.9648309017022 14.1147530667364 11.7107598084553 14.8247203811464 13.8820774031688 16.4811194087497 18.6349928992174 16.1835519711617 17.9590368354668 18.1137515088792 15.366579294569 20.7080683125066
TCGA-BH-A5J0 9.1890604702107 8.3338260284152 16.4889707136466 14.6326140849592 17.5819965741485 13.3912353340031 16.2489814877336 13.7119976798728 17.0386424284907 19.2885522667023 18.1206605555517 19.4272195598789 18.3581081585575 15.3889706855079 20.8522805440737
TCGA-A2-A1G1 10.1727252321523 7.89565841244511 16.4009397031402 13.1915485692124 13.2099148681146 11.8019749857708 15.199848892741 14.462512795612 16.3654214140983 18.8793152064472 19.1266812649443 16.3039948501711 18.3666810951605 16.6040206331694 21.0779968015772
TCGA-A8-A097 9.27942540156041 8.31887463382344 17.7863927785424 14.7051903243577 14.3532158981639 10.7110365145111 15.5511644204256 14.2426939308324 16.9191934442469 18.7269129508589 16.4665599907942 16.7647921921435 18.1689517296548 15.8225387922266 20.5599770190111
TCGA-C8-A130 9.82584771809725 10.5342940270233 14.9383464135844 14.56991710943 15.9343908746499 13.6199641218728 16.188657018397 15.0019858561833 16.8123699189353 19.2057462928834 17.3047774983855 18.1993501616592 18.3386303483641 15.8848922227625 20.6866352665589
TCGA-A8-A0AD 9.09589062151051 8.59580984747213 18.8351602151366 11.8980011002231 15.2039426928037 12.4132475005296 15.0526710189871 16.768074863299 16.644449765146 18.7596023738164 18.4944693814345 17.5586364701443 17.9745249346143 16.567742166187 21.3547348980437
TCGA-A2-A0YL 3 10.8129015098265 17.0145655679736 16.9428048065714 16.5590734933347 11.5403382431969 17.0458709207568 15.8100276579352 17.9178849264793 19.4447263437439 18.2985765182075 17.5101859886891 18.6971234659973 15.8737158093823 20.6929653694686
TCGA-A8-A09G 3 7.8616133464405 13.8083724962371 13.4246101238126 13.5775217489671 9.7247338264032 15.0883520565081 16.2523857006476 15.6151243026134 18.6357863221716 18.1869477228992 17.4493811076754 18.0479830033582 15.9670595915188 21.0351775169529
TCGA-A2-A25E 8.56012750123907 9.1191529076247 15.6395544616836 13.7243799539139 14.0261162040839 10.9783556788745 15.7232711564805 14.2290897423505 16.5204212798983 18.505583907706 16.9523170916353 16.6605833822965 18.5241554515073 16.6861844960012 21.5523779972326
TCGA-LL-A73Y 11.5973644999625 9.87814081523114 17.6155518442976 12.9918154082044 16.6306554924756 12.7168249922354 16.1416074686701 14.8756880805872 17.2817276598642 18.9234833557069 15.8155023179107 17.5586396806257 17.6800355860261 15.6357170114912 20.1407730405734
TCGA-AR-A1AK 7.88008625253867 10.0690174999874 18.2144328085916 15.4391367631403 16.5855404360076 11.9286865273948 16.6855579191355 14.8258662312052 16.9377945266401 19.971849871553 16.8977320278779 17.9031644146956 18.4907380377842 15.936859439566 20.370380582035
TCGA-LL-A740 10.9501039451917 9.60221150713807 20.4916645761268 14.9672237608573 15.8229084223704 12.2830635117928 15.6106966471953 15.1594303092179 17.1250058633242 18.7989461317586 17.9359030307546 17.9936523207783 19.5989452983073 16.0916468021749 21.2429470396243
TCGA-A7-A425 7.80122195486459 8.11195849140413 16.5303065920235 16.2705759231252 18.9143156109051 13.7429688521294 15.9324039166982 14.3966149017444 16.6209970946801 19.289202685981 17.2821791463227 18.7816635845618 18.72382423274 15.531930516819 19.9852919436949
TCGA-AN-A0XO 3 6.86380335555042 17.279731394268 14.9724515404133 15.3280708683201 11.6646114993872 15.2472632455023 14.4711971450199 17.106443544935 17.7516140204269 18.6805400990956 17.0816517793342 18.3632231138627 16.1353526802543 21.0451301777587
TCGA-AC-A3W7 10.4291788518535 8.67724585925684 17.041329730216 15.9742058072437 17.0977608161783 12.7024203918711 16.0481247616208 15.5974629491124 17.1579227520222 18.558108627192 17.6553510052166 17.9895871716958 18.4805740589278 15.8714114403334 20.4735017596683
TCGA-BH-A0H5 8.82471877980238 8.84587997906617 13.8439957552026 16.7360836210623 16.360741149994 11.2471961142014 16.3573459066256 14.3971257904547 16.5979739473342 19.6598125626349 18.0713140081785 18.7399836923334 18.1887081953467 16.1050459208743 20.9732023944122
TCGA-C8-A1HL 10.6614823686812 9.5756057616712 14.7894320561263 13.5613551202942 15.8489313566091 10.9742072574366 17.238820116269 15.5616502071975 17.3459951272422 19.9687172632981 18.0463770265701 17.084184103864 18.7841027969267 15.9671797909576 21.1516257761699
TCGA-A2-A0YF 3 9.76535596808962 17.1399187026205 13.6740974348805 14.9642153503099 9.990906408919 16.2286485476433 16.7711461892777 15.8375125567234 19.2110171555992 16.8894284879694 16.8327222595249 17.7229791461702 16.0889949239316 20.5280865315022
TCGA-E2-A15J 9.76201583628912 6.23209883501428 16.9171612518803 11.7649583590946 14.2454595854408 10.9754159721452 14.0503007507434 16.3751338774303 15.3509733915096 17.4373879200651 18.1480861108403 17.3335948600064 18.0345390070548 16.1378565632572 20.330341691305
TCGA-BH-A0BW 13.1284534242298 8.37901739410279 20.1778494555375 13.6216821945717 12.3383095874861 10.9278463719409 13.8199369362162 13.4079866592493 14.8474436699898 18.2767618640362 17.3229257035192 17.5127848995688 19.1349917120659 16.4621711150121 20.658558015139
TCGA-A1-A0SJ 10.6107224185918 10.6162907348898 15.3544704360503 16.065152418522 17.7479661843673 12.0197600003681 16.0876755128686 13.9311897456373 16.8184606170521 19.8551127238786 16.9069696267214 16.9377615360863 17.5818103188823 18.481111196713 21.3092771012199
TCGA-A2-A0EY 8.75787543893416 8.09490716441545 18.2074626742262 14.6919098529474 14.227769852957 12.0701388728374 15.037619650474 13.6093360713547 16.0587187846515 18.789668539495 16.9441919508511 17.1809760109816 18.2505108563908 15.4076818861288 20.4976186838905
TCGA-A8-A07R 17.5974773131516 6.03127126471029 19.3059481049244 14.9202265775679 9.72602796843143 9.17805161135776 13.7295659657381 13.8838666525668 15.2293285614349 17.4335064371556 16.9366279223237 16.4899322509539 18.4320988710731 16.4359338508734 21.148523721311
TCGA-BH-A18G 9.71871337046798 8.64023208794976 19.8320126784252 13.2692934321444 13.1190358011977 13.3421102366345 15.2108753741991 13.6129446877952 16.0736631175808 16.8625840907559 16.7711849824727 17.6382908067089 18.2207850744285 15.5895823071724 20.912522624948
TCGA-BH-A0BR 3 8.18577448455349 18.4412430150281 13.563554268423 15.8354581041121 12.5619775830102 16.055758918545 14.9535946958118 17.2981961854746 19.4413215978625 19.0014146822174 17.5063431501742 19.2111620933491 16.2580334141761 20.9936830807148
TCGA-A8-A06N 3 9.82193631242069 14.0909460729773 10.231216382914 13.8838980821347 10.7047443695898 12.7767220469537 14.1968624075807 14.4638608793285 17.2800781791237 16.3238364013209 16.2638694865784 16.9296534638268 15.5082079230228 20.8758095179843
TCGA-AO-A03M 10.5301122447904 7.72891565836744 14.9109629581437 15.6107810599959 15.7803037234492 12.2387262619826 15.8192665762405 13.2068834800884 16.3660126026962 19.0018230178031 17.4533482123208 17.2316714111435 19.4572346615155 15.7003896687764 21.5063930168774
TCGA-A8-A09X 11.2799785626234 8.62594261777778 16.8857563598163 12.7606000395824 15.309546162857 11.1793971230561 15.9774924532339 14.1474146055634 16.4814378549553 19.5544433799054 17.3103732544935 17.3472795175319 19.1871005036111 16.1795523703638 20.9747585832718
TCGA-E2-A1LS 8.30003748180572 9.91795296313889 19.2526025886469 10.9339108285078 13.7105419115757 14.9217335306867 15.4699763077416 16.2610740958838 16.1884846666945 17.9718842305434 16.1513140861844 15.6125909279092 17.4787809426002 16.0827812892655 20.8420045878725
TCGA-AC-A5XS 11.3016643633713 7.11875082110778 15.8306673259224 13.8649366560326 17.5988991889403 10.3569975581143 16.6247273622195 14.7141993908177 16.7770622620498 19.6018752825018 17.7545293694007 18.1911084203612 18.1808898253779 15.8730552196997 20.2702162948183
TCGA-AC-A23E 9.52077697196362 8.6622069260806 17.767884869335 13.3699026626376 14.5032260618561 11.315487635698 16.6902342283868 15.3215681493243 17.9225151937796 19.0937962050053 17.0623786655485 16.9618676065807 17.528330268056 16.5039172145969 21.1093398152091
TCGA-A8-A06Y 8.03911817532449 9.72170923575985 17.6520145672615 14.5449591956048 14.5153677082381 13.0243101964403 14.2799177777683 16.0226855374769 15.4126497014306 17.8728242364339 17.7557298448163 16.9742144245927 19.0645008935666 15.7280015808098 20.1343750132456
TCGA-BH-A0H3 9.54877429295816 10.3550724957742 16.6680780382293 16.3482201953958 16.1104208290424 10.982400426559 17.4085025276692 16.5680795526142 17.5365795425144 19.6302688077641 17.9444463297509 17.1369030589505 18.1554522553102 16.2307246179168 20.8854298074233
TCGA-AR-A2LJ 12.5353433470812 9.51670243797832 16.5239051931393 16.6872419325067 18.350576841975 13.691150722696 16.5726057601882 14.0140108409649 17.0912762533405 19.2732541161768 18.2930164563181 18.8358924823284 18.1882694581915 15.381362634014 20.8804196980243
TCGA-A8-A06U 10.2219101962767 7.8473537452239 15.3894337932171 14.0507835041062 14.2059870720297 11.1165035645457 14.6240644836733 14.0891257336487 15.8346770098545 18.2662823491878 17.6916671797441 16.8805008016568 18.9186561632513 16.0240368224776 20.9581039335807
TCGA-D8-A1X6 11.3421293890289 5.0557107798469 17.3053236648612 9.8775483430118 13.5974829989708 12.4352417467068 14.6682786235636 13.0517876990248 14.9820921011727 18.3142048106411 18.7680261357404 17.5799828871783 18.301959195815 16.1353790584849 20.6700866150636
TCGA-A7-A6VY 16.1621997467303 9.42072243428543 18.8525348670192 11.5437160050198 13.0697322023181 14.4144065370765 15.2009405192519 12.3985315644287 15.4623200016859 18.2818219447831 17.2435328723051 18.5237747080178 18.8211926570912 15.9594232047201 19.9987179782398
TCGA-E2-A15O 10.5155080455813 13.9791625009879 14.8761613621905 13.0000350525059 14.9434756620308 13.2603036797723 15.1354497096609 13.6362970602879 15.8818977652003 17.8538634599462 18.4338071834729 17.3802658295628 18.2044189955191 15.6158747137315 19.7409939501579
TCGA-A2-A0CY 8.56717653601348 9.57319181577699 14.0770321141167 17.5654703168925 15.6966607863415 14.6647674853099 13.5217873535999 13.1887174707204 15.8967768889105 17.7539009249683 17.5625845080791 18.7288421001883 18.6872846244547 16.0434814930998 20.9845937352628
TCGA-OL-A6VO 10.4616613509041 9.37697859221105 16.6321404508005 13.2192531233192 14.214070569084 11.0947883092696 14.1616269413684 15.3456436942998 15.0122054316133 17.5029172421616 16.9014910574795 16.8928485590779 16.8154654890606 15.0221670806966 20.9304623143099
TCGA-A2-A0CL 8.75005026674974 8.53497832057896 13.2493226355215 14.308560576448 16.2294413552603 10.687980995298 16.5719093785151 14.2117203801077 16.951336832215 19.7983371619185 16.8624939817736 18.7047016569962 18.7816604384034 16.2070543355124 20.6490138333588
TCGA-AR-A0TQ 9.68722998283318 8.17233731307274 15.7705280207056 14.2120996429352 15.8836474490832 11.5760295644221 15.940663078805 13.5928509048622 16.3406404956193 19.0407977046174 17.3938696707535 17.189077133939 19.5688070618119 15.8688607359559 20.6393680035503
TCGA-E2-A573 12.415569242923 10.6044825138941 20.2156323238378 17.2793072148738 16.6434912881405 10.9179771023386 15.1292855837725 13.0696719478412 15.5562985078406 18.4432268124847 17.4539269825157 18.0510633634862 17.938938508076 15.6818948134316 20.7932650791447
TCGA-A2-A0CW 19.0535150472139 7.985317844009 12.6969139426937 13.0895887104504 13.5883627658446 12.7296186943426 14.6292506831475 13.9051781171684 15.2898874227211 18.0255776620082 17.1398768366084 17.5367486163351 18.8936197454892 15.1513211552153 20.0973579292257
TCGA-AC-A3EH 10.5646022966057 7.9263047713163 15.9557909477469 14.9584054326058 16.345754206594 12.8466535932437 15.2990609216098 13.8129987938429 16.8268089043891 17.9451861094823 17.4152215581469 18.2506511620629 18.8748075872635 15.9131188994475 19.7622220279
TCGA-A2-A3XX 16.048893244455 8.75296879836638 16.2352884503961 15.052495320593 15.9393999108028 11.6659593562775 14.2832303785203 13.8694290178015 15.5542558189595 18.0281523732144 17.3849275402235 17.999169979 17.3714584889037 15.1728458598459 20.5447161187265
TCGA-AO-A1KQ 11.0045132085078 11.2453107444573 14.1061009542892 11.8265967937512 14.6800447138097 12.8291641562412 15.3490800556828 13.5664302537464 16.1283900312357 17.9265057468517 16.5634463738192 17.6999521179239 18.0568177099776 16.0100618232622 20.3750215550077
TCGA-BH-A0HN 9.89537959895829 3 16.8085424321149 11.4149922264723 14.005919427377 12.9357688184353 13.8231605666431 15.4553550788885 14.9311244181186 17.1919203811109 17.4362158358674 17.6220814310317 18.1664468993409 14.4698087466589 20.4506761285252
TCGA-AR-A1AR 9.21267356129421 8.45436308300175 20.9613153513131 12.1155590510301 14.230967486169 9.84176942957691 15.8342935138659 13.8863298736518 16.4450672598612 19.1098887963999 18.425875509565 16.8762833289808 17.3902155828774 16.229765198965 21.3301153764817
TCGA-AO-A0JD 9.42863018570522 6.83750476870601 18.2063913564662 14.6178647878745 13.8022961403023 10.0586945664408 14.0626170489487 13.8200841042523 15.2899824686506 17.7163863836841 17.2274771150798 15.8728272095236 17.9175252176947 16.3803105552111 21.0312941321423
TCGA-A7-A0CG 8.87174789249643 11.2601721203101 16.3133678478536 16.2150618286759 15.298106343478 11.9453063926842 17.0559033232902 15.4929441910197 17.4560863125352 19.9928622602904 17.8303744196356 17.0056269515164 17.9363519325166 16.1875730137696 21.0541740025224
TCGA-A2-A0T4 9.7961484989574 12.9963908421897 16.1375583919975 15.9926587462229 17.7234879330135 12.6433535315286 17.23668064578 15.8441384259607 17.0958947633173 19.7104278354546 17.2301564826369 17.3559204582185 18.1658325046167 16.1350144668912 20.7014038616473
TCGA-B6-A400 16.3256633286117 9.09499340245927 18.3047051514752 12.8473468846998 15.1725867932466 15.5264291067331 14.152688115844 14.5880247683709 15.5173977602187 17.8079317505468 15.2489289033795 17.9015590360734 17.9963226657205 15.7074568619303 20.3337896789481
TCGA-E2-A576 9.76598639040308 11.0179440096641 14.6708103249087 14.6911771782425 17.3581704281101 12.9751137062127 15.3252619654717 13.5761537243459 16.2217674228291 17.744432700069 17.9607068532711 18.8887039750235 18.4679415592152 15.0091958387907 20.0368980262468
TCGA-BH-A0WA 16.3370038015376 10.9162026109378 18.7422340634057 14.9809639305112 14.0432321805673 13.5287065383103 15.1312146480772 14.8590632667881 15.9810500792159 18.1716632766312 17.1304389578441 17.341788130943 18.7292096473877 15.9919890263884 20.6970299984215
TCGA-A1-A0SN 7.66871869733081 9.12272919065286 16.0695814970262 14.0885988708512 15.5622976227604 12.2492721946483 15.812092032185 13.4893032464239 16.7432336970987 18.7665730075031 17.451730637664 17.6837804304526 19.4181660711707 16.1737908265974 20.6940996356762
TCGA-A2-A0T3 7.59494689770463 9.39587475665877 13.991301461066 14.9273229369374 15.1620940590973 11.3443973833441 15.6675786511232 15.7275685248866 16.0682782388994 18.5381581634268 15.0439470916533 16.2620520157516 17.1512171042486 15.6417109170986 21.0082414867163
TCGA-BH-A0AZ 10.5178710814303 8.85619879301127 17.16184752775 15.9900383108909 16.3197965113504 12.5264948538676 17.2662420177759 15.0777542032278 18.5541859488225 19.8420245849004 16.6672751004678 17.768082401589 18.4138307935111 16.1654397001108 20.7146584092848
TCGA-A7-A4SE 18.9600522798382 9.09392750933417 17.9769520990311 14.8105721941719 15.6887166144748 15.4234858584983 16.3103131857632 16.9010792678395 16.5346986467615 18.5181880343626 15.8912667071757 17.734133099181 18.2628242964734 15.4742774413507 19.2246259479432
TCGA-AQ-A1H2 8.89536579047784 5.82631485111606 15.6334836754929 10.783546013518 13.8070809807034 12.5089515048917 14.3169212847744 14.0520973404697 15.1278669673975 17.6247584146649 18.9573044391273 18.6271822436758 18.00272702022 15.9240836106128 19.9118883663371
TCGA-A2-A1G6 7.66026505062555 11.8919740893616 18.1160385233185 18.1674612979445 16.2057565368535 12.3278085582302 17.6727736076396 15.2725332499332 18.2964541915186 19.3670397087544 16.7007683344618 16.9799633678929 18.6028057686302 16.0196900458277 20.666130278058
TCGA-A7-A13H 10.3644844805223 9.88173296814231 16.9259143060361 15.7314617191477 16.6524095403119 11.510286171595 15.7638936620456 14.8904969234557 16.6433492969872 18.958357635498 16.8043010344313 18.196592784205 18.0131144111592 15.6926518925397 20.5938258080992
TCGA-B6-A0IP 9.95006408436492 8.78829184949836 16.7195944840104 14.5396319154126 15.3909330918578 10.8032623537324 15.5460195484069 15.810999741539 16.3714832872728 18.4142182564707 18.3564475833331 17.6540884480329 18.4764615244543 15.6055904922355 21.1102482240244
TCGA-A2-A0CZ 11.846252568529 9.28968854250093 16.8881811522798 16.4225691713788 16.8792025709478 12.7803641913414 17.0605057036407 14.7406498606791 17.8942711514538 19.5838271072514 16.496081353742 18.1702004702566 18.524201156576 16.2652834668796 21.0155839311347
TCGA-AR-A2LK 8.49370674164646 10.2184111145464 16.5715534471026 13.3822757228137 14.243943601882 11.6858452997331 15.2068285628385 14.1544390969547 16.2808148952085 18.1998960633704 17.3947989953272 17.2552660018293 17.9678464360302 15.7120572478858 20.4070170256401
TCGA-A8-A06R 8.81269519884387 8.14913600502295 15.3597620706588 14.2876163883223 15.0072897645213 11.7481320485511 15.6675665082229 14.825894030727 17.1151793400059 19.2393048222041 17.4663089234874 17.6807743358718 18.3249895460739 15.6826510935398 20.8330155673195
TCGA-AC-A3YJ 9.2597200584087 6.67913355748646 16.1717809504707 12.448455736179 15.3856287909333 13.0481040415749 14.8105156854194 15.4535107818781 15.2966951823579 17.8259351772626 16.8830867842482 17.9611528115096 17.5280248090739 15.0269601486019 20.3547025114499
TCGA-5T-A9QA 3 8.5960227728341 15.905881932822 11.2328175519422 15.4970684897466 11.0788235579195 12.5514929665767 15.12682456667 14.3366193096509 17.4334343306701 16.0700429950049 17.5133411384635 17.9227512216387 15.4526209433982 20.1796652391282
TCGA-A2-A0CM 11.4109965967548 8.60578142651472 18.404015944207 12.1259198484237 14.4808380858066 12.0455325622454 14.9728903415484 14.9015081712073 15.7609491847329 18.6209443374254 16.390347302827 16.8612099906033 17.9693147164478 16.3533563621457 21.0365961433625
TCGA-A2-A0D2 15.8128565866408 7.77793259883813 17.8042812217751 14.0302386809072 15.6591746813554 11.2663984112295 15.0110443649962 13.57822067394 16.160301208066 18.8317349593489 17.2687407746326 16.9371963136754 18.4059594634084 15.4568693174659 20.4822226370925
TCGA-A2-A4RW 10.0615589015772 11.2833454144115 14.4138844243214 16.7131436147071 16.1552686917913 12.5631434415878 16.2499886303964 16.9964560538891 17.2396318893777 18.7598950044722 18.5518337518287 18.3472949984463 18.7390280677636 16.0847759189524 20.0310787757377
TCGA-A8-A095 9.99001330891886 8.18784787328422 18.1846608255325 14.1983169471917 15.3176885883869 11.4667474965444 15.6644865075362 15.5433318476744 16.2277469235575 18.7776985280521 18.2090314886235 16.6031567058078 17.9767644082922 16.0312467729966 21.0825422441289
TCGA-A8-A09R 10.0018659898906 7.38254383123335 16.2909809730699 13.2197649988753 13.8105806810473 10.0525597179529 14.8129195908068 14.8258857462558 16.4121082572861 18.4347559276434 17.3343952454038 17.2585554880175 18.1472131080131 15.6174131384376 20.3369924372887
TCGA-A2-A1FX 9.59535134616858 9.18446073599639 16.8357048401408 14.9899223644325 15.7928262628567 11.5986393109986 16.3707007287326 14.6950939213575 17.3360243629353 18.6299054418066 16.5636660603019 17.1467962211019 18.1380449448196 15.6352650170006 20.4388407616114
TCGA-A2-A0T6 8.52585403937928 9.87205804973563 17.6985127027585 14.105613903289 15.5755983956282 12.3024556254692 16.5941736072557 15.8043612329236 17.4407890783795 19.1980771449415 17.6814848272878 17.5278784716115 18.6091632031134 16.1500268943096 21.0883873810819
TCGA-E2-A15F 10.29717955102 10.9653574445458 17.1129500933623 15.0698518861799 12.9652432244936 11.6058051020729 15.0569709922122 13.8079294516458 16.2952097787497 17.8816216970035 17.2189278033138 16.9222144547524 17.5049549330189 16.092921358559 20.7822717530171
TCGA-A7-A3IZ 7.74070676871679 11.8173660043292 15.2332944910264 13.1963431706125 15.2456367265234 10.3307485103156 15.1176554246839 14.5932505081143 15.5215089607417 17.9985467345913 15.4963660340847 16.5970678436331 16.9935359313043 15.5212714754162 20.4772643351322
TCGA-BH-A1EU 3 9.86474322606407 16.5597488757262 16.1658845301402 15.9279289273431 10.0904226212705 16.9169095204345 15.5318104699989 17.1372705886246 20.0063918054836 17.3355971287002 16.9277762589833 17.6732405832892 16.5173333344913 21.1295267795526
TCGA-AN-A04A 10.0691501776495 7.69913527113838 15.8639879076729 15.1902960638023 15.1960077072992 12.0756023188686 15.7751044763479 15.5746771554324 17.303172886082 18.7772962546568 17.0464541578975 17.0669593402417 18.3942005325681 16.1916768768959 20.7930885976749
TCGA-A7-A0CD 9.05322582112102 9.6884181793878 15.3085270696026 13.8227157394119 15.3219926679228 9.68150708820869 15.2592457012628 14.8870450636073 16.1613065965987 18.4821625411876 16.8282006831042 16.9839029514794 18.4017722281293 16.2229449415657 20.9225335553143
TCGA-E2-A156 8.85467886901826 7.78875215008366 15.9348554666017 10.8487782349844 14.1725531772559 12.6373154878399 13.8926750963277 15.4127382134106 15.2422606373445 17.9252200453919 17.279483443164 16.9034905118499 17.1394918020694 16.1582818484794 20.7481857148384
TCGA-A2-A0D4 8.91699371120425 7.84989376109148 13.5470340795033 11.9758755449377 15.8124406753571 9.54450356084271 15.6118224085721 14.2982250711657 16.0976079785904 18.9463025289266 17.2240165889262 17.9783577253917 18.8241244282425 14.8990390875391 21.4019658688575
TCGA-A2-A04R 10.3905298967374 9.30631336688197 14.7112907916401 14.4039769906179 15.0845323382738 10.7615831291235 15.1035831575566 15.1859777095341 16.3800370809464 18.0415862117274 16.4515310586494 16.496980230244 18.3665854541135 16.2672855278539 20.9031466418131
TCGA-AO-A0J4 15.2469260275613 10.7020521875868 20.6907180639383 15.6708954600421 14.3693981261158 11.8634101755046 14.9258035919347 14.3314865802632 15.623350961822 18.6751620073791 16.6545127094066 17.4335300896979 17.5480706141224 15.5138808957139 20.3052599587437
TCGA-A7-A6VW 15.6205280300996 9.35818774782512 20.1566874544006 17.0664027261043 14.7915928041886 15.2245870790972 13.7606847252473 12.3081588035848 14.7454323109841 17.5590411128707 17.5935735341127 19.1361633140762 17.6449880926614 14.6678771731417 20.1574895743072
TCGA-E2-A14Z 8.10456937837469 8.58344554805759 15.1065163769032 15.3527216271475 16.2550609996258 12.8695318368128 16.4299145667698 14.4575397307263 16.4637291498541 19.2245173158791 16.757990738993 18.1068578913448 18.6072760059667 15.4191535605522 20.6545729460186
TCGA-A7-A5ZX 8.891041772552 9.01742295064257 16.1138471787218 17.8270827368808 17.1326271539867 11.9648936756153 17.0590007802871 15.5143235094289 17.8809772985291 18.3081623576949 17.0506450496883 17.9108657558565 18.5445632239694 15.8142712379566 20.5365553423624
TCGA-3C-AALI 10.3510118140226 3 12.4393844366809 13.940820799568 15.6802502126675 9.98959319959788 14.7519713397689 15.3622624290158 16.0227330551726 18.3005896952899 17.2576825074076 17.9870626892884 18.9247017605153 15.4418370105631 20.0520689140461
TCGA-AC-A2B8 10.3438372374268 9.70940831919876 17.2646109192979 14.5157763708503 16.3999264709974 12.3268619605548 16.7012396733261 15.7924338050571 17.0762014723923 19.8540199441463 17.5019488258547 17.6203366596692 17.9425250702824 16.1142122831918 20.7500332865329
TCGA-A1-A0SB 10.3640177794972 13.0211291177357 17.2347368838333 14.2618823520517 14.0656759446971 12.5781325632956 15.5368399599318 16.4084476689222 19.5963369327646 16.9698602213115 17.4713398226859 16.4248587641118 18.5014248884362 15.6326652361683 20.3344873308805
TCGA-E9-A229 10.1194741668532 7.8438630630891 17.7939948792095 14.7172099166172 14.1107316220845 10.2690662918621 15.8656692349357 14.1556404907621 17.2896869830101 18.5701259664045 17.5106192002783 17.1798838249272 18.1281834608328 15.993815102123 20.6387734817562
TCGA-D8-A1JC 10.7455859978695 11.6584680704081 14.8006213392103 14.9523280821455 14.0576755124562 10.6047192028839 15.7575426010754 14.1770585915725 16.8332739437576 18.4670904544958 17.3432200555317 17.564350253416 18.4659413756452 15.9805991169393 20.3092989546034
TCGA-A2-A0D1 10.9908797134868 3 12.1500104298891 14.9612545341477 14.4082966454452 11.1409384382466 14.0446462556897 15.2328127417339 16.0766408294465 18.3865854482285 18.0264328127913 17.7773052414218 19.7408456500009 14.5324910103502 21.1815629001053
TCGA-AC-A2QJ 10.6839889117581 7.08563227201434 17.1568562904637 13.0337018534128 20.5403733775078 16.1460532950707 16.8780917477698 11.4529921408628 19.1306890122918 19.3151978625056 15.8597303170067 20.2001257023171 19.0374117947349 15.5401290353245 20.767576785525
TCGA-A2-A0CK 8.90579844406 9.22208760202942 17.294676434241 16.0313061381676 17.6205925566001 12.5195472620937 16.4521200304152 16.2777334737568 16.9207381066746 19.4119678341746 16.6719236977714 18.0611154441955 17.9917527915857 15.5237990210522 20.8628372344352
TCGA-AQ-A7U7 7.8549495354966 9.39054072380055 17.7024812079304 15.9772417624456 16.945014462668 11.0307527205986 16.9141534929479 15.6683518557071 17.417525328726 19.7785524400523 16.7851576813123 18.5540734234307 18.3408052328639 16.0269170243383 20.5523388505622
TCGA-D8-A1XU 9.69648937915838 8.7953594834109 18.1715513844188 14.321656462646 14.5958390119967 13.042394435642 15.7887287773463 14.0571381757809 16.7479120223242 18.4304690931834 17.6227099572119 16.5333135271011 18.6564919616005 16.301960909561 20.6971112238153
TCGA-D8-A1X8 9.19471056761842 11.0862582240626 16.7524629876168 16.0002849888009 15.755253210951 12.036069881689 16.825837839491 15.6381801208223 17.0410866623668 19.6638385668049 18.5245629197115 17.4578156897324 18.1629166176186 16.475693549036 20.5064103147458
TCGA-A2-A0SY 8.74589478334552 8.39644913066643 16.5374126303315 15.5020565780667 16.9560641892753 10.683767286333 16.728899701649 14.7817576182153 17.0887775153084 19.7783579804916 17.9427372851723 17.7036640365461 18.180386654363 16.5852998378935 21.2000484868405
TCGA-BH-A42V 9.73708339085777 9.26510913487131 16.0169716101327 16.8444968907715 18.5584176128694 12.361737864035 17.275893818275 14.9037205356195 17.3565358138686 19.9157836820306 16.8736441265797 18.1978780926823 18.3614150136971 15.6859431389096 20.3704909379943
TCGA-A8-A08R 9.82439443811154 6.91008628755422 15.6439562307911 13.5291680249681 13.5771837461943 11.451782126636 15.1809662141214 14.1237697527562 15.9760222909632 19.1351082773513 16.3614973640895 16.8383730695872 17.7536029281373 16.1318622599678 20.7725757511791
TCGA-A1-A0SH 11.1294828423952 8.8491780963891 18.3159075119833 15.7276168054055 14.6874874094718 11.442594304603 16.3449115318557 15.6845432189362 17.9988805977326 18.3513114954964 17.3415147695558 17.3824422961394 18.5055425925552 16.385146783491 20.7746164348495
TCGA-AC-A2QI 9.18745879462319 9.67276061499138 16.3056001075608 15.010122276863 17.4423024741871 11.2234467638376 16.1796302536472 15.6493223200456 17.4495723747228 19.2976438481711 18.2670979786934 18.2331379567965 18.65203808766 16.0707717576901 21.0716994852935
TCGA-AC-A2FM 9.21826816431799 10.2662264103943 14.2261323621518 13.1694002319408 15.5740830875185 11.0626063715963 15.2593294543053 14.4275022672099 16.3166148431979 18.5321953487434 15.6585140702378 17.240594935416 18.8179633985161 15.2789103672344 20.1464236038414
TCGA-AQ-A0Y5 11.8209550731118 9.46019411811099 15.0904899170578 15.0050494276828 14.0552275330035 11.5401522685048 16.4932496134609 14.4300893869757 17.7272968975515 19.1744761143393 17.9430522168747 16.8852886659099 18.8808585134845 16.4461535264634 20.8915820146062
TCGA-BH-A1EV 9.87796448217544 8.03867301272023 17.2838052831336 12.2435745938961 15.0260134478716 10.8299764653119 14.8899383079961 15.3481504266281 17.0886011081898 18.222291956087 16.6125677338553 17.5942610934564 18.379617028479 16.5533944975099 20.3794367337195
TCGA-AC-A2FK 7.99697292973828 10.6715812153744 18.0735622510772 17.7557281133062 17.0577623419813 12.0492767203523 17.4509273833244 14.6234461687802 17.3689658756557 19.4719646713236 17.4465257545732 17.296453422148 18.5801215279868 15.8400463605908 20.5761131367074
TCGA-A8-A07B 3 12.1473060963957 16.6378527082904 10.7383737311215 13.1326984993404 12.7486686945708 14.7483621999113 15.821654710241 16.1663558857956 18.2817918528074 18.1810379253063 16.0828862160149 18.4210958445503 16.4722537136451 21.5276891535585
TCGA-B6-A40B 11.5202066450543 10.1883331874715 17.466891887789 12.6747499350847 16.1788287175377 13.0017244770778 14.9762265720117 15.8338802840659 16.5878570339975 17.7435672732024 17.0725983413435 17.087412076779 18.9348772874078 16.0378054020764 20.1440068308456
TCGA-AC-A2FB 3 9.68491714019215 16.3350233726594 16.4845220922419 16.3492506871752 11.9886184782061 17.0258029111135 14.8065418303746 17.2104674278293 20.3315836482725 17.4206094791787 17.8749326777871 18.16562180491 16.0828257465809 21.2493708964512
TCGA-A2-A0CP 11.6503220623225 9.56807392238323 17.2212909221695 16.505317530582 17.4387514416178 12.4547572748854 16.9329530894353 14.4383536309836 17.6867690038105 19.3629598763262 18.3091815216392 17.580069650188 18.7627643407559 15.7069643178277 20.8309661736169
TCGA-BH-A0BG 15.9759221697261 7.87518211589074 21.3588402165928 14.7213439589591 14.1617923659924 11.7284835377224 14.3077804261224 15.3377273709349 15.4410268557031 18.1482031654269 16.3920543416697 17.3662374177371 17.6041105300464 16.0473066567313 20.6212223769354
TCGA-BH-A18K 16.4231275206678 10.1276658010858 17.3082462697613 14.2096022178803 15.6423356939902 12.1546869685574 16.1993197297734 14.7016480654105 17.2651320840472 18.9103617697193 18.4977236813339 17.4240761275275 18.5823895179068 15.8159199768661 20.7351320179976
TCGA-A2-A0SX 15.05509276914 11.2663744450199 20.9751441991413 14.4787858222301 15.1142296467344 13.0266044435403 15.5007174643277 13.9802800512656 16.148702679379 18.8693331914196 17.0778165189072 17.7748141788942 17.8064109377951 16.0894332702147 20.7478760965109
TCGA-A8-A07F 8.93341275437571 10.0490002174775 16.2358717841535 13.8439376504381 13.9968759203303 10.7746542225607 15.4687838695813 15.6403714371529 16.4521240893938 18.3335471572514 17.3846750354199 16.8843202349133 18.2385187923465 15.7983829139478 20.3453370608116
TCGA-BH-A1F2 9.0597056232581 10.8677026864284 17.0907930318925 13.572409727303 14.88742992488 11.9987126445803 16.5567799256865 15.7862200398651 17.209905722562 19.4429569519216 17.5770241575473 16.1218302295356 18.465776038925 16.6241182443242 20.6113404906796
TCGA-E2-A1BC 9.89665275057643 10.1228710712012 16.2064832237019 14.0449943635525 15.9604270604076 11.1107325993761 16.0330250994333 15.8936355056969 17.1401923387573 19.3673687535855 18.9892523003019 16.3745252843968 18.6434695743528 16.0412595433191 21.1275953465763
TCGA-LL-A440 10.3688087248595 9.28473917702677 16.0835766988079 18.2343443636389 18.6359178706111 12.9450984129382 16.9275828173565 15.1451093897877 17.6801009929416 19.8939470012791 16.5121355282508 18.2168477838645 18.9666158215966 16.2636315571206 20.2198401409702
TCGA-BH-A0W7 11.4985674645207 7.86601186434877 17.051673610012 15.8245147800585 15.6514040400299 11.8706718741359 15.9140806992841 14.5040222061568 17.1248402900866 18.9704321124303 18.0213273904647 17.969062536126 18.2312723498168 15.8811461994956 20.9701015200306
TCGA-A7-A3RF 8.69647429491604 6.16057837646518 12.8805478189343 12.1802732316987 16.1257250484881 12.0076752098074 14.073473507448 16.8085903703966 16.0398811157824 18.4682659345383 16.1892678541033 17.9838353293755 17.6428641235186 15.0926597769154 20.4403299145371
TCGA-AN-A0FK 8.86622344722035 3 14.8329935746701 12.8428858575101 14.7810199281719 12.8711832599024 14.8785109395143 16.0118027981808 16.3390850386988 18.366034289347 16.0034933160962 17.3526479279702 17.2997992830174 16.3535853903019 20.2554897881324
TCGA-AC-A2FE 10.520967121197 11.1790259996459 15.1767269482657 16.4053458214841 16.6487168255347 12.2389911239298 15.9775832712459 15.4821216743008 16.9202033247571 19.1128883841118 16.6372180618235 17.8188655118431 18.303142964558 16.3556585661339 20.3328884108372
TCGA-GM-A2DD 12.0736745774777 8.11248251788665 21.8422948340499 16.2200635588209 17.1832420259588 12.3872704121615 16.2594805624061 14.1572000774431 17.3723345816402 19.5819269928712 17.0304394699116 18.1373404262626 18.8572138756661 15.4221570880253 20.9262461507418
TCGA-D8-A1XD 11.6046655368255 7.71502230662023 16.0315091778211 14.4020560093624 13.751544829119 10.2465346108467 15.0787119317467 13.5739542190526 17.0107708493138 17.4452838777802 17.8129991720597 16.1896810696453 18.2002841780676 15.5206817199958 20.9312210680092
TCGA-AN-A0FZ 16.0547357091715 8.28698906752621 14.5757873568382 15.411183981876 15.2431387469311 11.6749546252226 15.3048563127579 14.4025622529753 16.6091573563232 18.8138969113786 16.9430404556586 17.085598138066 17.7723896395537 17.7954454896867 21.3695652651918
TCGA-A2-A04P 11.9934478142711 10.9027169418933 18.6125755589485 14.0889157548285 16.7222624944331 14.4813161696681 15.8818058075399 14.9693382861454 16.7188343414385 18.7380678467542 18.0403697108503 18.2430505968033 17.3799632150894 15.0682824838535 20.5002528609718
TCGA-AN-A0XT 10.3649980282053 12.1261588309474 15.439563877064 14.7678039408614 16.5686080201971 11.8434087885835 17.078453658377 16.2982011072797 16.800814989001 19.6452908092604 17.9045727691785 17.2125246237693 17.7897529288587 15.7167370729498 20.3555054741721
TCGA-A8-A0A1 9.26046926738728 8.75943209439319 16.526630981689 12.5987573905336 14.8917333017345 12.3392354992968 15.9120794395607 13.8434951377579 16.3532899941732 19.105782114236 18.6822075374701 17.4002356266015 18.4616147061276 16.3940981386829 20.669089679147
TCGA-A8-A084 3 7.57392388148424 15.0937849990918 12.8177026792684 12.4764738286134 11.8301639266259 14.3469922754952 16.2044131304489 16.4327704411641 17.3006563250382 18.3028660854479 16.9250023690094 18.607033673456 16.3140778253927 20.8060145585917
TCGA-A8-A0AB 9.5660059511373 8.39199696903692 16.0952148004612 13.9389524087887 13.4886493066813 13.1514892090904 14.5724821917233 15.8624070327557 15.9415375920421 17.5869157605084 17.1372822817731 16.4362958750096 18.1401730867799 16.4334704918454 20.8843368863517
TCGA-AR-A1AM 7.72894959768501 10.0499167113293 16.6253646718235 16.339711397947 16.7601580323194 11.3140828665321 16.3656299420304 15.1813954995447 17.148139300168 18.5782950150595 17.779239969654 18.0347895862324 18.5385887729815 15.8681830634003 21.0843145493204
TCGA-BH-A0B4 3 10.6007737974902 16.0802656010251 14.7820357056203 16.8827524541682 10.9142646399467 16.9788928731624 14.7711733340739 17.303512193374 19.7614826009052 16.8493999470852 17.686868454446 19.2662569150603 15.9519908623864 20.502324383723
TCGA-A8-A09I 8.91491824487751 7.59480722588305 15.0209569348859 12.238369837996 12.6135589400429 11.4379110396185 14.3131624392745 13.924885146565 15.6025249400857 19.1754438578724 16.7881999283745 16.231325897048 19.0596511041969 16.0400279474611 20.6503376113562
TCGA-A7-A5ZW 10.8352091416318 10.0539596821092 16.509121305909 15.9068123777554 17.0796232125956 11.9823541556089 16.8556696031475 14.9260311247654 17.6383454277455 19.0211208149278 17.4796738087125 17.5218539017288 18.1028323231099 16.2687761875538 20.9002769279696
TCGA-E9-A1R4 12.7432501179377 7.79371166405647 18.5433452147746 13.6632384793417 14.44811874184 12.7942769498332 16.1331102552053 13.5416686207275 15.9712267568933 18.6944200481314 16.991772271179 18.0975644533843 18.9173791409125 15.7973441561117 20.6964811770215
TCGA-A8-A085 7.20902181342398 8.19042574839989 13.7691314773984 12.8036690283266 15.7843124030357 11.5760149723733 14.3275512134898 15.0951229906177 16.5196056554771 20.5887748818917 16.63693994247 17.2332038499463 17.7475532590509 15.9775523335859 20.8677981377553
TCGA-B6-A0RN 9.99067269215498 7.67972869769385 16.8703965469095 13.4051380496717 15.6759312385876 11.6190056685127 15.3018227455084 16.486032195455 16.969546558501 17.717299743836 18.1450536753629 17.6020009483524 17.6716024878859 16.4387114666345 21.3555010680577
TCGA-AC-A2FG 8.26207377850875 9.60437679901686 17.9091473485803 16.5395533680767 16.731391172725 12.6691559709654 16.7647605071681 16.0381148849658 17.0616307398835 19.4955934316731 17.1124497125585 17.2099636086922 18.0972680389985 15.7684456829811 20.6108504593697
TCGA-A8-A06O 9.6206912818387 8.42056936617686 14.1092700796259 14.7158881137199 14.7765842372055 11.8301395421537 15.2951706634982 12.9642763767942 16.6160192213571 18.4852349212286 18.7108312709668 16.6457985122138 18.6207515353484 15.6353581700183 20.9182828259477
TCGA-BH-A0BZ 7.5917192607766 6.56411420076537 13.9160224776778 13.9069098665136 15.2483458774548 11.171671660535 16.2032043981831 14.0465989810792 17.1058290280977 19.1705787466972 17.3167509943657 18.2851266210073 18.7478392290097 15.7424029943477 21.1780492829662
TCGA-AO-A0J9 10.9122976495227 10.8773998094892 16.1263107796804 15.6337454111116 18.4281388119964 13.1285961500187 17.9188373779941 14.9480354363639 17.4790794816905 20.3707439815843 17.376436612101 18.3485988744425 18.9908799503461 16.1801198214612 20.4514585287455
TCGA-D8-A27P 9.42863018570522 9.41287993528875 17.5818354706242 16.0701578906458 14.7843387084291 11.2748898647021 15.409729810671 15.7428750823631 16.8306063239502 17.8401220169899 18.4628139550202 16.9638730365306 18.068150526144 15.6414632247563 20.8042412513256
TCGA-A8-A07J 11.4602216995803 8.08344337767329 17.9827957301238 13.9478738179779 16.9637159606083 11.3596007719737 16.7763602768241 15.0386718279643 17.1226339712822 19.7752658243221 17.2089011799151 17.5664919816489 18.2886485357561 16.0318628122937 21.1385063283128
TCGA-A8-A07I 10.906742804603 7.08692138754382 15.7602706553765 13.7510334616378 13.5905028938636 11.3188988607234 15.429029774324 17.2410111990194 16.4095739465744 18.7765543083555 18.2685317590163 16.7489860302434 19.7570934715207 15.5906827366041 21.3905285714242
TCGA-A8-A08B 3 3 16.216734453322 11.6355339248794 13.010028965832 13.6708959360745 12.6914696102172 14.6283334492804 15.256359466573 17.2084627912577 18.6453809666465 16.7416744236158 17.497302991439 15.7846919019881 21.0301080140617
TCGA-E9-A247 9.75165573543665 12.1493095112599 14.9041280140674 14.1923706344097 14.0740408915504 12.3025388191962 14.6518460081954 14.9028123531811 16.2100728582809 17.7702213195623 17.347845041923 16.6735666287692 17.9432279026777 16.1058635561051 20.5391494966266
TCGA-BH-A1FJ 9.34601636734666 9.1294577405536 16.5014555259364 11.4920018350042 14.3435501140642 11.7748715874312 14.875464162668 16.9581561505414 15.5900354768771 18.0978221234179 16.9681526402148 16.739467689652 17.4060484336382 16.2344887333239 20.9259111172673
TCGA-A7-A4SD 11.5278611924416 5.75450916658446 20.2795452333642 14.4305311902736 13.4133719486952 11.8412160207073 15.0092940704331 13.1901805242976 15.7163618205014 17.9688926781504 17.8819280049491 17.7890205934406 18.3982425461161 15.7237019066283 20.2516167041448
TCGA-A2-A0CU 10.6061533726111 10.4064050364214 15.1640047741315 14.5210493535022 15.4008263787592 11.8898988581523 16.0626988416275 13.9415422219116 16.4707916474284 19.0161377190518 16.4816451421409 18.0305716598653 18.5299928576241 15.7676389728719 21.711512701152
TCGA-BH-A0B8 10.1618536219548 9.48899389961748 17.8811544163646 13.5967015420739 14.7799540113285 11.960614909961 15.3559293338339 16.1485061860026 17.3861907931889 18.3915713682223 17.6007138506153 17.0619572981112 17.9838330782586 16.2157955168859 20.4000173249173
TCGA-AR-A2LR 13.3816157126177 12.3747431445682 16.7391825187915 14.1332861567171 14.9989189745414 14.9389467581794 14.9586547797489 15.5320364154352 16.9922265537906 18.7265642412026 15.8031438615259 16.7519748041827 17.7721646669019 17.1227910369594 20.0045911516084
TCGA-BH-A0HI 7.82483622464769 10.9329168173866 17.1901747203262 13.720955715968 16.1155728949918 11.871575114142 16.0125115773872 15.7903421432512 16.8996306843988 18.9695335088231 18.3325467668908 17.3319501666223 17.967216353684 16.1150657919377 21.0063001312627
TCGA-AN-A0FW 9.87003823131265 9.95595269406647 14.2817143897247 15.8836430735244 16.5364546297325 12.6330212206829 16.2380599150931 13.5673221223921 16.3541847268233 19.3697382581453 17.4599870564476 16.9726908117554 18.8018311176806 15.8846352212183 21.2568353494039
TCGA-AC-A23C 7.47353835232596 8.84104394427321 16.1122070054903 14.0563351000465 13.6858264452385 10.3737932416116 15.8054622924561 14.9189177798129 16.5878764920293 18.8757830937899 18.3020212622 16.8207371562758 18.521140945344 16.0511363240183 21.1302685937492
TCGA-B6-A0RI 10.600996176005 3 17.8311434555718 13.0484579887602 13.7947374763845 10.2391747949277 15.2070515873538 14.6273385774753 16.7687536015735 17.9864839474466 18.2172576794019 17.2806144664424 18.7619522585585 15.7503501887676 21.1753357639012
TCGA-E2-A152 8.93668021017238 7.86921983198039 17.7185668608965 13.8540430826309 15.1086547245928 12.1365083570332 15.2088224378403 15.5885312069084 17.1055290913162 18.6410441217361 17.8722937079719 17.8792443618712 19.1833090251844 16.3187971247397 21.2027362195726
TCGA-A2-A3XV 11.4187144481792 6.6826368622073 18.3584228077331 12.9274046737836 18.0174615612485 15.202849432176 14.5620036184745 11.9399864982678 16.3226633827389 18.0696336815582 17.0771341344694 18.6143594259375 18.5423707297947 14.8014751927271 20.646075199828
TCGA-B6-A0RO 7.60512622277354 8.79873768121191 16.9547419910509 15.5513577724425 15.9359375546059 12.8260903391695 15.6008728952187 13.4290642674314 16.2274003279579 18.4013857848561 17.685406286785 17.8140074689232 19.3217983242809 16.8929573608693 21.2864190097434
TCGA-A8-A06T 9.31753649662174 11.4699966554624 13.8906617271956 13.8850963881415 13.7963484026774 11.1105357118876 15.2536389423195 14.2868370428464 15.777980382965 17.9099518695365 18.5750842861861 16.9261493268524 18.1811167787644 16.5204972507931 20.5347218746433
TCGA-AO-A0JB 10.7370766228544 9.07298812957989 15.8455514269088 16.5942482581836 18.5868483101953 15.4110055577733 17.4990158822613 14.2803994527474 17.9353912256742 19.3744111605162 17.6078075787344 18.7629252284008 18.3565587107295 15.3104944472504 20.8853270211519
TCGA-A2-A25D 3 8.19931255070311 15.8136839385114 15.0805310090184 16.8854915587758 10.8028539843165 16.3615076364588 15.0200542257209 16.624882202915 19.8120968030303 17.5337218182136 17.7804615952565 18.7386228790972 15.6576395022777 21.122346288918
TCGA-A8-A07P 10.0540955286115 12.9626786098661 16.2850828076574 14.3154751016942 14.8506552957767 10.9481341928156 14.771358001247 14.4512152633295 16.1499814617324 18.1554529353774 18.3123164916721 16.2552568854491 18.3436517346964 16.7451553961646 21.2918695912125
TCGA-A1-A0SK 12.6735404478481 12.5308759349505 18.0838527930465 17.638051963657 13.9730685634051 12.5024561400593 14.3385970802517 15.0387722993437 18.6931307179832 16.8423560170037 16.6571790240743 16.2386882098911 18.1363291059393 14.9839378145746 20.5251751590654
TCGA-A7-A3J0 8.90803032398971 10.7142873349069 18.3155425833418 11.6977642943183 15.1930618643758 12.3294491403935 14.0168721889755 14.7656493868928 14.9083398151891 17.7490718276705 16.2762118243187 16.9981965790123 17.2415482309368 15.2442823058064 19.9625480969179
TCGA-A2-A04N 10.6291462071282 9.0641984707786 15.9972819437019 14.6680087722591 15.5699023620688 12.1535085999646 16.1262919657434 14.8957662488875 17.030494789259 18.2203450505088 18.7604137224754 17.4001114663572 17.9142069144916 15.5416803001568 20.7746833856032
TCGA-A1-A0SE 10.7989642288953 9.54415038452801 15.7887739247494 16.111419356213 15.8816124204758 11.4327006334788 16.504115408694 15.0692398666196 17.1467905284105 18.8868908039398 16.7578472031619 17.172246817406 17.7909776745898 15.9668978610379 21.1595155918924
TCGA-A2-A3XW 10.4044631483615 8.33809731619889 19.9004824020264 14.9328298763831 19.3352731544741 13.8401124744175 16.3120609789333 13.8423933135459 17.162071039131 19.2588450619945 14.8686067680562 19.018829480183 18.8252586177594 14.9741274470511 20.2595095255842
TCGA-A2-A0CO 10.1809697076371 8.02259907873191 16.057554704208 16.3677058405148 19.2464927933231 12.2947665887392 17.3354292123977 16.185554606849 17.4072722124701 20.6174308794234 17.3301458354357 18.6444630720947 18.8684517092271 16.0638082372507 20.4369869200779
TCGA-BH-A8FY 10.0194906408642 8.36486796387159 15.0971196653083 13.6522513048387 16.598769687108 13.1481479411038 15.3604949080487 14.8640439781743 15.6301982352968 18.6733134030398 17.8557602604119 18.7756717536066 17.9129517349311 15.003628422774 20.499687801185
TCGA-AC-A2FF 9.13121113090261 11.4654139503732 17.363707997527 16.991559591869 17.3978039010527 11.971797067931 17.9862797742651 15.5209888239152 17.899670019278 20.5083033819089 17.8289486236553 17.239579643769 18.671435748196 16.0186728091018 21.0780085602947
TCGA-3C-AALK 8.98463006411673 7.66280119872178 16.7135528131588 14.8223206664651 16.8417677758077 12.9211295025854 16.052417587619 14.394364512556 17.1400301072283 18.7729244272269 18.2888648438364 18.1942053821417 18.5526300335423 15.5472252386729 20.9222994710881
TCGA-A7-A0CJ 8.86664762820648 7.54777441364946 13.6258347638791 11.7785392034393 12.841032039672 10.8061446724652 13.5640107853185 13.1825478370774 15.638686335994 17.9755987342531 18.5158095117545 17.6689733015361 18.3479830295706 15.412566898496 20.2225794182063
TCGA-A2-A0T5 10.3903912496179 9.77499291808211 17.1441807573107 16.5752440126226 15.3411141420015 12.434937852414 16.2648515472837 15.4620577238395 17.2989946326534 18.2931918577381 17.1877174099317 17.331434431197 18.3151895320442 15.897502559806 20.5060977878885
TCGA-AR-A0TT 7.98202060748547 6.40028561816478 14.1743727545915 12.9628799838344 14.7313146641132 11.5754678776069 15.2449113821197 14.6387361776838 16.2576234108541 19.5376117104519 17.2935790939553 18.2119478522988 17.9684158960193 16.2113659928162 21.0481481067633
TCGA-BH-A209 9.03290213058784 9.76020543599736 14.1653775129245 12.1417083628965 13.2418136590896 10.0725420494524 15.0065218125837 13.9797232425677 16.0267591560188 19.2930209177245 18.0506319087027 17.1121644298575 18.2748821286035 16.0173848126148 20.950214755003
TCGA-AC-A8OR 9.33214790265223 8.2583832882258 16.4683076800169 12.1661206321828 16.1029478014479 12.411728704414 12.9879904622448 15.1585865087003 14.5489910837323 17.6874653237548 15.7506002135127 16.6153146658209 17.4542176895165 15.88413513072 20.3602680799908
TCGA-A2-A04U 10.7156042977506 9.62943164305087 16.946930954704 12.3495185290486 15.7868488754736 11.6114999779396 15.0089599703951 14.7947041632284 15.672444997842 17.6912290085066 16.5834106231725 16.8558153563119 18.4337836558441 15.8650973826893 20.429633172204
TCGA-A2-A3KD 9.82417098876508 9.35188720118346 14.9029035030994 15.2130492358734 16.3190298286077 10.938749220296 16.1485162297671 14.8510080327524 16.3727089415666 18.8068402056209 17.04645694997 17.4785854188295 18.6526809323234 15.6009464706539 20.4155673131242
TCGA-A2-A0ST 11.4420782836902 11.8572941963518 18.9354489832659 15.3085197789263 17.3848923940074 12.6163796394551 16.5820589809911 14.1482576685579 16.1101120733147 19.7550443431557 17.0265949378103 18.3963769200908 18.0853210177883 16.1279647831913 20.7378222215691
TCGA-BH-A1FU 10.8237344228593 10.0965637793261 18.5230378993561 16.1405912865228 16.3547858093641 12.1080937570709 17.0437101129435 15.2602520563119 17.4439482983482 19.5721091952854 18.0447223182942 17.7598778717622 18.0755231507389 15.949907173459 21.0791143108402
TCGA-A7-A26H 8.82006099020901 9.54595514661882 17.4559941256264 14.7729190967538 14.2802320401029 11.5496760716131 15.5038206024841 14.5964222325008 16.7989789777152 18.6602341905581 17.1903274361552 17.2877299935581 17.8215526064295 15.999041996017 20.6096808630028
TCGA-AC-A2BK 18.5211645450546 3 13.9422865065032 12.6902575475592 12.0654813783372 14.1446649437413 15.0522620696841 15.6781721139528 13.6679586293622 16.3843045242769 14.6625159974225 17.4565225110629 18.3923971523165 16.202322310564 20.5411072395563
TCGA-BH-A0B0 9.56058636608993 9.00444623028325 17.3388306697794 15.2773060102605 17.6567410954958 12.1837515005395 16.9049523927796 14.8909805932684 17.1528523199978 20.0110430990138 19.2563379060081 17.6869774832072 17.9757274554669 16.2426624579286 21.0151878642826
TCGA-A7-A6VX 9.49181454646414 6.89703537043925 16.9088151230451 13.4724087061708 14.4352849933801 11.989053484646 14.7463569233989 14.5734400527711 16.8535912205468 17.6535279889828 17.7841639412357 17.1427384974926 18.3509087438449 16.2509125563348 20.554544114666
TCGA-AO-A03L 7.69861512329572 7.60840948922739 14.9769396709182 15.9071123622495 15.3872117795924 11.0906633844147 16.0688393201738 15.3398104286241 16.9141418884623 18.6028292306889 16.7551127584688 17.4400988235872 19.0983739816933 15.9362409772338 20.73497538075
TCGA-A8-A07S 9.69416884373784 8.61595134895377 17.1172347070449 12.3957281704524 14.2248035453404 12.1261555999401 14.2982550619822 15.2299896979818 16.0079287727171 18.315178199834 17.6815999156984 17.4050052039185 17.9186892549006 16.0578415767118 20.9211119962307
TCGA-C8-A3M8 3 10.7977753760416 14.7499083318784 15.8649826990335 16.958459535675 9.96804903270863 16.6093874628931 16.0266295095835 16.5956124575538 19.4358290956063 16.0050015940562 17.3963478752295 18.0993037471538 15.2950102004925 20.7479937890093
TCGA-A7-A0DA 13.3260700897503 8.4660637658117 17.2808635359945 14.4436224989335 14.2585419498384 11.2931748556661 14.7121693764738 15.4518072379274 16.5865167147695 17.3749416258962 17.0905740301935 16.9366293572073 17.8904787508584 15.761307929994 20.439937577957
TCGA-A2-A3XU 10.6481666327209 3 19.1230344784547 10.2709869791823 14.4168419888666 12.0167580964696 14.2286061827726 12.2896460071851 14.4250642577919 16.204595920083 17.0383364834958 17.9915081494756 17.6021936373932 14.9269085154193 19.8093839045232
TCGA-AN-A0FY 15.6247661409631 8.44660779269926 15.9105470335797 12.7865643970983 14.2005886194952 13.4763375042791 14.9068770231704 14.0312951108655 16.6245134692932 17.9047882156352 17.8140856718607 16.7069396877753 18.0685857130597 15.6818713266951 21.1439603762327
TCGA-4H-AAAK 9.04356201260112 7.01940884162716 17.0289904797482 15.1039891145999 15.332291562823 10.9852037793821 15.6478486475629 14.1765291160404 17.454807598424 18.0159215233687 16.8015435193813 17.7349260638726 18.3212215397288 15.6872940064705 20.7055017586266
TCGA-A2-A0YM 11.3938936449443 10.4843112411684 20.6577269384743 13.4966829093954 13.2458332690971 10.9320299498066 13.8928717946301 13.7923754414874 14.7417565472324 17.7937696580603 15.4395572955457 17.2301247127139 17.5703011281168 16.0569721585547 20.4289273580563
TCGA-C8-A1HI 9.58654022227444 9.34338582209006 16.6796830028918 17.3515447557252 14.813424585434 12.3472180902746 16.5980754052083 14.0789332786491 17.3699248686355 18.2584227983255 17.027215190499 17.0410607542433 18.7383780067325 16.1287437529119 21.0470597162282
TCGA-AC-A3HN 9.86535349303376 8.78538548072122 17.5877175106786 15.8542414070502 17.8814059763284 12.1544732744893 16.7846975587597 15.7543314620881 17.3506647072255 19.8386029196335 17.6094784816821 17.9035003458848 18.6286853001676 15.8805917700666 20.5107807438732
TCGA-E9-A54X 10.3126913216586 7.28558793877372 15.1716473837287 10.4245224362434 13.1067266556132 11.9425709739424 11.4441228928748 13.8836197817212 14.4567381832448 15.4012704008369 17.6181029954225 16.9431967776042 17.7860636149185 15.6129349906044 20.4644165816514
TCGA-BH-A0H7 10.234654210058 9.50076118802388 15.6153913365077 14.8290922755042 14.683357197937 9.29462481176095 14.9360342000286 13.9091699966484 17.3030696693718 18.2455097988466 18.3044142030664 17.3003034682118 19.3230812644614 16.1328111305188 21.2245974550456
TCGA-A2-A4S2 9.20968882236008 7.17810678377669 14.766761247867 16.5082480757359 15.9386374977728 11.1531162176668 15.533544910511 15.3980627525794 16.7280208198966 18.7209460417762 17.8859816045466 17.9809576761516 19.0204498777985 15.6939091941788 20.3603030816977
TCGA-OL-A66L 11.808791573246 8.38403016972855 17.2066128552069 15.5608949917922 20.1442170490607 15.0664460513992 16.4753707746236 15.0496930754477 17.1028337329228 19.6166392416729 17.1945492117985 19.0153983081627 18.379235495144 15.2596830172134 20.7430748456964
TCGA-AC-A6IV 9.6733028729474 11.1945826786428 16.8675148116234 15.0324817694177 17.8363321895703 11.7579136436937 17.2712908382754 15.4803339376398 17.3766781695976 20.442678196044 16.0832553644947 18.2215438162304 18.6203052794211 16.01840250833 20.2425970228827
TCGA-D8-A1JH 8.23405232178192 10.3580110805045 18.0217209448321 15.5482686221034 15.393359066512 11.4204287452093 16.7690967107309 14.9561622639785 17.3885699362167 19.4241410714845 17.6251524360029 17.3496960277108 18.5837214789102 16.1731779972889 20.8318950798253
TCGA-E2-A1IF 10.9604496025107 7.90952582418232 16.7097084378707 16.0369559027932 17.6271214386797 13.8768633116986 16.7626184344898 15.9123294897247 17.5714709966554 19.1165843025371 17.3475670031324 18.5968712784141 18.2380631028897 15.5402075045496 20.8072417080052
TCGA-BH-A1F8 7.46179772511046 9.53884996025386 14.8282197885199 12.6246141623229 12.348218674001 11.2056640853645 15.0403765626208 14.1413528653166 16.2964611889468 18.2259056441562 18.0703583664103 14.8939674932472 19.0072048116449 16.8485006324403 21.1060121249223
TCGA-B6-A0IE 9.30616852813034 9.73797603025377 15.4195165756859 15.5687129744055 16.2509531196974 12.5887083505824 16.5314590537322 14.8942075585542 16.7429506390258 18.1909422940702 17.9326301484821 18.0341683688229 17.8973547732833 14.7239319611082 20.9648232191601
TCGA-A8-A09K 8.98017446213485 8.76445496555513 12.4080568128667 12.7493986176815 13.4543695564017 11.4048033333157 14.5534359343331 12.4315810811376 15.1101007772421 18.0913123028056 17.3966389479354 17.1427396344533 17.5708866223235 15.6596392661444 20.8307908246575
TCGA-A8-A08S 8.59317985487998 8.9943520040979 15.8215674271268 12.4571565452273 13.6717980652045 9.79702340225779 14.5906060809849 14.2320422267831 15.7478173260495 17.6239881162319 17.8499731389157 15.6992084827727 18.7948481559067 15.7455026172465 20.3214070124791
TCGA-A8-A08G 9.94417559185334 9.27229740905555 14.6306888147336 12.5773285606051 14.281388625051 11.1584805387732 14.8581051268794 13.4525889752455 16.0369801089014 18.1858192125435 17.2722445084934 17.1474051336291 17.9722129449792 15.6417736298267 20.5058394550631
TCGA-A2-A3XS 11.6034515087235 9.68976697668845 15.7707289518168 14.4747510419977 16.3294315603499 11.5615371287272 15.6982733530213 14.8661784686872 16.3747263095027 18.5524749558979 16.3447109879014 17.9723717570924 17.7231396204912 15.2472362117183 20.4501652808844
TCGA-A2-A0CQ 10.2656880671324 6.69344274173699 17.3372456639865 13.3537775383354 15.3031000178565 13.2627386799137 15.512087633861 15.4925537943999 15.7764790849963 18.1471960249309 18.1274004357993 18.2033926318816 18.0948225248419 15.1858268164745 20.8199893312998
TCGA-C8-A12Q 7.53791121868197 10.2643745575934 16.029191186298 14.6433983068219 15.2896038261014 10.7023835153544 16.16964887718 15.1414799931086 16.6440625745864 19.3754176200257 18.4038801708174 17.0883271504407 19.1506927333358 16.1121592686474 20.6927249033789
TCGA-A8-A07Z 10.8822470409358 9.33073144709113 14.6346952839776 14.2787187731962 15.8196209992833 13.8821655536107 14.3791756270144 13.1273700899157 15.7490118632282 18.2521976146541 17.1513051472584 18.2391687910673 18.8088360632713 16.0636886249986 20.75039220667
TCGA-BH-A18U 8.75096093709338 7.90147021783399 15.9137815002833 12.5608093137715 12.8544734405704 11.1723322132155 14.8455916159718 16.4002783328186 16.6408717396217 18.4184791776148 17.6037666331265 17.0945734552407 18.4400691448278 15.81434179975 20.5741579158359
TCGA-BH-A0C3 11.4257668979206 10.7163735264528 15.2005555661478 16.7386653263693 17.1638347287385 11.9230849608586 17.2078180712584 15.146178887034 17.6714781436144 20.1789589890035 17.4685689058996 17.1768253683037 18.483064134111 16.0106303679086 20.6795253054353
TCGA-AC-A2BM 7.74381800312013 10.1898815668981 15.9893918520835 12.9834529520564 13.7436774491788 10.915939211617 14.990255931718 13.2545952619206 15.2504292694685 17.8043017263596 16.9747560922421 17.1586977307695 16.8404745909003 16.449191529061 20.7521257075499
TCGA-EW-A1IY 9.36032449584568 8.77775726020111 16.7284511125587 15.9016135702701 13.1845459246277 10.9844126083404 16.339648868039 15.8348893843472 16.978728817103 18.8984540298576 18.4918165354894 16.3702794780965 17.6353431863017 16.6465066935441 21.3644316784885
TCGA-A8-A07G 10.2350271101429 9.15191292542493 20.5608445312001 14.7653552459351 14.851141160688 10.2857792940058 15.7374421840118 13.7299852192848 17.539148087538 18.5918868539292 17.7870989099117 16.7803661176601 18.9666141563107 16.2405012551773 20.9973305451435
TCGA-A8-A09B 9.26798340324723 8.03011884404835 16.4001149453283 14.1650482965585 15.0901200379219 12.0034789504786 15.6115807291565 15.0782181451762 16.2132832380635 18.6151180249925 17.5140712746517 17.1111313499085 18.242747411865 15.7847171242462 20.399270033184
TCGA-BH-A1ET 10.4503157300382 10.1717321000933 17.0288157386936 14.6845262557298 14.1635817791315 12.3213558320856 16.3846699051136 16.9532358751256 17.0533941305324 19.242869672486 18.1328977423126 16.7528946007111 17.7284009032515 16.2210696203501 21.0273446393842
TCGA-A8-A08L 10.5019510321022 6.5306065594297 10.335055708073 14.0222133714109 14.7909715541158 12.1325904585382 15.2116103117771 14.5727440050814 16.3124351033634 18.8514653379079 17.1660451690846 17.9928064331866 17.7465060293839 16.07095014576 21.2509322834574
TCGA-AR-A24P 9.73540350467824 8.74806633461413 18.1195601782668 15.1352443498502 14.4208678779987 11.2107223731129 15.9815895124596 15.2954541263846 17.0196525169019 18.527980486163 17.8218164769957 16.8521945502269 17.9648166848011 16.1845304488694 20.8238851516285
TCGA-AR-A2LH 9.89225054645228 8.9614585955242 15.9484267735577 16.5696100059639 18.1626582644026 11.2577886437201 16.7231394350817 14.8966528154386 17.0731770257827 20.0712720878579 18.1482617086726 18.2704507416689 18.4462582419395 16.1136118709812 20.9881534261624
TCGA-A1-A0SP 16.6341914825835 10.4852039857823 18.4947206408091 12.9707732260067 15.5459758170412 14.7924853748529 15.5480392129001 15.0460253173609 15.7192906009194 18.4027818410924 17.9876916482414 16.5315623936226 17.6077087288181 15.7528607752117 20.9863175702235
TCGA-AO-A0JL 10.8468093916346 8.20138085553537 16.5472413546704 12.7259269470728 18.524231808378 11.4806212551988 16.1576457676882 14.8929293454972 16.4961715130262 19.0767564152476 16.7844895206539 18.4057965209082 17.8524485584222 15.1638992738752 20.3186864376631
TCGA-AR-A2LE 9.77099891145407 10.4562990818868 15.7847028506841 15.2115813478593 15.6853078012446 10.815233309564 15.9703976210643 16.7034860243104 16.4904122850053 18.9724587238165 18.0106671533436 17.1755267403842 17.7830292290698 16.1809682565179 21.0155226000314
TCGA-E2-A1IU 7.96180033667635 9.8919017627395 17.0555973605997 15.4493018202076 14.9690003459291 12.5527175443549 15.8080028470492 15.8087651070289 16.1508135706198 18.8625763108078 17.8246377841208 16.9797453999984 17.7613254598067 16.0828805717532 20.6012676526291
TCGA-BH-A18H 14.8741478885324 9.87021228406377 14.9423203309901 13.870232892725 14.9389951394017 13.013707982107 16.0672871637062 15.3725723771155 16.2935266922888 19.2788882892704 17.5770227962993 17.8799650277866 18.4134020562705 16.3472953915707 21.1011496909948
TCGA-BH-A18P 3 9.88670856331068 16.2552399617888 13.4397675172996 13.8197471474883 11.4386905227056 14.9708488183723 16.0040038852566 16.1796584461003 18.17520779063 18.2903818673269 16.4907802722187 19.1429322901135 16.3559063147757 20.7061058641224
TCGA-BH-A0BP 9.84140509494039 9.82560856188229 15.8487145983481 15.374512397417 16.5772776956354 12.7883775590996 16.9811866769832 14.9332476855737 17.2185863075953 19.8047393580431 17.7585855511718 17.3057882801395 18.7191077374612 16.566981514341 20.4582933582299
TCGA-A8-A06Z 8.85019948062883 6.67843408857974 15.3528692345086 12.7327294557259 14.7647195430065 11.0514304449536 14.2645076761811 14.1824681238442 15.6607472106277 18.4458789969002 17.9909916845771 17.2848825072305 17.6095282936111 15.4878547090262 21.2241553694929
TCGA-A8-A07L 9.31367209786208 9.68945856679277 14.5609797544025 13.7371034032786 14.1578238061054 10.6755076890504 15.5948228522035 14.2976407060692 16.6538287381369 18.135497179835 18.1056150037927 16.9161362400085 18.5684209134388 15.4411604622109 20.1821485687394
TCGA-B6-A0IH 10.2250546575977 10.6312360218661 15.6406832461881 16.8897197925092 18.6547839173088 11.440548141508 18.0383093395109 16.0208889168115 17.7483208814286 20.1567130473281 16.8887156654739 17.8643000099062 18.5531560995555 15.9171333065622 20.6779544141299
TCGA-A8-A09D 11.0678310448843 10.0822846913915 15.8596048107459 13.1546894343769 16.8903642670899 11.5324687099407 16.324279943754 14.3928894967259 17.1817077737103 19.7999986437022 17.5002876102723 17.1705978408675 18.4690804170954 17.2926271500151 21.2254676320484
TCGA-GM-A2D9 3 8.12776766558562 16.0521500484507 13.6855474631878 17.1005058976623 12.9872366742527 16.2136207256971 14.7354101186247 16.879849260082 18.8099525385098 18.4432522041919 17.8778714449604 18.4280295775855 16.4209749616658 20.7971902446464
TCGA-AO-A03V 11.8264474273769 10.9052826996464 14.867825327074 14.4131208836179 16.2297485777634 12.631059438942 15.7534107771486 16.1909904738303 16.1337162148002 18.8956972637101 18.1388268187496 17.7042578771537 18.6907256759858 15.6173720236532 21.4518321600204
TCGA-A2-A0SU 11.7636014869321 11.8435128409362 15.6182953802608 15.6877434364561 17.1625362276808 12.3984654208354 16.6226043705309 15.5830525515365 17.1806645089703 19.7269988880713 17.6014489651065 17.2334478216353 18.5538963112327 16.4347983810555 21.3825459849721
TCGA-BH-A0BQ 9.77297297937255 9.83051680859878 17.5645954424367 15.5201763971957 17.4562116678842 11.8140148536886 16.923983146156 15.4771910834755 17.3736202460412 19.203278488046 17.3297591504543 18.0414910272816 18.3856928714068 15.8729565035676 20.6972245952627
TCGA-A2-A1FW 8.48294072581201 8.26876161172527 14.3303049938168 13.6680517733184 13.4604950180287 9.68541230813967 15.7120729561027 16.151434766378 16.4333605427077 18.4168575507649 16.7799527691636 16.7215161689884 18.1143881786967 15.7102554436883 20.8727424949549
TCGA-A2-A3XZ 17.4277868082564 7.35822842342446 17.7476582810604 15.0536185594011 16.4981522729975 12.3687810697291 15.4331763733834 13.1403050567537 15.786190659493 18.7688773355862 17.722318816519 18.8050245585529 19.013854801649 15.2734887034675 21.2316844854616
TCGA-A2-A0EM 7.81022510182935 8.43463922276985 17.0241454674186 14.4193394534689 14.3024671790186 11.2061600915122 15.197120661808 15.8531876382446 16.6508096759886 18.3568417846571 17.5985519598296 17.0775463031132 17.7170475840796 16.0764554134301 21.1723920181571
TCGA-LL-A5YO 9.95271170349432 8.51637787793697 18.8349415293148 14.255753907748 16.2315437380593 12.6942854090754 15.4091839751069 13.5212678635968 16.074281829894 18.7415006821301 18.0439861572815 18.8884748917737 17.946595207356 15.9423289886202 20.7791806387453
TCGA-A7-A0CH 10.3492327398904 7.01650648790084 16.8536523827318 12.9803675066941 14.8074865181065 12.2418248871577 15.1369893567094 16.3329617325513 16.2666454231836 17.8994401237884 18.5445968523993 16.5880098853538 18.4060652279558 16.0063771195278 20.9752102117515
TCGA-3C-AALJ 3 8.09771265545353 12.398192233465 13.2864066832871 16.7355220202252 13.3709924049453 15.4339315150983 15.2481732964528 16.4922762389571 18.7170984389714 16.3740939910015 18.231698647043 18.9164741090313 15.3263782042167 20.8399525877594
TCGA-A2-A0ET 8.42920144803828 10.3974305950306 15.7449326687477 11.581995066773 12.4622348681938 11.0368756532029 14.6168014102395 15.7534815755801 14.7726129471143 18.1465188302125 15.7616969891169 16.5606197222369 17.8756552230732 15.9812073709203 20.575888890218
TCGA-A8-A076 9.06404221271979 8.39804092962085 15.4435407877358 11.9512947896247 14.6280266398088 11.4195492081106 14.9446036506938 14.1402275729434 16.2748025945181 18.8168199971569 19.059591623949 16.9111985448096 18.9709641839541 15.9138902451995 20.6335555509827
TCGA-B6-A0IK 11.6656440992632 9.82603264291114 19.3824739149435 14.6051373189361 15.9885430238866 11.4542571973033 15.801345096113 13.8150732576507 16.108505011919 18.8927544784206 18.7281045715935 16.3867811470787 19.224383838573 16.3860647795965 21.5326790708113
TCGA-BH-A0BL 10.4281107744326 11.7328876103341 19.5769274517598 15.2784662235542 15.4033416970182 13.0113520468446 16.0798246649253 14.708879119436 16.5372681812796 19.1219426953531 16.7598341334446 17.4976016160248 18.0431774589217 16.0349637929141 20.6275775796056
TCGA-A2-A0D3 9.63907343593378 7.59169522581636 15.3923764220667 13.4236547672168 14.4070780868517 12.4325876548012 14.860034330168 15.1837184293216 15.7280192085872 17.9044517342163 17.524892911351 17.0096514878016 18.4010649999009 15.9964055406125 20.6122841897553
TCGA-A2-A4S1 11.3978137885845 3 15.9856967262769 14.1847339399353 17.4140661426112 12.294910982314 17.5251609452446 14.6732265886442 15.6667348194175 19.2786891413518 16.788648046406 18.3165308122698 17.7667923169669 15.8908053531555 20.7704445312601
TCGA-AC-A3TM 10.7328408587495 7.52619008391282 14.9370453003639 15.4264487675162 17.4653949255959 14.3012620209288 15.0255586271114 14.3302006969509 16.7585365322999 18.1665218076876 17.5624179649601 19.0877218162746 18.2705516394215 14.9578310670127 20.719569689029
TCGA-AN-A0XP 7.72145436289528 8.03159959053963 14.3728411459861 14.781629512516 15.2448930900802 9.89885602330792 14.4769080591753 15.1284373901761 16.8409076633125 18.3374534744219 18.0120251496007 17.3066337370331 18.1453136629708 16.3875407167511 20.7369312981561
TCGA-A7-A4SB 18.2595828409019 12.1962024279109 15.4772120908737 14.3712592454987 16.7506387572589 11.8434556666215 16.3947231418701 15.4088561531767 16.6601491546848 19.1915104091386 16.1051384587435 17.7859913860206 18.8349341959317 16.4779896464717 20.789495535056
TCGA-BH-A28O 8.73813658145726 10.5631609675115 16.3068824546802 17.4073903763935 18.6200935249113 12.7409039561422 17.4327669329547 15.4018945802997 18.1317428616382 19.3929514633816 16.4315426333054 17.9571118353445 18.8941053875826 15.7777218867478 20.0949884185019
TCGA-E9-A22B 7.63052024985527 10.1502863905646 16.0982357595658 13.942330000043 15.8060588254339 12.4570976844505 16.4845621048634 15.0298269279111 17.3699565901862 20.5093546150619 16.6957976414336 17.0773159207173 17.7670200444128 15.9990671416044 20.7880453421611
TCGA-A8-A0A6 9.89205520964111 9.87625385618927 17.3800657926189 16.5787847881186 15.3763318949477 12.5178742279663 16.2249811177526 16.0909253793242 16.8683151684807 19.3526803278311 17.4708217545418 17.1449591467964 17.9564535989248 16.6268235712332 21.1443747279916
TCGA-AR-A1AU 10.7894596663098 10.3607543552508 16.0029526357366 16.5736262369837 16.964616050033 10.0151310896807 16.5946786493637 14.7251882215862 17.7745052769712 19.0513349586172 17.9976716200282 17.601927367684 18.6560173278484 15.8066209547208 20.8428438942959
TCGA-C8-A8HP 15.7998415426687 7.88500590938119 16.0942702299725 13.3356851790511 16.6143068495452 13.5435692265744 15.2947670851782 12.8379244598857 15.8116185274557 18.7406247788502 16.6916724205311 18.1678035620497 19.2913427758307 15.6149763804754 20.8055734223383
TCGA-A8-A075 9.79227466113056 9.28879442705778 15.7158729758974 11.5123388916683 13.9296918845402 11.227423531251 14.9977326824258 14.0798142761542 15.9449002097657 18.6195000202364 17.7322597606809 17.6533716228157 18.9886868056208 16.2041613632969 20.3060462571593
TCGA-A2-A0D0 11.8573116232061 7.74471011882857 16.8609150938248 13.9326825253674 12.6540669349228 8.71070437615624 13.1602431657207 12.203674257402 14.6658102980873 16.4601623084598 18.1233991932695 17.6783476687586 19.1870366513069 15.4502017972513 20.4444798867668
TCGA-BH-A0DS 10.5062752786727 8.97996078624305 16.6292131344778 14.2652408414598 17.0626776451292 12.5148510502371 16.1758799314703 15.2782298267316 16.7056545708408 19.3046307178967 17.595255068159 17.6928666568046 18.4422284556568 15.7291675281717 20.8504798142651
TCGA-A2-A04Y 11.5101950910686 7.47850616286602 16.6015061020628 14.3086129465502 15.1269382567376 12.4662498510942 15.9477998511171 14.0451211070586 15.957499005838 18.9598980258314 16.8305939237529 17.8367190584179 18.0139190998828 15.5265542969497 20.7526405469253
TCGA-A7-A26G 15.660479885525 10.5404849075239 20.303164314422 16.1714051775274 13.615151744021 12.5038775413806 16.3560024696415 15.1511411021464 17.1742743727463 19.2321357283203 17.1612853502526 17.2642205015536 18.0845119123751 16.1179763133108 20.7255533723948
TCGA-AC-A23H 10.0713867329986 8.98956724336738 15.7652313684524 11.1127647454724 14.2911189614919 12.6984051333852 14.3745818270267 18.1993097327921 16.2961617243136 18.0045888569864 17.9729668988386 17.2999923678168 19.4331796481204 16.126340823001 21.3535298810637
TCGA-AR-A5QQ 8.30681417971244 7.64965017638337 16.8191122204263 13.6563234747681 16.5120793231045 12.3675638686059 15.0193786432788 14.2518568983601 15.8768560753119 18.7115282659657 14.9620429324106 17.9161510677544 20.1482238921675 16.4890786579818 21.0161948318469
TCGA-BH-A0E0 11.4264577080842 7.02730912686867 18.59680241882 13.6158603761044 16.0062361564709 12.7121039466287 14.7755484169291 13.7096063588645 15.1167123767925 17.9218827948416 17.8479172197809 19.1512848961205 16.7520143316007 14.8623979846814 21.4006388327426
TCGA-E2-A1IN 9.65425039458498 9.86094462809558 17.3550161567582 12.856023302813 14.614981804196 11.8639655459058 15.7436211636698 15.4235779533962 17.6770971592354 18.2931714857697 17.804898918217 16.9201864730571 18.1445911571725 15.8702905857319 20.9978727121781
TCGA-E2-A1IO 10.7333696432441 8.97764125694966 16.1052407497294 15.7381507043842 15.4921284616812 10.6915460039973 16.8000925009546 15.2913330523549 17.5388276748998 18.7750857024118 17.0661565407676 18.0512278880553 18.0748380897318 16.2270851119628 20.8211857839347
TCGA-BH-A0C1 9.24617850412222 11.1580666901341 16.6575401481283 15.9707130778728 15.6082287864406 11.981428558254 16.1101479093104 16.1728523294335 17.0266418334813 18.7720649371835 16.9592885550597 17.0510016879768 17.9233251897321 16.0837679460714 20.3463719988332
TCGA-E2-A106 3 8.72551898794011 14.6483498873796 13.952476838301 15.3479529785922 12.5997642396453 15.098571551364 14.9342772420317 15.9751542448011 17.8905742008003 16.3563834911858 17.2219235697492 17.3939176289465 15.5999852661672 21.1969119876607
TCGA-AR-A5QN 10.4943255167917 10.3707329277268 15.735926276537 14.6112479615734 16.8633208053764 10.1326675186066 16.0547040981298 14.7459010748144 16.9028759656081 19.3412438299573 16.9140788427949 17.3559219177853 18.3646514751447 16.0227788859035 20.0538093232061
TCGA-AR-A254 8.4140206035448 8.63705526536445 14.3608437998094 13.1335812983329 13.3786145109733 11.1906995816066 15.3711002161672 14.0592604531247 16.5849444547232 19.0573510451056 16.818827158049 17.2390807022065 17.8688951550633 15.9094748351799 20.6142281998317
TCGA-B6-A0RU 9.36680921595454 11.5155696470585 17.5949361664549 16.470849089416 16.2257484344143 10.7290505330381 16.2688614260389 15.1637595289886 17.4158420509143 19.1486092823234 17.7442227136715 16.4973452391293 17.8580801096842 15.9080085938976 20.4814440171418
TCGA-A2-A3XY 10.45042089086 9.198070317063 16.9706850344593 14.6255068449296 16.3696456670347 13.6370982841267 15.6026141963398 15.1028432368038 16.6084947137609 18.936407925181 16.7226955012365 18.1283198208831 18.1059881508539 15.7135304409184 20.4798716468962
TCGA-BH-A0AV 16.4826721165136 11.9235750644155 19.4139931012519 17.4987872537737 14.7340526150884 13.6979989392511 16.478645994886 14.35497318313 17.4010296510169 19.009649233804 16.893076746599 16.8825737631977 17.7851338673849 16.0080899554493 20.4765528493619
TCGA-A1-A0SG 12.7242581931184 8.92082148662668 15.9558639277911 13.3673867432377 15.9079540839985 11.8669281207143 15.9695748368902 12.7569496480986 16.9411606867083 18.7259753366604 18.2642505846948 17.8658890489944 18.622647587754 15.5524275664044 20.8360930258366
TCGA-AC-A5EH 10.3089153535417 7.37045007141415 18.0948095111304 11.8305101131373 15.3561571343029 11.9387788058369 15.144312722133 15.7974891644661 17.1126765685291 18.042179032984 17.8425249059601 17.8673275259058 18.6571419012881 16.0224338791694 20.6458562954814
TCGA-C8-A138 11.2026824514898 8.86575893946489 16.2079703193939 13.9510221382635 16.6256291644353 12.8354051319986 16.9848260640706 14.4060411524241 17.2586716520095 19.5579717790968 17.1807807631509 18.29676196649 18.9341962345269 15.6594002135004 20.5301201477547
TCGA-AR-A251 11.4300078535354 9.11188415288108 19.1832301040785 15.1780525076705 13.1900281084891 10.5391294525664 14.6277565108992 13.6215905938293 16.1038033937243 18.9120161962148 17.3951582084306 16.0847629241875 17.649808226256 16.2660110510826 20.8965992700401
TCGA-A2-A0EX 9.09739100526732 10.3132541946346 17.2290883230628 16.1258689806771 16.1789396652086 11.8851923096362 16.8584274046078 14.3721844716035 17.6282446068804 18.8725907805316 17.8701219527976 17.0355494429037 18.2104882578015 15.8193051704454 21.3166027104632
TCGA-AC-A62X 8.07415272964822 9.61450410582014 16.5391149498412 12.7298533628891 14.9280360056479 8.69485082321543 13.6447805785157 13.4719865114608 14.8422403530888 17.3779527045188 18.0766561480836 18.0245173777379 17.818438067998 15.9121267148601 20.1706491461477
TCGA-GM-A2DI 9.93086456474951 8.85027920580062 15.5791691454392 16.1106180778871 16.5906301866588 12.5569560169422 16.5853165906485 14.3019737572075 16.9361564876745 19.8961377196347 17.5763512956153 18.4722085466869 18.2105742308526 16.138702873066 21.0904377586831
TCGA-D8-A1J9 8.86386923365447 6.6912622129756 16.718416920334 13.6650003279116 13.6503262289693 11.9802889355855 15.1057941627379 15.615311776967 17.0779223964155 18.6040057909576 18.075914917752 17.1360705952491 18.3579613164127 16.1478457775707 21.3950033150455
TCGA-A2-A0EU 9.86784753393981 13.44436312388 18.3726980942175 13.191580820638 14.311108253412 13.299989738816 15.2775216684549 14.8344158841643 16.2961107808049 18.4340523866627 18.3369615644488 16.7182248103573 18.2415574818242 16.4443567126316 21.2315286827701
TCGA-BH-AB28 8.93727511539285 9.34001845101544 16.8514914618619 15.0112918098159 16.4037820547122 11.8745900223854 15.8997783497871 14.7733252650882 16.6436816826353 18.7280331817161 16.7077443691664 17.9188704812322 18.4066544279123 15.7062942153969 19.4280508297236
TCGA-AN-A0AS 8.15479647610805 5.6796407819927 18.9503669122425 12.7133783862062 15.2993831060422 11.9226687959355 14.7402426065841 13.0338512959943 17.3451094931865 18.5238561946399 17.9330057747561 17.5521996002221 17.6766527013171 16.9994586437695 21.0249710452294
TCGA-A1-A0SI 9.46943456052492 7.42776198807713 16.8254758513925 13.8591317642402 14.485261613159 13.1778177941503 16.0091616548504 15.3923021995956 17.2800973202831 18.2958362611512 18.1924981658832 17.72982186313 18.4739294787356 16.1004271662563 20.8997348886452
TCGA-BH-A0B9 20.336830708463 10.298029053375 17.5588352639763 17.1006226111304 13.9462305777477 14.3556530443129 14.0087159692442 14.0731949003971 16.2999437148912 17.3911374148512 17.5973074400925 17.9977213055824 17.8137432313009 15.628935782264 20.0335905709644
TCGA-A7-A5ZV 9.66904119435323 8.3340373209459 17.7956097497575 11.4495105549195 14.0335042561565 12.4628126225856 12.0569262310951 12.2940773256187 13.59242801158 17.3676139650102 17.1802047404759 17.0762417886132 18.142005610281 15.6340156143257 19.1997336416916
TCGA-BH-A0HP 9.18012633265104 11.0514234256984 17.6167627344126 16.9197554336327 16.9466297032153 11.9146094098507 17.3905938877328 15.9598286005981 17.5356437293646 19.7249439361834 17.8080036737642 17.8458386317858 18.318521779579 16.2132194002277 21.0016774865268
TCGA-B6-A408 10.9686556190541 8.17254753927 16.0257935417164 13.4696477851189 16.1494255450945 13.7372815981133 15.3342566204105 13.7304855995612 16.1727590375668 18.5758002528284 18.751967590601 18.5649430112766 18.1217565604936 17.1315497776455 20.4589199731189
TCGA-A7-A3IY 9.72130826837401 8.95894085271604 18.2489288081347 15.7061979145251 17.3372886786014 13.2989600667038 15.4745382770667 15.3606530727763 16.8242782797172 19.1727151668859 16.3900403463444 17.8681304112693 17.4575246654375 15.9799804922914 20.9983493155202
TCGA-E2-A570 12.4678829846223 6.59008129479291 17.6672563182429 12.9656909952444 16.5611103153794 11.7832423315346 16.2377477925577 14.7013646751212 17.112283457051 17.9600459742711 17.8489918617636 17.3639880884872 18.3114449358588 15.6412273434175 20.5619549655399
TCGA-A1-A0SD 10.2173599603941 10.5951057422945 17.9615754543952 15.4795958994009 16.0569373396969 9.85618702786463 16.8180504062121 16.7765379342387 17.3081926352985 19.553115139625 16.7877651695841 17.5127148106417 18.3800805840417 15.7244713071137 20.477716691608
TCGA-S3-AA14 8.42909831113768 8.91042973554378 15.9205495436469 15.0565058329329 15.9197003458061 13.2024162452024 15.9999300877735 15.2669599335458 17.1511118264091 18.1479132772293 18.6339675922008 17.1849378806186 19.303239838688 15.5858986471479 20.7203763507837
TCGA-A2-A4RX 10.1287063886779 9.95364564010367 21.5854994606329 13.8996460194081 16.0257160465098 12.4933768035172 15.6334857291118 15.1600493737578 17.226172851361 18.7022415484542 16.9804603752516 17.7809840595956 18.1720904497036 15.8106122117132 20.3385584250309
TCGA-Z7-A8R6 10.7752294864744 6.24995395643421 13.9983471814681 14.0570766007527 15.4150718355031 10.9953041860828 15.0373871707823 13.6228454438365 15.9785255506019 17.9179787047845 17.8637305874875 18.4442600909774 18.6153683428316 15.608706734938 20.7918304887463
TCGA-A2-A0EW 10.4938782237131 11.810168544248 17.3325702973729 15.878663804254 17.6524922987926 12.0177708587936 17.0842496497074 15.8043890799637 17.5115909726023 20.3431154355303 17.885248674015 17.1884107264877 18.3290844973709 16.0808899757936 20.7455043393073
TCGA-C8-A12W 10.6473364314297 7.44410658603948 16.4088848865122 13.9961974262652 16.2356507725883 10.6981714523849 16.2749055058843 13.0434535812198 17.2602799180742 19.1859999333726 16.8565842973625 17.5919399627857 18.5832466563614 15.5800852750624 20.509807624038
TCGA-A2-A0CV 9.42694218645919 8.56924001791566 18.8351791327168 16.4415813532685 16.3420772928605 11.7499189412359 17.3164818043685 15.4233840868322 17.3226942252776 19.0878438776455 17.2366804732892 17.7562605167125 18.727601605964 16.4006047378441 20.7644905169483
TCGA-A8-A09E 9.49490914239969 8.56763273215633 13.9178714906681 12.493802630248 15.1434689104399 13.4378402356803 14.7891010649904 14.7657244664925 15.4057355248904 17.9193100454987 18.1881423135172 15.5443067829183 18.7892670455032 16.0686740606131 20.4151437702793
TCGA-AR-A24N 10.0375530826577 9.53321493822052 16.58002138318 13.5061619418433 13.6328710098805 10.6696804738009 15.2393177557303 13.4998791276942 16.6475057398956 18.195010193348 18.3388047372704 16.8885344526903 18.5763357242917 16.2225231954996 20.4414653822743
TCGA-BH-A0HA 3 10.394318900493 16.7240118787246 15.2202284527754 16.3813263728527 12.5557437502301 16.7172365201517 15.2526961227853 17.7284137878855 19.4480565147736 16.8450589796665 17.8396587210383 18.319348926095 15.615911851267 21.2344644928076
TCGA-A2-A0YC 8.44611682693636 9.33666187623084 16.7388560493687 13.1352435724622 15.3700193813447 11.2234467638376 15.4497478303562 15.1686733407366 16.6363943993304 19.0439696134713 17.6862965862549 17.4670897243546 18.1607897742777 16.0816360747917 20.6201386104546
TCGA-OL-A5RZ 15.1575848869826 5.89261209951678 14.5923335011929 13.7492222273035 15.7054673481954 13.4593577845879 15.3068796382707 14.3723498424238 15.1115210614961 17.594930057933 17.1555054647356 17.2551624602803 18.8500495573149 15.2209881411188 20.6611290233307
TCGA-A2-A0CR 10.651492271574 7.44809161903997 16.5450222454528 16.5248236493079 19.2368562556107 14.1222964551051 17.1814530888665 14.068960520307 17.4486849586674 20.0536229011095 17.2498352177837 19.7915253828509 18.67001171204 15.4670604661997 20.8419105439551
TCGA-OL-A5RX 11.2553965309721 9.26867244305924 16.7519217602024 15.4384016897591 16.3523594984659 12.8882386500103 16.1227382663084 15.8153388131699 17.0042252494738 18.5455321370521 16.9717190840152 17.9730791755609 18.7987439257476 16.1686737410653 20.4396653954614
TCGA-AC-A3TN 8.8579073455252 8.00685191688164 14.5529434169978 13.5471957059887 17.4597543406864 13.9290347355489 15.2573627800208 15.1985596850557 16.4074797701839 17.9991455156687 17.521175000158 18.4504104640178 17.8945321627233 15.3309999466748 20.8438198362786
TCGA-AQ-A04H 8.53273000932603 10.7118637855526 15.0267150973148 13.1343946186338 15.5498408690584 11.1423870707739 15.5204995831506 14.6185261785402 16.5201955811665 19.4468334156697 16.4442492010157 17.0466443228448 18.3207488285464 15.6025050375253 21.2970462440692
TCGA-AC-A6IX 10.5533679675962 9.82706108625461 16.1455030091714 16.2569639663757 16.9756175674773 11.1866749916585 16.8897442606503 15.3595697428372 17.0164321898072 19.6734702722523 17.2554251034704 17.5146630358575 18.4227755645597 15.8309038509951 20.3212428052371
TCGA-AR-A0U2 9.8586604875491 8.46338366251181 11.7747054590261 13.8234223793125 14.3590479176335 11.8638349641529 14.9562304452207 14.7699894961601 16.0721391965331 18.5977347977473 17.4725283749027 15.8803961796452 18.6782481638046 15.7265181355525 20.707512892819
TCGA-AC-A3W6 10.7636840407616 9.9826663234261 15.6300225999168 15.7498308344794 18.4234487466728 12.173186841523 16.8463808991306 15.3657179567877 17.7923139897336 19.817301048354 18.5252436580817 18.6842345254951 18.5666473256676 15.9170698511931 20.7869172526791
TCGA-A2-A0ES 9.35620727452209 10.8089930192435 16.7636705139648 16.8218846536572 17.2076578847783 11.3938695656279 17.4572993858969 15.1235491862472 17.7891859994021 19.8469641350502 16.8522326671064 17.1201339049891 18.72018110633 16.3717630312721 20.8784281596846
TCGA-AO-A03U 10.1422686836772 8.22907126728682 19.6595008092061 14.1711570284495 15.316003080306 11.9932937304892 15.885268545333 13.7267861371201 16.0525161075199 19.9310366509885 17.2872210336566 18.591634451809 19.3028789114114 16.05003932298 20.6302251285179
TCGA-AN-A0AL 18.0161824769386 7.33380048144361 19.723909556729 15.1676262780245 15.3779169620051 11.1653677188063 15.5310070486787 14.2924741309317 16.7536670814245 19.3260888791246 17.5083884261263 18.6729410189424 18.8724450455824 16.3231882936231 20.7886159319278
TCGA-AR-A1AP 9.09605725149775 7.77164542457243 17.2010189294783 14.7279415980462 14.7610331659508 12.7999415803862 15.0958001559495 14.2149024598142 16.0938250738235 18.4934780984408 18.2886961431859 17.5063403593814 19.054657922786 16.0080641761282 20.6000019314071
TCGA-AC-A4ZE 9.98399881558639 8.70018648853593 13.6852618352785 11.7422661162369 16.7332508155829 10.8777859105404 16.3539684068237 14.5756615929461 15.9683300342241 19.3831070296611 17.6404536206476 17.7185830249575 17.8710177994032 15.6834208735776 19.5272611677645
TCGA-E2-A15C 11.0356769383621 9.20108604757204 16.5897238384681 14.8278132217685 14.7999814836136 10.5042597641796 15.9571998750505 14.4326540993615 16.797983316817 18.6136769488465 18.3474352476333 17.3546633403539 17.994572942072 15.6663035816838 20.724482884673
TCGA-B6-A1KI 9.0092102549219 11.1030680794422 14.9961438214743 13.9917078712194 16.7665428610881 12.4321286660047 16.4970276108639 16.5837010304652 17.2960303957148 19.8421835572032 18.3518092055835 17.1478501275924 18.1992008570421 16.11615196852 20.925915723382
TCGA-AR-A24T 7.62275996417358 10.1794686238043 17.3036674062225 17.0166166024921 16.3698564826794 11.011983119932 17.2051229190316 16.4934481329848 17.9416325993053 19.9310836029382 16.138148966046 17.3802165639344 18.3459062613835 16.5406283618247 20.8753762701414
TCGA-AN-A0XR 8.04580376615345 8.35816108358096 15.3020110607052 11.5684325116153 13.6227518084771 12.4469251016765 13.5894384795697 16.1108332272308 15.6434350398915 17.1454166920014 19.0106758739376 17.7319529420385 18.119955523943 15.6591836176053 20.6638677007746
TCGA-AC-A62Y 8.95343410505003 9.07990306112286 17.287808897416 12.5804133073309 16.184207347501 12.7376264059988 15.5964033033952 15.6875298556095 16.2022055882469 18.9766376696942 17.8944157699454 17.4004593810634 17.9421428948933 16.0001137658891 20.9051320375202
TCGA-A2-A1FV 7.50898277284574 11.9180176823151 15.727183253784 15.0972202667224 15.5120271832149 8.12226134189071 17.2206524103813 16.8754267807516 17.0604502885685 19.7894179790868 17.0119388490075 15.8966008780736 16.9479429540266 15.9154035209916 21.2360315742785
TCGA-B6-A0RT 10.7000880349235 8.05819719071627 16.4792342811891 15.2109338521478 15.6808894391529 14.2473128995517 16.2194423297948 13.850492130343 16.4373180746145 19.63298190695 16.7722243561911 18.8068217246101 17.8003480931188 16.1373178177529 20.7331383728333
TCGA-AN-A0FN 9.23632213165324 9.82396543105531 17.505026655837 15.0668719377841 17.3250611004844 11.8562222469774 17.8991857559336 16.0674805952194 18.3900710523853 20.8594410527165 16.6164738515454 17.9140131688618 18.0123593483309 16.5686204505364 21.1150929426028
TCGA-A2-A25C 3 9.89514465795607 16.0418661590086 14.2679265491774 13.9696446734688 10.2077147441825 15.8139383218052 15.9996375914885 16.6585564146247 18.890617199744 17.6042866815042 16.4765692182479 18.1921497094041 16.0293162727908 20.4967694672089
TCGA-BH-A1FG 10.626199204666 7.51889316769345 15.501876014467 14.1105547050517 15.0897123310319 12.1505518270512 15.5510350122046 13.072043275243 15.7559260745961 18.4336625960072 17.4752586719021 17.0253233141273 18.0458105862614 16.1531163087224 21.151482926506
TCGA-BH-A18M 3 11.8099653664568 16.6329006407238 16.7150009784862 16.1962043923846 12.302952482323 16.6843013990795 15.0998255767593 17.2788364140761 19.3508395786517 18.9886036790317 17.2617581718099 18.7289647793181 15.8123907313782 20.8334838206742
TCGA-AR-A24M 9.26271929343372 8.59506486652438 17.8811837637855 15.5608026463274 15.1982743819611 12.0524992023005 16.686516473422 15.9002971278746 17.1597720017479 18.9052987499198 18.0485875262973 16.9887468180679 18.1395840360297 17.1666250891832 21.0525156061534
TCGA-A2-A04T 16.9016746194987 10.769872769639 17.6439064122286 13.628503972956 13.135279361472 12.4128899924417 13.9618749853688 13.4407603630119 14.9582240939255 17.9664050441527 17.339687392946 16.7945764936515 17.3713464625863 15.8512984224841 20.7118028503444
TCGA-D8-A1XM 9.25318145997017 9.21860136533778 17.6956763758281 15.502058926039 15.3502859299843 11.1970430241774 15.8191894451997 14.4111189317425 16.714625704833 19.2187355342098 17.815291829879 17.2555418770667 18.6129872750344 15.9755329940218 21.3710915893017
TCGA-A2-A0YI 9.78581754539182 10.6121363707292 18.2697043864457 15.5680059968224 15.3753783231574 11.9965207235928 16.6831757454114 15.4856856146188 16.8773982375911 19.5299937374583 18.7167744087697 17.5202108324289 17.9014966885076 16.003101192871 20.5745650497198
TCGA-BH-A0HY 13.6401775629038 7.81611865893224 16.4645118585339 13.8125303487562 16.0459723506976 12.9548475007756 15.0125714398801 14.617346933615 16.7918942958278 18.9164636687668 18.9505111868161 17.9796424466735 18.6853139117619 16.3097603507902 21.3126822903833
TCGA-A2-A04X 9.3125051242666 7.67302774103915 15.5446424076854 13.0455458688579 14.9780308146117 12.595117552959 15.0683907223791 15.5475189354644 15.870169497201 18.9534983761172 18.8319483798193 17.6321876810524 18.607360913747 15.6175236526061 21.2121114330353
TCGA-A8-A0A9 11.5941243332871 6.46360893687445 15.767965110667 12.7976297165778 13.5916136436161 13.1870302814727 14.8177752500283 14.1768056835954 16.3525947697373 17.8165277578981 17.9549999146788 17.2436191227581 17.5192671993569 17.4228103510291 20.3483652400629
TCGA-AN-A0XN 8.27547229860304 9.66062806459636 18.8109007572442 13.0885386749764 15.6804899347235 10.8799209478212 16.5495008789751 14.7951566160328 18.0407262811883 19.2609824974292 17.3474875581761 17.4604902966313 17.8845213595591 16.5483725431663 20.7740018323834
TCGA-D8-A1JF 7.53897906074839 9.71731127120532 20.8621354314507 12.1914314765766 12.6271242067913 3 15.1790586434267 13.8332122272728 16.5595695359787 18.5101023953638 16.8208809825883 16.6685067818851 17.9439198582408 15.9087068771597 20.5523521825595
TCGA-GM-A2DK 9.1412716401131 10.4500590589089 14.4387555617218 14.9487244315218 19.0473164260373 13.0060651615013 17.3303918590316 14.2557594334056 16.5305367586848 20.4928776760247 16.976100820557 18.053465299372 19.2093330681158 15.9951981373738 21.4760295579515
TCGA-GM-A2DH 9.52925406319509 10.4750478654 13.457729528816 14.4692138934629 14.1899886843597 10.4210741249158 14.8540488991809 14.4281659578299 15.5659638498181 18.1371721762972 17.7723044884258 17.6963682787046 18.5569926978482 15.4079561805066 20.8382445387405
TCGA-BH-A0BO 9.19566440455399 10.3133983789032 17.3000038046336 15.8162955608151 17.0176453102532 11.2317384466208 17.2783458827453 16.2877531991391 17.5977619327801 20.2621103575581 18.166707532305 16.9607370546254 19.1331724033368 16.6127857905818 20.9217363195174
TCGA-B6-A0WX 10.413875189371 9.24809582305516 18.7002468577537 15.5161434530135 15.609312936638 11.2685165632453 16.3308346292558 14.2693862439926 17.7045746527247 18.1433925335775 16.7568767753416 17.8484753531642 17.7228089380099 15.7621709522707 20.3542290827314
TCGA-A1-A0SF 9.59627035777174 7.38802264862935 15.5692475875767 15.8727896346167 16.422062463179 12.6341840637865 16.711752516185 14.043710357635 17.0196844681102 19.2216197791995 17.1818875615821 18.0320230556607 18.0098146141567 15.8568978981695 21.4367953016875
TCGA-A2-A0CT 10.0288695036897 10.737969184544 18.2485403167903 15.8104413772057 15.0215898660604 11.4652698498028 15.5558540318685 14.0967385148836 16.3411988243076 18.0592675188118 14.6785478792208 17.5328012922243 18.0531547303925 15.5956003231494 21.041231191481
TCGA-A2-A04Q 11.7546790847976 8.89050979820879 16.6871582555798 15.0362515247196 15.2095151410274 10.8088687907982 16.0180945524076 14.0576073130361 16.2297547674764 18.8762170456533 17.1608410520563 18.2374955677048 18.0668219883466 15.8393972034721 20.8520664537247
TCGA-C8-A3M7 7.63648527328861 12.1104481902308 15.1574677386166 15.8811284791169 17.6055396601849 11.801530997186 18.2404025051639 16.2834535453168 17.8159103827615 21.2031087528433 17.5520490493231 17.5155426412158 18.4138330575657 16.2257437656341 20.628605186768
TCGA-AO-A0JG 9.0824039785445 13.3831341023762 15.3816343746722 15.4697706040943 16.4493324483265 11.1172451163022 16.7147244382253 17.0983976860279 16.998994116323 19.4507345647562 16.821847954225 17.4688019247863 18.1559079458356 16.0483136791536 20.3562294570209
TCGA-BH-A0BC 9.52755456779613 10.1286783014077 16.9057813407553 15.9995587713256 17.8810770594444 12.3200628580679 16.5751261788566 14.9825573799017 17.4095641407969 20.0597532295188 18.175437579236 18.2881563998162 18.2243415504303 16.3128389558899 21.3062795756251
TCGA-B6-A0IQ 14.2830174889052 15.1449183704629 16.3889356018122 15.4367898527918 14.8924627219076 14.2154861442934 14.3660917427922 14.0035241402441 15.0013097004791 17.2472964375827 17.5855561246955 17.5333639993057 17.7586783126581 15.326056788715 20.4609773246635
TCGA-A2-A0EN 10.1877118562997 10.6217015080666 18.1332614945144 14.8212073688614 16.4383780433336 12.5527175443549 17.0275841717656 15.5910343652408 17.3455050581341 19.9689733246069 16.738620356036 17.9120466041988 18.8269474239039 16.3178150356351 20.5928018854881
TCGA-AC-A2FO 8.7980795091266 10.3498127969665 15.4253301009484 16.2939617923636 16.9036149441497 10.9985776443362 17.0742974254814 14.2839464774835 17.3416793016512 20.0695757950804 16.7639500762765 17.8922062263053 17.9251882257253 16.1553539938682 21.1399782406271
TCGA-BH-A0B5 9.5932620277341 8.83178637012511 16.2195877205033 14.5722401735764 15.0378472676599 11.2191396385863 15.9778422436373 15.802745647758 16.9614262980193 18.6789285293034 17.5297730015542 17.112162920174 18.8471085408664 16.1309680843239 20.6703812556454
TCGA-5L-AAT0 9.49653283386267 8.16429562699679 17.3816134540932 16.2408250623503 17.1230683688567 12.8185518659799 16.6079228272541 14.358462776833 17.3459995521262 19.023530980916 17.2738750195643 18.448364809252 18.1285166522383 15.7605487175971 21.0768543110464
TCGA-A7-A4SC 10.723145981247 9.53843235187687 19.4421268742204 15.3383663295653 17.186410836846 10.0414157286289 16.4489578645443 15.2326760692728 17.0442589323778 19.3881117022847 17.0610494264774 17.7471161834402 18.7181497362158 15.7369326031046 20.02206580451
TCGA-AC-A3BB 8.77829668105634 9.18036068640865 16.6572511679655 16.0764972873635 18.4548255777401 13.2469842684909 16.7774061931404 15.0895220240763 17.0986474026115 19.6508066283045 16.7431390222616 18.4520331707181 18.8264524407622 15.981892583566 20.8598675707723
TCGA-AR-A1AY 10.3421385704606 9.4779499368899 17.0956365556533 13.4225357693521 13.0180467293994 12.5561477256612 14.211981282786 14.8629498523052 15.5411054100558 17.6678492973013 18.3627081665935 17.1229425540032 17.8877256909416 15.9570188589597 20.8294944164134
TCGA-A8-A06Q 7.3617185431975 7.48418188250548 13.1470246095093 12.1418160168661 12.3785104630932 10.7399494151447 13.6129568918293 13.0885559389139 14.5990862830913 17.1841354706102 19.8582337483753 15.8396011367844 18.5240572170263 16.9378144337254 20.9999583202211
TCGA-A2-A0T0 9.26159383018294 3 16.3396315830693 10.3954815169512 13.8287144621483 10.8848310486421 14.9237450007419 13.8804154299016 16.2646160396833 17.9776410921365 17.267001140231 17.2088285370878 16.7450304988291 16.3175507330666 20.1936213120559
TCGA-A7-A4SA 3 9.0037698046766 16.3456025453565 15.2164327015043 16.2685919844698 11.5629130003533 15.8896970309655 14.1170717546939 16.8981485407725 18.9096891723548 18.3971237770681 18.2615254148515 18.1982523837554 15.594169691101 20.0847896398886
TCGA-A2-A3KC 9.71936164913894 11.0545082978282 16.5981797864617 16.4270572902985 16.8618811749048 10.3505199493518 17.311297461176 15.4873980545783 17.4470379008877 19.4948226993821 16.1820253897765 17.9443618830131 18.6785358595422 15.7691586504741 20.012167367369
TCGA-BH-A0H0 8.95956744103646 8.03882904314176 14.8391023383364 11.8637363108433 14.4436842797626 8.032062921532 14.7978811071294 14.5923837627868 15.4813003230692 18.3419734817239 16.0651242616808 15.7929361890181 17.4126514273055 16.3429318641762 21.3707012826787
TCGA-A8-A07O 13.3946565520247 8.78685746846152 15.7889905306283 11.6709215201941 13.895244097636 10.0860934377078 14.4209546217339 13.6288594285658 15.2008225805872 17.6957220497699 17.0002091944736 17.9532981296024 17.8898872602852 16.386469702952 20.7753759508183
TCGA-A2-A25A 9.99870401332251 10.8067878741034 18.4243961837555 17.3074642054139 18.4007359091224 12.2696219116069 18.4133561442211 15.91862849523 18.1698678978504 21.1468299141666 18.0970260397972 17.6353081866389 18.468645691378 16.0039183312644 21.1014276824374
TCGA-LL-A441 10.2472625332841 9.71943148887778 15.9142202881652 15.2061628956006 16.4802639371035 13.5592378944658 15.8924872574857 14.0249877751174 16.3291520957734 18.8231785896787 15.4706329290072 18.9051615936937 18.4714063738059 15.8999294660974 19.8635069064833
TCGA-A2-A0YT 10.9667657249599 7.75169427499256 13.9386169112001 15.0937290722811 15.2946274840815 11.1869567902789 15.9094892348938 13.5363116735711 16.2207675740039 19.2300074912655 18.3311156074187 17.6214161622411 19.0780408866262 16.5949474084937 20.9325149673084
TCGA-E2-A14U 10.9674545581359 9.09257107121106 15.2124183978082 16.6534246011844 17.3854220894682 12.3883770477128 15.4835394372599 14.609374381397 17.0333574529914 18.4955236492613 16.3173120238566 17.4637565174603 18.598226458531 15.2877112695936 20.3334762289183
TCGA-A8-A083 9.36193448799167 7.53629440264412 14.2359013272602 10.841613444905 13.5053008065181 12.5671999399849 14.1019162073871 14.1951565379053 15.0473036010762 17.8839062153344 18.5750989886311 17.3397238534786 17.76457660487 15.3294191744866 20.4353882855507
