X7042 X7043 X9459 X8503 X4088 X3716 X207 X6774 X4790 X369 X998
TCGA-BH-A0HW 13.514613735161 17.3279313892943 19.106634801739 15.8308541278585 18.3036201361152 18.7663603753061 18.4167874344729 19.6535565507085 16.8850108061581 18.331240019648 20.6445514637321
TCGA-BH-A18S 14.7732775894864 18.1300104641248 16.9607293297215 16.2760020529295 17.162522558822 19.0936354575711 18.1862390560455 20.2776606024238 18.1574505269796 18.6463032225399 20.823002516576
TCGA-D8-A27E 14.6723128796645 19.3908776623031 18.7605397613121 16.9767240317885 17.6219226361042 19.1737158127811 18.5321073220957 20.3029927473939 19.2518439363393 18.6679147148628 20.6415872725747
TCGA-E2-A1IH 14.9161742562538 18.8361761458189 18.6984853568888 17.9096075515413 16.6874256978532 19.5158625260681 17.3602928694928 19.8619049129524 17.7942723811789 18.7109053641984 21.1578112018232
TCGA-A8-A091 14.1183296696177 20.2404454352911 19.0400001225107 15.2118354678718 18.5225017898271 19.1365518211792 19.3178210873771 19.1434934898034 18.3281965946207 18.0722485195471 20.5138327914091
TCGA-A2-A04W 16.9034900592731 19.010317094902 15.7944850612767 18.9201465665699 17.3204144362304 19.9511843450078 19.5896859301675 18.5200341535785 17.1182760353805 18.9061160302836 20.9733775013518
TCGA-D8-A1X5 15.3058547528572 17.9703441495016 16.7528171653912 16.1835519711617 17.3416617453133 18.8268565241886 19.0189462649585 18.4261838744241 18.4086499475883 19.4853199520721 20.7080683125066
TCGA-BH-A5J0 15.5943108521282 19.2801689753025 16.400766768808 18.1206605555517 17.3701373432831 18.6131191122864 19.0236391298485 18.7903180015116 17.6948565851991 19.5904687249062 20.8522805440737
TCGA-A2-A1G1 17.8087300274958 18.4605863999047 16.76947771519 19.1266812649443 16.1193822381825 19.8383159455715 17.1106440614316 20.4511369642476 18.4475508823095 18.6617080955551 21.0779968015772
TCGA-A8-A097 17.2304596044593 18.5620105255995 18.153032888152 16.4665599907942 17.7721707973365 19.4368844871914 17.4784527432378 19.9416395265126 18.04200707275 18.9314429462857 20.5599770190111
TCGA-C8-A130 14.7743684963872 18.1732314128646 16.9044207366577 17.3047774983855 17.1695787324236 19.2706536098706 18.7746904024251 19.4388348678027 16.9820620178179 18.8807505783202 20.6866352665589
TCGA-A8-A0AD 16.0685485610832 20.1964610189202 19.2678536686959 18.4944693814345 17.6948572677359 19.8843289216657 18.4882995219545 20.0945624672889 18.8138249563071 18.4753880609603 21.3547348980437
TCGA-A2-A0YL 18.224421458387 19.1288598560336 19.2459910762029 18.2985765182075 17.9022474902245 20.5792731562107 18.0181170059042 19.5665911250719 18.1688000006503 18.6083057196699 20.6929653694686
TCGA-A8-A09G 12.8076772415114 17.2946599236395 16.7681986546372 18.1869477228992 16.0941610273995 19.3765121611201 19.6438168403384 21.1211856574017 17.6382753653896 19.0197368177958 21.0351775169529
TCGA-A2-A25E 14.3725613237604 18.4218573049018 16.6544991971929 16.9523170916353 17.4880669606534 19.2012229153318 17.1616170311389 19.5262037487139 17.1125416049885 18.202339673516 21.5523779972326
TCGA-LL-A73Y 16.4229199129533 18.1707805491656 16.9861084232215 15.8155023179107 17.1500750356663 19.7767868881674 17.7983356389775 19.380004676806 17.7498513762639 18.1893406652554 20.1407730405734
TCGA-AR-A1AK 15.3327067995217 18.6974062842729 17.8504760595024 16.8977320278779 17.5566541492124 20.1066634550105 17.8797688545459 20.1613565398597 17.7819582313028 18.856323710693 20.370380582035
TCGA-LL-A740 17.095422511914 18.4125173286 16.0597842581381 17.9359030307546 16.3270451097613 18.866298995456 18.9771189358539 19.6101760252461 17.8457062779056 18.6794731198981 21.2429470396243
TCGA-A7-A425 13.4309052745147 18.2339867675433 17.2410632081418 17.2821791463227 16.8427727262923 18.7700230672414 18.9202761873885 19.4471929779417 17.845342639962 19.1286394184036 19.9852919436949
TCGA-AN-A0XO 17.3877351003373 18.0348621101605 16.3840256931822 18.6805400990956 17.3277309220959 19.8269997768827 19.2170342049203 20.3872718937906 18.1808790157158 18.759800928779 21.0451301777587
TCGA-AC-A3W7 16.8904576459349 19.1718693097366 16.3164652714239 17.6553510052166 17.2442940616166 19.0510500359402 19.3527273644559 19.2680246625462 18.3867840819654 19.2778896451879 20.4735017596683
TCGA-BH-A0H5 15.6185345753671 18.2498964314268 18.7757912080065 18.0713140081785 17.46539322839 20.184657561773 18.1341421608442 19.9938411602838 18.6602893377122 18.9177154323129 20.9732023944122
TCGA-C8-A1HL 14.2582583266553 17.7799973338119 16.3368758793501 18.0463770265701 17.3955655712302 19.8683134746055 18.9895996922305 18.6013302582412 17.3165755168344 18.7362977275138 21.1516257761699
TCGA-A2-A0YF 14.0443465801683 16.9008859980268 17.4669547964292 16.8894284879694 18.1721028094136 19.6206158227841 18.0185261957053 19.8601557608382 18.0687635649438 18.9791453839167 20.5280865315022
TCGA-E2-A15J 15.589569015529 18.4181000688201 17.5763668359409 18.1480861108403 16.8020381451372 18.8809962833664 18.5312275084215 20.3964538474116 19.0260762298175 18.8179916071712 20.330341691305
TCGA-BH-A0BW 17.0487748871207 16.5254364248447 17.5122076364565 17.3229257035192 17.0873356974741 20.1214955695941 17.329316385854 21.2581047131757 20.1244294832483 18.3401501054929 20.658558015139
TCGA-A1-A0SJ 15.115394437216 16.9804114096519 18.591971988634 16.9069696267214 18.1926075078411 20.091316315873 18.5311892274098 19.4228991090704 17.7645896941402 18.2268521225554 21.3092771012199
TCGA-A2-A0EY 16.3356864560304 17.3960413772345 16.4068358187489 16.9441919508511 16.2625404775747 19.113177404935 19.2309569015164 19.7799349225968 17.5411305018323 19.3579082384159 20.4976186838905
TCGA-A8-A07R 16.7310617427795 15.0924087239671 15.937304830453 16.9366279223237 15.4476796721325 18.4372182322781 18.0658274149146 20.736432555634 16.3726991753877 19.193082477587 21.148523721311
TCGA-BH-A18G 14.9069159254996 17.3433710574906 16.5973282252667 16.7711849824727 15.517652202628 19.1169104516453 18.5717770303022 18.6448277322022 17.4286071548676 18.0158150151057 20.912522624948
TCGA-BH-A0BR 16.3378945025934 18.5251965340129 16.9681772445144 19.0014146822174 17.4847274152936 19.8679340777203 19.7099842218528 20.1055307070654 17.8074968435161 18.6532548596773 20.9936830807148
TCGA-A8-A06N 12.9145180424185 17.1321110584505 17.8283207089167 16.3238364013209 17.9348245473138 19.1939173822022 18.0875463279419 19.4797807218663 17.425592544642 19.3968427616226 20.8758095179843
TCGA-AO-A03M 15.4899206293711 18.1295946685227 16.9259632920554 17.4533482123208 16.8767999398671 20.4444469546563 19.4720719041049 19.6163537522168 17.6600215040103 18.6070964920907 21.5063930168774
TCGA-A8-A09X 13.7363810131562 17.6514198098155 17.1719302165108 17.3103732544935 15.9658598744986 19.2415505179592 19.5280231809819 19.3158949951703 17.987346752036 18.7668144998564 20.9747585832718
TCGA-E2-A1LS 16.8023608051697 15.458049378214 19.9113824707331 16.1513140861844 17.111764015001 18.694313119767 17.3852820255023 18.9617041210003 18.1971308642573 17.8551719493162 20.8420045878725
TCGA-AC-A5XS 13.4684744951557 17.9822627653876 16.4160070542502 17.7545293694007 16.3477322339568 19.1736518247073 18.6955158887244 19.0470361539109 17.8715172129265 19.1613806502543 20.2702162948183
TCGA-AC-A23E 15.3544017139024 19.1217281674643 16.7558971112145 17.0623786655485 16.7794162559466 19.7096794103397 18.2925182446935 20.2415521742576 18.492465703834 18.9791514607783 21.1093398152091
TCGA-A8-A06Y 16.2143856913547 16.1930405350467 15.7529683167103 17.7557298448163 16.6904723267645 18.9747708234019 18.0838241701246 19.7637620183076 17.6665459649843 19.125944871732 20.1343750132456
TCGA-BH-A0H3 17.5470058324399 19.4416600341459 18.1796788612508 17.9444463297509 17.9362464543537 19.8790210822527 17.9201764837384 20.121199841641 18.484774192993 18.4878560846383 20.8854298074233
TCGA-AR-A2LJ 14.2186337993247 20.1826361056805 17.8023482066232 18.2930164563181 17.1781878166835 18.9294170840884 18.6888558777186 19.424467130041 17.9271259400312 19.397646418546 20.8804196980243
TCGA-A8-A06U 15.2487998077611 16.8593481542125 15.6965317631982 17.6916671797441 15.9815859034186 19.084267995617 18.5108323408477 19.9251430252663 17.8005128489524 19.6097885475039 20.9581039335807
TCGA-D8-A1X6 13.2069315532572 18.2235885356425 19.0928552712136 18.7680261357404 16.8227054224905 19.8150958645073 18.4056278844953 19.5114412363259 18.1723999166241 18.5547477068819 20.6700866150636
TCGA-A7-A6VY 16.2232712114139 16.7377625965102 16.4745769523889 17.2435328723051 16.0389626934875 19.0811845676553 17.9597956854576 19.1584410128539 18.4574357618538 18.8715100672283 19.9987179782398
TCGA-E2-A15O 13.9640973715169 16.9259292498284 17.9417419769584 18.4338071834729 17.2567058062006 19.4304532483084 18.444365638932 19.255196914802 17.7121044944462 18.5922675096579 19.7409939501579
TCGA-A2-A0CY 11.7281210915561 14.70355069498 14.6937937551184 17.5625845080791 17.4872232452692 18.41272084722 17.8535004770008 18.9675475959305 16.6022142503859 19.4613530076489 20.9845937352628
TCGA-OL-A6VO 19.3865793537501 16.0872037328342 15.8983809771118 16.9014910574795 16.0615369568978 18.4727431297798 18.2666512392227 21.1083927074179 17.2640149811808 18.6342514403919 20.9304623143099
TCGA-A2-A0CL 14.3857551421239 18.8494001624853 18.3542213896125 16.8624939817736 17.1371312591703 20.1648016749177 18.0467440617715 19.6414640593177 18.5838141273621 18.7975969246184 20.6490138333588
TCGA-AR-A0TQ 14.533318919603 18.6380746865976 16.6437976586328 17.3938696707535 18.1455509923063 19.9861183530977 19.0392682921445 18.6223434853902 17.6230189300335 18.3449726207499 20.6393680035503
TCGA-E2-A573 14.1628453715147 16.4597321324743 16.0779596399911 17.4539269825157 15.6480595073198 18.6466993088145 18.4749845327262 19.6276313064694 17.1587778970305 18.6370955779744 20.7932650791447
TCGA-A2-A0CW 13.0626784135747 17.1722474420803 16.3055326564604 17.1398768366084 17.4046493934972 19.2450395287217 18.427225448273 18.6233931820872 17.4254277443154 18.3247092520588 20.0973579292257
TCGA-AC-A3EH 17.176028015869 18.9433868696014 15.9747670762927 17.4152215581469 17.716443770549 18.7964795984049 18.6432625518494 20.3588681336562 17.5046901377718 19.4606679999026 19.7622220279
TCGA-A2-A3XX 16.8944835395799 16.4238761393995 18.1142126408549 17.3849275402235 15.523238406874 18.8063666264986 18.4555181050168 19.3020778348623 17.6291729268697 18.8380305061803 20.5447161187265
TCGA-AO-A1KQ 13.8545328621574 17.4962758150486 15.949912166835 16.5634463738192 17.3372063398789 18.7236966892816 18.1454749273546 19.3150088994427 16.6332958402435 18.766620801932 20.3750215550077
TCGA-BH-A0HN 12.7776911938291 19.629146001975 14.6686202215838 17.4362158358674 16.7565236125614 17.6308477324354 19.0626981393672 18.7494453864628 18.0491290275703 19.3161294601715 20.4506761285252
TCGA-AR-A1AR 14.5187696729387 16.4242008878154 17.8221193539644 18.425875509565 16.8625239393385 20.0974035644186 17.6052886195826 19.6120918080945 18.9529974826194 18.510073941296 21.3301153764817
TCGA-AO-A0JD 16.9702623365654 17.8808986616933 17.3704069590902 17.2274771150798 17.8961200594955 19.0199572644438 19.3483035963282 18.9905753635546 17.5328186414026 18.7594084766572 21.0312941321423
TCGA-A7-A0CG 15.526099979149 18.8260404437689 17.748210020494 17.8303744196356 17.3850745233992 19.8641702651953 18.5175333646902 19.3578422112344 18.4529868936862 18.8139285944399 21.0541740025224
TCGA-A2-A0T4 14.811861407742 19.6520789318921 18.3250919712807 17.2301564826369 17.3004020533811 19.2701350945604 18.4394255371682 19.7131784299373 18.072073487084 18.6665741386838 20.7014038616473
TCGA-B6-A400 17.3635265035756 17.3271338160849 16.9292019188992 15.2489289033795 17.6126101404917 18.545959641505 17.6583881961427 19.2552040692684 17.7320214607677 18.9320623784376 20.3337896789481
TCGA-E2-A576 12.461141396772 18.0667834446193 17.1796833654194 17.9607068532711 17.0698687408818 17.6213655467025 18.5502138187414 18.6536673156958 16.6459115383444 19.6401235700539 20.0368980262468
TCGA-BH-A0WA 15.8572951556804 16.7228539374382 16.5245135187463 17.1304389578441 17.9427602317081 19.0568333896035 18.0982003744661 19.8536459860513 17.5506083541065 18.111572840831 20.6970299984215
TCGA-A1-A0SN 15.2685511986067 18.9777741068357 16.7284226782248 17.451730637664 18.0255595517861 19.5713599308643 18.979392278666 19.0799313428564 17.7587510432211 18.3757438594841 20.6940996356762
TCGA-A2-A0T3 15.2060943911258 18.0371419061755 17.9952932167154 15.0439470916533 18.2504199155682 19.5194824214525 18.2071024168977 20.0562382751733 18.4963641156716 18.6920167453883 21.0082414867163
TCGA-BH-A0AZ 15.4193800232277 19.9494586047653 17.0362336036004 16.6672751004678 17.513547267477 19.9605287567124 18.1043427624873 20.0708503005851 17.7240541075947 18.680817369998 20.7146584092848
TCGA-A7-A4SE 18.5114171724187 17.7456183696649 15.7272534257264 15.8912667071757 16.2458969451457 19.5520066138494 17.9381542033465 18.977557763682 17.5132091750838 18.748827527465 19.2246259479432
TCGA-AQ-A1H2 13.2283627723799 18.6642480606216 16.4586501186309 18.9573044391273 18.6700765199137 19.0817587967182 18.0597054445208 19.8001158642014 17.9258791304949 19.7186183921578 19.9118883663371
TCGA-A2-A1G6 17.0106752886538 17.6411713147601 18.1580940978324 16.7007683344618 17.75981146316 19.9814246871753 17.5090301610388 19.7143807525674 18.2374310977614 18.7432177674176 20.666130278058
TCGA-A7-A13H 17.1517577952461 18.8532583187331 17.3084196676 16.8043010344313 17.5855275773226 19.3971132497662 18.5286700629913 19.5949665496549 17.9825300441728 19.2105397180343 20.5938258080992
TCGA-B6-A0IP 18.5092030970143 18.0193823670353 17.9675615837151 18.3564475833331 17.811804204642 19.4896878786536 18.3425856368765 19.9005966745057 18.3630217491647 18.7778176365068 21.1102482240244
TCGA-A2-A0CZ 17.0139194808417 19.5773714527069 18.0403033303644 16.496081353742 17.5696497076497 19.9214976798388 18.4137292088179 19.6009617609754 17.8648909426146 18.8899101737704 21.0155839311347
TCGA-AR-A2LK 14.8288200595004 17.7733105938947 18.608181375589 17.3947989953272 17.5967488018178 19.5227596197674 18.4825642079802 19.9246113860283 17.7762421786071 19.0063281929612 20.4070170256401
TCGA-A8-A06R 16.3547663404413 17.4065156456056 16.0530606926263 17.4663089234874 16.6855276165455 19.1520967285078 19.5428183568634 18.6076908047042 17.2462893316731 18.3117203813801 20.8330155673195
TCGA-AC-A3YJ 13.8843899947906 16.6202933787666 16.3964708999673 16.8830867842482 16.632572998689 18.3430782469596 18.5309739440887 18.8535951305904 18.4379812680449 19.6991285286295 20.3547025114499
TCGA-5T-A9QA 16.3846977710386 19.8893577426982 17.435733358601 16.0700429950049 16.6110733294377 17.4818983037732 18.5179921818441 19.8849485773788 18.0502030858633 18.9857524799624 20.1796652391282
TCGA-A2-A0CM 15.1369350197257 16.7039350563472 17.3118297548579 16.390347302827 16.6545450164748 19.4744524745882 18.2183794365929 19.8737120819173 18.3759163201986 18.1666644846874 21.0365961433625
TCGA-A2-A0D2 16.5510362495247 16.8354612425334 16.7693640288785 17.2687407746326 17.4893931551131 19.0840462344742 18.5216604015254 19.6861772887637 18.078348238205 19.1764127820113 20.4822226370925
TCGA-A2-A4RW 14.9922722188059 19.5875792059293 17.1614590278135 18.5518337518287 16.2856852400166 19.35884342381 19.1586847576853 20.1946745292421 17.7632524811412 18.7849590983581 20.0310787757377
TCGA-A8-A095 17.7326524040826 17.857672112074 16.0279717599733 18.2090314886235 16.9217518500664 19.8096551743888 18.6280825978378 19.9907308635481 18.4542675468299 18.5721127801677 21.0825422441289
TCGA-A8-A09R 14.7312163696965 17.5656802207812 16.6410857822778 17.3343952454038 17.4222054453041 19.2998396555339 17.8123411177576 20.0222296962739 17.5260373671254 18.9586575775328 20.3369924372887
TCGA-A2-A1FX 15.3592168657699 19.1826579851298 18.9961274318545 16.5636660603019 18.2360727949949 18.7191167153041 18.5744269935315 19.1395758430444 17.8108073112992 18.3790277607637 20.4388407616114
TCGA-A2-A0T6 17.5934398550706 19.7237025790664 18.6496224737029 17.6814848272878 17.1527534034533 20.6159924250994 18.203212192664 20.2761854577308 18.3297931121513 18.6658361066946 21.0883873810819
TCGA-E2-A15F 15.8874851477576 18.0839997706628 19.1670679209155 17.2189278033138 17.763475765579 20.1391028156578 17.6043600455079 20.1888182179133 18.1453993923183 19.0009490573344 20.7822717530171
TCGA-A7-A3IZ 16.2600930072999 18.8350036088764 19.5788072812023 15.4963660340847 18.2294020197741 18.6517028143129 18.370757344294 19.4497691134056 17.9146918452539 18.7066795925696 20.4772643351322
TCGA-BH-A1EU 15.5662257762167 18.6415256950668 18.5520885584441 17.3355971287002 17.9505853621776 19.9707962601735 17.4245142918122 19.5851924117577 18.3356484707346 18.8129973503075 21.1295267795526
TCGA-AN-A04A 15.8635242645388 18.5549582883428 17.5018874721309 17.0464541578975 16.446904610673 20.0738354366936 19.0385234830831 19.658363161965 18.3647394659789 19.0391560214857 20.7930885976749
TCGA-A7-A0CD 18.1451396961396 18.2848330185244 17.9810238390187 16.8282006831042 18.264975329276 19.1827644729678 17.8197780126961 19.594458995739 17.4572044291914 18.7605680727213 20.9225335553143
TCGA-E2-A156 12.9648193822884 17.5133460092025 17.8247646490334 17.279483443164 17.9742094585081 19.8954119943748 18.108392906216 20.131959121998 18.5205363416575 18.9533052691742 20.7481857148384
TCGA-A2-A0D4 13.0001569473212 16.3611597468753 16.8707728487902 17.2240165889262 17.9642615561851 19.7164780360025 18.1325321830238 19.1290755083251 17.7753758140036 18.7943024046153 21.4019658688575
TCGA-A2-A04R 14.5795485720802 18.0203006560579 17.3633390598845 16.4515310586494 17.383907027298 18.8094311508736 18.1851729821703 18.8418884939578 17.4010081839502 18.2578475187934 20.9031466418131
TCGA-AO-A0J4 17.6346455490829 16.6438520125748 17.2572299003597 16.6545127094066 18.6460964150956 19.5687060267115 18.2519780101698 19.7897183058556 17.9230244102227 18.1852662699004 20.3052599587437
TCGA-A7-A6VW 16.0116507776725 15.6419960770597 14.6263821171285 17.5935735341127 16.7165893742305 18.6770283614256 18.1573475990571 18.7196866802182 17.4308915669906 19.408458455458 20.1574895743072
TCGA-E2-A14Z 15.4323202580547 18.1591390820636 17.629428151174 16.757990738993 16.9090537363461 19.3295294790734 17.6164198080693 19.5038180547505 17.9440443403954 18.9507272358838 20.6545729460186
TCGA-A7-A5ZX 17.9617527974275 19.6311675846501 17.1775889927095 17.0506450496883 17.3117929419639 19.4440906154362 18.3243244383164 19.6063942731738 17.8897231698585 18.9922059374999 20.5365553423624
TCGA-3C-AALI 12.986429404729 19.1404440018657 15.728697906497 17.2576825074076 18.1531113458868 18.8137872132415 19.3275655538066 19.0472288972792 17.5550148672055 19.8395719502806 20.0520689140461
TCGA-AC-A2B8 19.4219919395099 18.9265715579174 18.2673316953378 17.5019488258547 17.6948121323126 20.3001073586504 18.1848412979654 19.6959997703711 18.8654323918901 18.786334680452 20.7500332865329
TCGA-A1-A0SB 17.1043232711871 16.4189677356656 18.1592095102402 17.4713398226859 18.3914442434439 19.437222410404 18.1182301747135 19.747728334802 18.2260770431705 18.7003147827458 20.3344873308805
TCGA-E9-A229 18.3496262406493 19.6797890899461 16.8463662875878 17.5106192002783 17.2638791384302 19.985760752903 17.8896376032127 19.5922550017506 18.1386244207958 18.455705849934 20.6387734817562
TCGA-D8-A1JC 15.3424561582211 19.0218626252251 17.5719784654466 17.3432200555317 16.8564109948369 19.0859181339733 18.5033519906135 20.2667573647434 17.9262508349939 19.0271655779908 20.3092989546034
TCGA-A2-A0D1 13.1044119526159 20.8437227102892 15.9735583079469 18.0264328127913 16.2385037440157 19.4335458650811 19.7509134062311 18.1475672824944 19.6167680747826 18.7552582646547 21.1815629001053
TCGA-AC-A2QJ 14.4237698075359 20.608122526769 16.7203424504483 15.8597303170067 16.8050582731335 18.7522705776108 18.6365448009472 18.8884375405231 17.3464972557327 20.1310193079265 20.767576785525
TCGA-A2-A0CK 16.4799709740662 19.4127138392609 17.4869918261614 16.6719236977714 17.694960695335 19.1496925772506 18.3717282019168 19.5338936355061 17.5116332978301 19.2469231862255 20.8628372344352
TCGA-AQ-A7U7 16.8515075396921 20.2455308899146 17.6477079274159 16.7851576813123 17.4061352409848 19.6175504158888 18.3721337326473 19.8864596595379 18.1858593034758 18.9330706973119 20.5523388505622
TCGA-D8-A1XU 15.4308750055074 19.1101882472397 16.4718431024525 17.6227099572119 16.4238028702155 19.3326084087826 19.034516297725 19.5384091778882 19.2174011355489 19.2976943277165 20.6971112238153
TCGA-D8-A1X8 14.9215390572837 18.9747057189662 17.8462093088201 18.5245629197115 18.0064387549602 19.5992175289377 18.0645657597482 20.0244800961126 18.2172074213354 18.8691270000389 20.5064103147458
TCGA-A2-A0SY 17.8483099951152 19.436728167488 18.1825536354103 17.9427372851723 17.2793532927266 20.1108210032869 18.6999658292804 19.3727117828945 18.2999402865756 18.7734818037209 21.2000484868405
TCGA-BH-A42V 15.384064570243 19.8111449203957 19.2703711602142 16.8736441265797 16.9889100163139 19.502774273779 18.3972748787424 19.298927694828 17.820897778835 18.734318359393 20.3704909379943
TCGA-A8-A08R 17.1597763043295 17.3957162916984 17.8019447342515 16.3614973640895 17.6314500543875 19.2026012064134 18.2151181980944 20.0021787338404 17.5350703011953 18.5031191151843 20.7725757511791
TCGA-A1-A0SH 16.7387364955922 20.5630631987694 17.7818794974181 17.3415147695558 16.556228611316 19.7828909816319 18.6100048521646 20.2663810053379 18.17166241537 18.7697803780213 20.7746164348495
TCGA-AC-A2QI 14.8042752575561 19.087638225459 16.6994347693912 18.2670979786934 16.7863889504199 19.6867488553683 18.7797155795081 20.236554627868 18.1878879894634 18.5374948608892 21.0716994852935
TCGA-AC-A2FM 13.0485655144873 17.3936737956404 15.8686391993892 15.6585140702378 17.7047209108253 19.0237165451219 19.4480479497711 19.2218841267622 17.287765840491 19.1893472292657 20.1464236038414
TCGA-AQ-A0Y5 14.4861351133833 19.1683162168207 18.0293075501282 17.9430522168747 16.4328573604026 19.0642487458894 19.0215725912847 20.0637864080641 17.3699886009328 18.7275056829366 20.8915820146062
TCGA-BH-A1EV 16.1833771087745 18.7641719036317 16.3609492575248 16.6125677338553 16.4068481425782 18.8413311818683 19.2800313220379 19.5104697634676 17.6931210539361 19.0326573567967 20.3794367337195
TCGA-AC-A2FK 15.7727003415299 18.1537776004144 18.5363346809927 17.4465257545732 17.4073517820438 19.9443853069953 18.0500030721772 20.3232552368578 18.4252555355141 18.4745453510705 20.5761131367074
TCGA-A8-A07B 16.4024624565032 19.1223180001009 18.5849706312198 18.1810379253063 16.9210400454078 19.1176034272271 18.4615201257927 19.1167576843406 17.8995957245337 18.1631575662261 21.5276891535585
TCGA-B6-A40B 16.9070666473162 18.5156475196656 15.7079807638448 17.0725983413435 17.1153696305585 19.0588914639968 19.2919520838212 19.9852145004456 18.1633535186027 19.545040340631 20.1440068308456
TCGA-AC-A2FB 15.1584881366483 18.7620776258157 19.1248311140113 17.4206094791787 18.2110727064934 20.405380294789 18.0062422084846 20.3008056183746 18.1290460774475 18.6479095467782 21.2493708964512
TCGA-A2-A0CP 15.8682278956768 19.1533805027501 17.5242017948763 18.3091815216392 16.7520190003804 20.1276911395177 18.6218083253016 19.8893152543544 17.686027234771 18.5173653015278 20.8309661736169
TCGA-BH-A0BG 17.4428534005294 16.051357567746 17.2605395647044 16.3920543416697 16.1630439087157 19.4789550619127 17.7067897551263 20.629863900405 18.7720867333362 18.442097689586 20.6212223769354
TCGA-BH-A18K 15.9005679485699 18.6382374275836 15.7944755236257 18.4977236813339 15.8121377549105 19.1252219057141 18.8499761259006 19.7453727858971 17.4643001723107 18.5675890072607 20.7351320179976
TCGA-A2-A0SX 18.659853300843 17.6773644795247 17.1897407208701 17.0778165189072 16.7777977774551 19.6710162146021 17.8194413749063 19.7804630984051 18.2915760458992 18.5778899079152 20.7478760965109
TCGA-A8-A07F 19.3289939751761 18.5361991877734 18.4824693043398 17.3846750354199 15.7751768187577 19.9075282333786 17.8955384963831 20.1807013035292 18.1781302556792 18.7203926646027 20.3453370608116
TCGA-BH-A1F2 16.5121888351703 18.5416501630188 17.2304598359944 17.5770241575473 16.826594649827 21.2249409888109 17.3500704219253 19.6403298764742 17.9333366962874 18.9689225031073 20.6113404906796
TCGA-E2-A1BC 16.3431773672145 19.3879822518018 17.1869374886609 18.9892523003019 17.0666621674582 20.3596086004444 18.3357260973901 19.8618369378755 18.7639502547485 18.4290300727489 21.1275953465763
TCGA-LL-A440 15.9243990573733 19.200328422388 18.089448408461 16.5121355282508 17.3861946737046 19.4752427950597 18.2555233979057 19.7799311932202 18.1207396624768 18.8854471229945 20.2198401409702
TCGA-BH-A0W7 16.9733727764971 20.0025039700589 17.2064843674307 18.0213273904647 17.0322751783207 19.7033903361509 18.9837149363166 19.0430135764869 18.2574987841729 18.9489018530964 20.9701015200306
TCGA-A7-A3RF 12.9858539645677 17.9891672821771 17.3035769318392 16.1892678541033 16.6063822467246 19.0471694061047 19.2782403978433 19.2588497909725 18.0415899896845 19.130527654475 20.4403299145371
TCGA-AN-A0FK 13.7593303870239 17.3142511017571 18.0148958254838 16.0034933160962 16.4496226038941 18.8012969689177 18.7954343538873 19.7760569089997 17.4235358762499 19.428404230878 20.2554897881324
TCGA-AC-A2FE 14.8507687072792 19.6011879269615 18.1701534600777 16.6372180618235 17.441465342773 19.2027548550611 18.233608166074 19.6928797854986 18.1907027671598 18.892940613963 20.3328884108372
TCGA-GM-A2DD 15.4401193854879 18.4208018662942 17.0784377671652 17.0304394699116 16.0965286956618 19.273965481964 18.8783332448759 19.1390525266316 17.874402576998 18.4563994771133 20.9262461507418
TCGA-D8-A1XD 17.4238778324464 18.5757118526386 17.0987223313972 17.8129991720597 18.2896958175746 20.7161858619219 18.966857777386 19.2960491865027 17.1814812269853 18.1947022218437 20.9312210680092
TCGA-AN-A0FZ 13.7444133137402 17.967528900936 16.15610100889 16.9430404556586 16.9728655732348 20.3520860452763 19.0305963906365 19.2084714387537 18.362227635043 18.6655608954614 21.3695652651918
TCGA-A2-A04P 14.9671144879956 17.6323695309932 16.0717692798993 18.0403697108503 15.9230601729701 18.8431099573257 19.2521217778519 19.227576614259 16.9468786528787 18.1960192864462 20.5002528609718
TCGA-AN-A0XT 15.4930868760122 17.3309496932956 18.6578729006643 17.9045727691785 19.7850666727316 19.6993336705432 18.9366591711649 19.032534102328 17.2109089085531 18.7624093773232 20.3555054741721
TCGA-A8-A0A1 16.041425675741 18.0597764332314 17.6383712509938 18.6822075374701 17.6275260772939 19.4415951048473 18.2354760942471 19.8743834019719 18.2531088053991 18.8396932912404 20.669089679147
TCGA-A8-A084 15.5926724797897 17.726329597518 15.4716586372323 18.3028660854479 16.3012634342012 19.2983578171572 19.7664313827838 19.2780048213575 18.6039724372943 18.9547627953771 20.8060145585917
TCGA-A8-A0AB 13.8127249099442 18.5813230048356 18.852224241268 17.1372822817731 18.158954613266 19.2292819052606 18.0007191343451 20.2607727366752 18.2918608392045 18.7498255127935 20.8843368863517
TCGA-AR-A1AM 16.4255741584655 19.3150633019574 16.8959621223801 17.779239969654 17.0714049989739 19.3924351136995 18.6660008527164 19.817999298467 17.4965577084998 19.0794701219197 21.0843145493204
TCGA-BH-A0B4 18.0373354481845 18.9246235392151 17.2292850861672 16.8493999470852 18.4035348890682 19.5765826194025 18.3013739288054 19.7424000204676 17.820951511039 19.1927706231461 20.502324383723
TCGA-A8-A09I 13.7554991010768 17.5023856329856 16.2123443782957 16.7881999283745 17.6272543661387 18.8321638725545 18.8577649891133 18.6206667517333 18.5357271183521 19.1485795540819 20.6503376113562
TCGA-A7-A5ZW 17.8617132335815 19.2804994558351 17.5296600316413 17.4796738087125 16.9069091654796 19.6912050750519 18.4435606906705 19.5258166795276 18.1694093466467 18.6045047882756 20.9002769279696
TCGA-E9-A1R4 16.3194307026319 17.4255513493001 17.6683718220916 16.991772271179 16.7551561207156 19.3488860962766 18.2519586810571 19.5691247786305 18.1051460934192 19.0075395917854 20.6964811770215
TCGA-A8-A085 13.8204180752266 18.4721760135348 20.1035805031822 16.63693994247 18.4467657985479 19.5543457191421 18.606224871252 19.3644709374278 16.7645252565363 18.6712182739471 20.8677981377553
TCGA-B6-A0RN 17.9773596757616 19.3403900505741 18.1990811211416 18.1450536753629 17.3437373173071 19.120434083515 18.1417636540087 19.8930387676972 17.8429260506531 18.601518862856 21.3555010680577
TCGA-AC-A2FG 17.4970453126494 18.2845143221281 18.1222192936637 17.1124497125585 16.9926945172907 20.0372565801533 18.5515729865494 19.5804566949779 18.3506781053954 19.1322087463824 20.6108504593697
TCGA-A8-A06O 14.2494073004774 18.7282495629401 17.0766830187335 18.7108312709668 17.7547713293117 18.9835504591643 17.479540658624 19.7786080255017 17.584952563667 18.9567506428674 20.9182828259477
TCGA-BH-A0BZ 15.7731874462862 18.5501632709826 16.6732415571735 17.3167509943657 16.9079804351613 19.4378307084938 18.4032079922682 19.1562858634648 17.5664831301073 19.213890314858 21.1780492829662
TCGA-AO-A0J9 15.2558762216225 18.0320381245411 18.0460959685316 17.376436612101 17.3280731480836 19.5194163185561 18.3946152564134 19.2484270403094 17.3680593045405 18.1141060213911 20.4514585287455
TCGA-D8-A27P 16.9564159942124 19.099279037153 17.1434030974787 18.4628139550202 16.8359958887037 19.5363039115575 18.5046110109537 19.9523989806095 18.4950931945363 18.9879570404864 20.8042412513256
TCGA-A8-A07J 18.0250209995535 19.4074702095838 17.7215068030884 17.2089011799151 17.186507405171 20.249156585086 17.9307415558703 19.8386665564334 18.8899328353998 19.0689503445658 21.1385063283128
TCGA-A8-A07I 15.5382386878284 18.5136176287701 16.6998693448613 18.2685317590163 17.3422007184665 19.4323771577302 18.6764473354941 19.3711279136309 18.3146281222975 18.9414543821194 21.3905285714242
TCGA-A8-A08B 15.4042723263001 19.4851653390443 16.8694087549826 18.6453809666465 17.1649919134351 18.8932491496311 18.9315075263418 19.4262067298819 17.158372111507 18.4451711100049 21.0301080140617
TCGA-E9-A247 16.4589891430616 18.3452463674419 19.9655416989776 17.347845041923 17.7247155210842 19.0101304560356 18.5453156788768 19.5723082606574 17.441803424914 18.7990549142022 20.5391494966266
TCGA-BH-A1FJ 17.5869917285194 18.1433046625536 17.8685981991984 16.9681526402148 17.1595649260599 20.3717387856434 18.0910911993809 19.5757477652626 17.4848903542279 18.6677864346005 20.9259111172673
TCGA-A7-A4SD 17.6425081599324 18.0320971531631 16.2674486528321 17.8819280049491 15.6134810923692 19.2813691622369 18.1815702969283 20.8044733145374 17.2929871195137 19.1754128306733 20.2516167041448
TCGA-A2-A0CU 14.3338637770494 18.3099268878261 19.6635069526883 16.4816451421409 17.0825889677708 20.0113049744623 18.0360040500157 19.5445860729435 17.7655889268829 18.8316794857867 21.711512701152
TCGA-BH-A0B8 14.380105994401 19.1734960856204 18.8572338109127 17.6007138506153 18.0046977944785 18.9594477798917 18.7013258971882 19.6908942374729 17.9650169425052 19.1610452897205 20.4000173249173
TCGA-AR-A2LR 17.6314847366585 17.1418408948259 17.2239342205967 15.8031438615259 18.441892307225 19.0021168469482 18.9393334497154 19.5844030778967 17.1961127920492 17.8765589007426 20.0045911516084
TCGA-BH-A0HI 15.5375771553296 18.4209738461962 16.9286740111918 18.3325467668908 17.0812636678639 19.57270984905 18.6665498143297 20.2854116428852 18.0564119413223 18.9829022867966 21.0063001312627
TCGA-AN-A0FW 15.5580828746901 18.0937626448925 16.4395583448434 17.4599870564476 17.6078484645365 19.2288698946405 19.567557231015 18.9317824576089 18.5253803750619 19.2497484479281 21.2568353494039
TCGA-AC-A23C 15.7309743742869 18.7916940257664 17.2800111219536 18.3020212622 17.2660181769624 19.6468693545536 18.3373845936999 19.3038555613916 18.8761848243893 18.8070439357233 21.1302685937492
TCGA-B6-A0RI 18.6252650922067 17.7513832289784 17.540619565749 18.2172576794019 16.8917858269445 20.8679189408663 18.5744231440278 20.2472274351606 18.3495300452325 18.906065759896 21.1753357639012
TCGA-E2-A152 14.6776950375246 19.5943715089208 16.0714015831492 17.8722937079719 16.598859609617 19.5198262638392 19.3024819676451 19.5655585579867 18.258356996553 18.2914621247735 21.2027362195726
TCGA-A2-A3XV 11.1425188814732 18.0474662609105 14.5474160337364 17.0771341344694 15.524029201591 17.9439643544196 18.5660249966116 19.7181519221518 17.2491773471782 19.6823524509203 20.646075199828
TCGA-B6-A0RO 14.0501442937612 17.8179081080892 15.8764983811834 17.685406286785 16.2378915502633 18.9430863075618 19.6380575833664 19.9371527578661 17.9292502495897 19.5137434813049 21.2864190097434
TCGA-A8-A06T 13.3037363347573 17.8355418563225 18.8157114162492 18.5750842861861 16.839392050149 18.870265223925 18.4558113797113 19.4233858549075 17.3744009502599 19.3108698040121 20.5347218746433
TCGA-AO-A0JB 13.779235004658 17.6767286206834 16.1284039508298 17.6078075787344 16.7287540368031 18.6259018268354 19.3463992299453 18.4484637762922 16.9969158540169 19.3704214639345 20.8853270211519
TCGA-A2-A25D 15.7778251478127 18.5197026309201 19.051299816423 17.5337218182136 17.6506083307778 19.2942862515677 18.6205837958676 19.6449666842892 17.8173907683991 18.869239715402 21.122346288918
TCGA-A8-A07P 15.0798213189543 18.4853437898428 17.0597065471758 18.3123164916721 17.826007262526 19.2281315161294 18.2869680082715 19.4682001650182 17.0060016035755 18.9780309836929 21.2918695912125
TCGA-A1-A0SK 14.3427728883359 16.0733044028479 16.6338556605248 16.6571790240743 19.1999646477221 19.0934368506952 17.9581368491803 18.7257240483249 16.717751434204 18.074627003634 20.5251751590654
TCGA-A7-A3J0 15.2383551453567 16.462105608074 16.8187491938018 16.2762118243187 14.5642839661111 20.1985355151869 18.7283066924787 20.810066276149 17.7356357857267 18.765511958396 19.9625480969179
TCGA-A2-A04N 14.7280964065444 18.9379202925816 19.002695658939 18.7604137224754 17.5113470527957 20.1064325769833 18.4128785705461 19.756737021713 17.5161557256678 18.2083963578691 20.7746833856032
TCGA-A1-A0SE 16.209656191234 19.2581908195662 16.9379164387006 16.7578472031619 17.4341485149611 20.3687880618582 18.1135301040681 19.8964015679282 18.0842826311776 18.4625380968374 21.1595155918924
TCGA-A2-A3XW 13.2789499880842 17.8122160499855 17.1003805529329 14.8686067680562 18.5142449060516 18.8783355580988 18.1008175904247 19.4651781754267 18.1874855063791 19.5135283087625 20.2595095255842
TCGA-A2-A0CO 15.9673990462488 18.3807810589536 17.4886578461076 17.3301458354357 17.2391907111709 19.4997279464576 18.5702403591523 20.0654472059925 18.3693005513827 19.0332585849462 20.4369869200779
TCGA-BH-A8FY 13.5856302291511 17.5722429823206 17.5239430182516 17.8557602604119 16.8909955622523 18.6732207539445 18.5662868318433 18.8113746420062 17.9824016590676 18.3800863825003 20.499687801185
TCGA-AC-A2FF 16.5543008025608 19.9798124421073 18.8004765992324 17.8289486236553 17.6093596690588 20.3296033922796 17.771081842375 19.4659626702279 18.3122436924312 18.5928689585953 21.0780085602947
TCGA-3C-AALK 17.4964516613866 19.2734137838858 17.9361150537608 18.2888648438364 17.4946434605378 20.1816767943658 18.8705947427793 19.077470036612 17.7713748383495 18.7371155951075 20.9222994710881
TCGA-A7-A0CJ 18.8340373012157 16.9624616392358 17.7572225223028 18.5158095117545 18.537210896344 19.521112173907 18.2235493044876 19.1624057500317 19.0317203346654 18.3334979188481 20.2225794182063
TCGA-A2-A0T5 16.3518809866487 18.5191777243055 16.3050227648369 17.1877174099317 16.863073676279 19.3153538776301 18.3421890378119 20.2782222102624 18.2416621286582 18.4122732611084 20.5060977878885
TCGA-AR-A0TT 15.1375431349047 17.4997763078518 17.7434560753963 17.2935790939553 17.5045798393178 19.7593036117702 18.1776622043396 19.3880417595396 18.334898643323 19.1407189738099 21.0481481067633
TCGA-BH-A209 14.917505917879 17.8689253397658 17.7665470074251 18.0506319087027 16.780163085778 19.7515005322315 17.7191924555593 19.2802221575271 18.120143805498 18.5637601584405 20.950214755003
TCGA-AC-A8OR 15.413135305625 17.0177003404934 18.0556149696469 15.7506002135127 17.8040950044053 20.0649900462236 19.0670340968172 19.6961657834165 18.037763614749 19.125168409824 20.3602680799908
TCGA-A2-A04U 15.7273050715666 16.5357363040454 15.823717871497 16.5834106231725 15.7917475194257 18.9602049072716 18.1901469640943 20.5787393163613 17.6448932397277 18.7932991796434 20.429633172204
TCGA-A2-A3KD 17.9108811975482 19.246599334091 18.0018523746193 17.04645694997 17.4138691123158 19.9911126638844 19.118460640876 20.2157287398202 18.509164738564 19.2135847793964 20.4155673131242
TCGA-A2-A0ST 15.4149771364126 17.3207010319212 17.9938306860432 17.0265949378103 16.753835760972 19.9224601748102 17.9560451660759 19.8401058146539 18.5927879967446 18.9008734098358 20.7378222215691
TCGA-BH-A1FU 18.6105362233526 19.178710377799 16.9146097569438 18.0447223182942 16.8842808090597 20.082163638375 18.9378568442776 19.2940561261414 18.2962835414182 18.5883453013898 21.0791143108402
TCGA-A7-A26H 16.2136949704164 18.7922022052102 18.3357562035755 17.1903274361552 16.9532194394287 19.9390086340936 18.1098383992221 20.7034387357946 18.3860813640028 18.6563135980318 20.6096808630028
TCGA-AC-A2BK 14.1119620575991 15.7625911805454 18.0957372299575 14.6625159974225 16.7677331111823 18.720150601613 18.0834684733222 18.781630472833 16.7672298543971 18.305622208523 20.5411072395563
TCGA-BH-A0B0 15.2550456545598 19.0407198389729 17.056591038644 19.2563379060081 17.0710178412595 19.944876031751 18.8882336894242 19.2986545708771 17.8621248331605 18.755414155115 21.0151878642826
TCGA-A7-A6VX 17.6712602929396 18.2528280053714 17.3014079665834 17.7841639412357 17.6451409878579 19.1312537187699 18.0027229486763 19.6534778099643 17.5127135150717 19.1375950027068 20.554544114666
TCGA-AO-A03L 15.9179007339216 20.0570601304148 16.1242594918081 16.7551127584688 17.748946979914 19.3211225830917 19.5621166647578 18.714533966208 18.6300347595178 19.2854140517191 20.73497538075
TCGA-A8-A07S 14.8920308003408 17.4762127614277 18.5306221888868 17.6815999156984 17.0291013335838 19.1722154807046 18.7732303118479 20.5593428714238 18.4144244898503 19.0501280739369 20.9211119962307
TCGA-C8-A3M8 13.9043368552038 17.8466338379871 16.266009886169 16.0050015940562 17.2809461959365 19.4159331851302 18.3275436297878 19.3347260565555 17.3627906822401 18.7224840002943 20.7479937890093
TCGA-A7-A0DA 18.5808108492508 16.9749468035327 16.4411491845944 17.0905740301935 17.3259805125743 19.6318391934719 18.1122429127687 19.7681253822564 17.7283164078433 19.4200439401262 20.439937577957
TCGA-A2-A3XU 13.4329580835266 15.8951655640019 14.7909951926781 17.0383364834958 14.4870077269684 18.7527416947381 17.7357251302773 19.1565794314192 17.3528708396251 18.9152083043348 19.8093839045232
TCGA-AN-A0FY 16.6273501481646 17.6448621882193 18.6546455035631 17.8140856718607 17.883574469001 19.9022346830346 18.0841368328977 18.8800459838906 17.2172696262865 18.3766381634404 21.1439603762327
TCGA-4H-AAAK 18.2965284892853 19.8568890133655 18.2028814277665 16.8015435193813 17.8201843905962 19.4343531513689 18.3301052896862 19.9185037787841 17.7677525707639 18.8154790639307 20.7055017586266
TCGA-A2-A0YM 18.498991789883 15.2581578295665 16.5283246161765 15.4395572955457 15.31852938518 18.8403138016527 18.4047967208751 19.7844630561022 18.7564063490457 17.984331186224 20.4289273580563
TCGA-C8-A1HI 14.0801985111582 18.2397635415424 15.6290781307849 17.027215190499 16.2181068146662 19.1668423136355 18.8675613032253 19.2657431277255 17.3587534896449 18.6765351302403 21.0470597162282
TCGA-AC-A3HN 15.888911676756 19.408568291785 17.6287870263065 17.6094784816821 17.7795911853092 19.6238940313094 18.2869325129016 19.7613352237752 18.2355709307703 19.1949045765386 20.5107807438732
TCGA-E9-A54X 16.8919063124342 17.8944458280155 16.275810156613 17.6181029954225 17.623922287463 19.0395162482002 19.005723162769 19.4087008533557 17.4912363378851 18.7064273558245 20.4644165816514
TCGA-BH-A0H7 16.5971643955929 19.0083551136846 17.182106977579 18.3044142030664 16.4135653525562 19.7059643908199 18.6837410753004 19.6391505857424 17.5255200627583 18.5617361653329 21.2245974550456
TCGA-A2-A4S2 16.1801301354184 18.6324993226677 16.5121820899948 17.8859816045466 17.524117283799 18.605234948916 18.5167820790303 19.8453374196114 18.2591395574839 19.128804123204 20.3603030816977
TCGA-OL-A66L 16.5352492654165 19.5335590556143 16.2098196081796 17.1945492117985 17.0819139820816 18.6849595859712 18.0209419555672 19.4082337645976 17.3240214533588 19.6286679438944 20.7430748456964
TCGA-AC-A6IV 14.5400708698288 18.9393792091099 18.0044042981282 16.0832553644947 18.0483706171511 19.5880718326348 18.5168696770944 19.4489553602933 17.7595734785813 18.8698881869432 20.2425970228827
TCGA-D8-A1JH 16.9724373778863 19.2429921820884 19.6161678081545 17.6251524360029 18.1190236581892 20.1361400895387 18.218605821661 19.9542117148231 18.2075610538188 18.5010158804121 20.8318950798253
TCGA-E2-A1IF 15.4327062710526 18.8269904726357 16.1627421374621 17.3475670031324 16.5749244996071 19.0158986365659 18.6234859088371 19.3966538355057 17.6490694273635 18.7719972099197 20.8072417080052
TCGA-BH-A1F8 14.6990002165626 17.991597487398 18.8961862953576 18.0703583664103 17.5428921590427 19.009696397639 16.7981041350202 20.0779988051194 17.2138828599702 18.3843512011727 21.1060121249223
TCGA-B6-A0IE 14.1084606029763 18.9246993918272 19.5838058876694 17.9326301484821 17.5659148674451 19.2170706050512 17.5498390279063 18.9004652918562 16.7020270853901 17.7562735313185 20.9648232191601
TCGA-A8-A09K 10.9200737166346 16.7692136783034 18.5844229013493 17.3966389479354 17.891134595233 19.2156023171613 18.0404078940484 18.3387682700684 17.660726802741 19.1837068549188 20.8307908246575
TCGA-A8-A08S 13.3638034187687 17.8897444770577 16.7145488463962 17.8499731389157 18.2741753795519 18.7032581825753 18.7485023876819 20.113088204743 18.3506129434892 19.1124856410124 20.3214070124791
TCGA-A8-A08G 14.7556867889172 17.6112492892101 16.6744210003919 17.2722445084934 15.679954876291 19.0261330163567 18.7784632915698 19.4654293477665 17.765317107857 19.3366392198577 20.5058394550631
TCGA-A2-A3XS 14.5012462686724 17.0140741693742 17.450436253634 16.3447109879014 16.3925979332262 19.1932029949701 18.2620818784725 19.4051908386347 17.3973488340079 19.3496478401714 20.4501652808844
TCGA-A2-A0CQ 13.2039808037233 17.2668306349956 17.0600705544806 18.1274004357993 17.7738065956395 18.5727496867661 18.4322891781754 19.6619487133751 18.0342119943541 18.0991196203599 20.8199893312998
TCGA-C8-A12Q 14.8768855758767 18.1160211458436 17.0587314975705 18.4038801708174 17.1206726713576 19.9040547539721 19.700945452994 19.2630025058868 18.1441875328336 18.3221478605947 20.6927249033789
TCGA-A8-A07Z 13.6561937655943 17.4956176711186 18.5053772154274 17.1513051472584 17.2513966841366 18.3513067130402 19.0620541254128 19.4047751664561 17.8064857351115 19.6994767748713 20.75039220667
TCGA-BH-A18U 16.095599247411 17.9283644341005 17.7252582106283 17.6037666331265 17.1821695331344 19.0228310660554 17.7615225321315 19.9877356869655 16.6985890298465 17.9087486795405 20.5741579158359
TCGA-BH-A0C3 15.0252420046827 18.9095667587259 17.8691399106487 17.4685689058996 17.4401954537034 20.497162638575 18.4036994981181 19.5964265933482 18.060040896221 18.6313254820569 20.6795253054353
TCGA-AC-A2BM 13.7231147395537 17.9212439883317 18.449425082486 16.9747560922421 16.9814805938821 18.7477817770136 17.6989108770882 18.9617734253694 18.3086063544401 18.2880360003138 20.7521257075499
TCGA-EW-A1IY 19.5975516802258 19.1483879479803 18.167764881 18.4918165354894 16.4247949670055 20.1883965539945 17.6199069215336 19.98689795978 18.9936915595007 18.263953134521 21.3644316784885
TCGA-A8-A07G 17.6337732022387 18.7554014505852 17.0344345089839 17.7870989099117 16.7842198787848 19.0609908944149 18.462544702431 20.2574891670124 18.5362141565384 19.3534228962675 20.9973305451435
TCGA-A8-A09B 16.1005622870205 19.0139868273713 18.0549210285666 17.5140712746517 17.0407098472507 20.0150951641899 18.1235805242319 20.02179006503 17.8603820615765 19.4406302432457 20.399270033184
TCGA-BH-A1ET 15.027387176439 19.5817713817285 16.884374797002 18.1328977423126 16.6999416751997 19.7904720329747 18.2805214598851 20.1594787651867 18.1539856893438 18.7090554257555 21.0273446393842
TCGA-A8-A08L 12.6296374193999 18.265369887099 18.5389415505312 17.1660451690846 16.8323211590326 19.6163525761866 19.5195639776883 19.3088592133121 17.4428611467982 18.8228618903316 21.2509322834574
TCGA-AR-A24P 15.7963757723287 18.7286009033464 18.4893669811107 17.8218164769957 17.3103409427911 19.6738914709964 17.8911743099664 20.7215575255843 18.134840463606 18.6944243011428 20.8238851516285
TCGA-AR-A2LH 15.9283543823093 18.2430552419325 17.2366381166272 18.1482617086726 17.5053982966743 19.7390447754908 19.5836654329246 19.6614687416445 17.7988681812974 18.9781576416257 20.9881534261624
TCGA-A1-A0SP 17.1175527054772 16.3446968379695 16.0600596076681 17.9876916482414 16.9553365641322 19.86365070254 18.4278555245434 18.9696597416513 17.8369022724262 17.9816929625047 20.9863175702235
TCGA-AO-A0JL 16.099375507258 17.0058905034971 17.3844269975229 16.7844895206539 15.5491335738437 18.4104510376163 18.1002321715546 17.8356500537347 16.9359222786014 17.8885865307646 20.3186864376631
TCGA-AR-A2LE 16.729105258186 17.3225536956911 19.6195952332457 18.0106671533436 18.2091381886649 20.0750068000026 18.4348785138811 19.6734270104172 18.1208209092443 18.8270578002822 21.0155226000314
TCGA-E2-A1IU 14.6660094473547 19.1900901401957 17.7620509406606 17.8246377841208 17.4521807985546 19.4411262050278 18.5520427215924 19.7146984503052 18.1106022916482 18.800463444731 20.6012676526291
TCGA-BH-A18H 14.7226333506776 18.1889434010247 16.6434389044502 17.5770227962993 17.2233888479819 19.5337430858581 18.5986175651418 20.062237052819 18.7433961004866 18.6587670737714 21.1011496909948
TCGA-BH-A18P 14.9326929087073 19.7510629752286 16.4356926312422 18.2903818673269 17.9834486373183 19.2249397164622 19.039840451946 20.0553884106961 18.5149693081557 18.6158330803664 20.7061058641224
TCGA-BH-A0BP 16.0653976663704 18.2515113136383 17.8034823494671 17.7585855511718 18.2235009502426 20.3967666582608 18.9698931784678 19.2690722058178 18.2350469864955 19.171658650282 20.4582933582299
TCGA-A8-A06Z 12.3195304174764 16.1999291225444 16.2130141014894 17.9909916845771 16.3155386592854 19.8965241486567 18.1432153111226 19.9334361093003 16.7029488053339 18.9930119767107 21.2241553694929
TCGA-A8-A07L 14.8823372942059 18.3964164181476 16.2282912440444 18.1056150037927 18.1366129003458 19.3834307053666 17.6725539349378 18.5651091870195 16.869666731511 18.8873145659213 20.1821485687394
TCGA-B6-A0IH 17.5192107466313 19.5247131713993 17.4061384482789 16.8887156654739 17.138674000246 19.7952794055248 17.6736789543625 19.7987144640319 17.9428053571329 19.0413534028482 20.6779544141299
TCGA-A8-A09D 14.4963491620625 18.697116485026 17.9959185332898 17.5002876102723 17.7099193237337 19.6799089881219 19.0772635471467 18.8885352740593 17.8205547218198 18.7786108015407 21.2254676320484
TCGA-GM-A2D9 16.7100698800615 18.6845713632772 16.9108628436115 18.4432522041919 17.7222570729451 18.5973385943811 18.9258938719275 19.2985918587474 17.4204886016208 18.6040182171969 20.7971902446464
TCGA-AO-A03V 14.2114761809043 18.802156598987 15.8232276494778 18.1388268187496 18.4270997298936 20.0654186929092 19.2359213489967 19.1271700245596 17.7631909924686 18.6836298895814 21.4518321600204
TCGA-A2-A0SU 14.1012310445753 18.4571845207698 17.9385411813306 17.6014489651065 16.8644083223183 19.4466521981535 19.1416349417028 19.9157784755335 18.207723902408 18.7983782115504 21.3825459849721
TCGA-BH-A0BQ 17.7968028470159 19.3912387904741 17.8685487282053 17.3297591504543 17.2855060026343 19.9724452929859 18.4593901292112 20.2728669308054 18.5235626760606 18.8228715952491 20.6972245952627
TCGA-A2-A1FW 13.5571046729132 18.893664418747 16.5179043397725 16.7799527691636 19.239953663582 19.3459080567702 18.6513898867846 19.0082000232499 17.5588125675306 19.0931084114897 20.8727424949549
TCGA-A2-A3XZ 13.2674873774096 17.7138812216298 16.6498005953115 17.722318816519 17.2889768907246 19.1154203222705 19.459935232928 19.1911129636515 17.9851246486771 18.9474903452351 21.2316844854616
TCGA-A2-A0EM 16.2344462549267 17.9935544077294 17.1628061652993 17.5985519598296 16.5661456915504 19.2580219792527 18.2769926824202 19.732381221304 18.6726450204943 18.9155871902198 21.1723920181571
TCGA-LL-A5YO 15.6130582575072 18.5192242146253 17.3062964645799 18.0439861572815 16.0027365864008 19.0286683441173 19.4797507457477 18.8084722077219 18.098534418111 19.1607592159456 20.7791806387453
TCGA-A7-A0CH 17.4825651594421 17.774279316092 17.0595744752554 18.5445968523993 16.4086135063593 19.3954215180215 18.268045997142 19.9849991993083 18.8247581730198 18.6598968610821 20.9752102117515
TCGA-3C-AALJ 12.7933776790096 17.5344835669758 16.7332153339889 16.3740939910015 18.0066020482661 18.984465704649 18.9322159418948 18.6998710301665 17.4089624036249 18.5475347851146 20.8399525877594
TCGA-A2-A0ET 12.7373111969832 17.695210226186 15.8971486192276 15.7616969891169 17.3405572998407 18.7438219821609 17.9369551287337 19.605895199322 19.0248786347019 19.3195262606122 20.575888890218
TCGA-A8-A076 15.2375715039076 18.5942342489066 16.1265629830173 19.059591623949 16.3795691603933 18.8601055568562 19.2804213712998 18.9128134681091 17.7052617419175 18.9550336758927 20.6335555509827
TCGA-B6-A0IK 13.6269197706251 18.3300636984307 16.1690101761393 18.7281045715935 16.4368972920341 19.7300482247253 19.3657008124221 18.8960181410975 18.4454766999761 18.5314609849961 21.5326790708113
TCGA-BH-A0BL 18.0966274299827 17.8951727671768 17.5602170365609 16.7598341334446 16.7584910080079 19.642054898672 17.5444563138081 19.7457887834254 17.9795429566319 18.315528205821 20.6275775796056
TCGA-A2-A0D3 18.1638786762739 18.063301507883 15.9910921681201 17.524892911351 16.6559819670731 19.3216233581754 18.5229022980649 20.3810664716608 18.5196524506096 18.9241511548595 20.6122841897553
TCGA-A2-A4S1 16.7997292447913 18.2577474521895 18.6322886388375 16.788648046406 17.8871637334802 19.1280125166781 19.0921788814331 18.7008828962208 17.6920488155828 19.5075967526924 20.7704445312601
TCGA-AC-A3TM 15.4358330786729 19.0589952387523 16.1070954435409 17.5624179649601 16.8047601818856 19.0514030951775 18.4851966416549 19.1685312633915 17.257559477906 19.8119985154787 20.719569689029
TCGA-AN-A0XP 14.1331759484598 18.1411611084276 15.664165743678 18.0120251496007 17.5043164737358 19.1975966830831 18.3903422854297 20.5911409867199 18.3547735605162 19.1633821047403 20.7369312981561
TCGA-A7-A4SB 14.0009432517167 18.3119321766993 18.8931787002877 16.1051384587435 17.6334626542754 19.2402816735166 18.3904131364845 19.3929176582063 17.6719317054615 18.8395574878339 20.789495535056
TCGA-BH-A28O 16.2542353125341 19.1877207616982 18.1671737277322 16.4315426333054 17.3006801532874 19.4536282748981 18.1480531330727 19.6121587016542 17.9445017129324 18.7815026187685 20.0949884185019
TCGA-E9-A22B 14.8783009897652 17.7948596783591 19.3850418347446 16.6957976414336 16.9754992887058 19.2663714190176 17.9380163321928 19.6786965212678 17.4317108205556 18.0405133592657 20.7880453421611
TCGA-A8-A0A6 15.6111736072926 18.7620648816491 17.4464201685395 17.4708217545418 16.9510771826359 19.4692434327274 17.926691874344 19.8057373583502 18.3322684943974 18.0642746825117 21.1443747279916
TCGA-AR-A1AU 14.7827928328456 18.287837946108 20.2918789775117 17.9976716200282 16.791032175529 20.1704726399553 18.1708182370165 19.7329682365191 17.715073338834 18.3682225761509 20.8428438942959
TCGA-C8-A8HP 14.233643841557 17.8952276591179 16.0594898927751 16.6916724205311 16.1512508881254 18.8061991054121 20.8545619111126 18.7573093620922 16.9582851589919 18.6494224650901 20.8055734223383
TCGA-A8-A075 16.499286778109 19.5957232322887 16.5827296276329 17.7322597606809 16.3633651653341 18.9743694316309 19.4018003655115 19.3163434951554 17.3103517261057 19.3674802705263 20.3060462571593
TCGA-A2-A0D0 17.1483260255103 14.4912184667506 16.7677429013769 18.1233991932695 17.3894091605936 19.0886336506842 18.7870614796092 19.0008480377135 17.3627185932927 18.4076676732345 20.4444798867668
TCGA-BH-A0DS 15.8744301630063 18.5650004833335 16.4400783832411 17.595255068159 16.9441603654987 19.0296754758038 18.4328176445648 19.5057395826883 17.9653933993432 18.3799857763785 20.8504798142651
TCGA-A2-A04Y 13.8711459851975 17.6024419868242 17.3708053053719 16.8305939237529 17.0095743602814 19.072977766116 18.6331606753788 18.4504556728723 17.2308473050107 17.9761803964687 20.7526405469253
TCGA-A7-A26G 17.7273108924456 18.6719604513168 18.4280804223967 17.1612853502526 17.3193795100502 20.107228243332 17.0880420341804 19.6600321843927 17.9587421419539 18.1286018378817 20.7255533723948
TCGA-AC-A23H 15.3460513001969 19.2808161782089 15.5898414657902 17.9729668988386 16.7765264680715 19.5294496858878 18.9829295269059 19.1319099018622 17.86659849453 18.9575429800497 21.3535298810637
TCGA-AR-A5QQ 15.2997799903978 17.5914961544391 16.3206910165504 14.9620429324106 16.9247174372301 19.1898861359713 18.5897739947489 19.3140279993534 18.4010718067682 18.8957262368401 21.0161948318469
TCGA-BH-A0E0 17.6840816796352 15.2145990883817 15.2937867501375 17.8479172197809 16.5405058735323 19.6896529284673 17.8861542518932 18.5942394861137 17.2765480476488 18.483266276568 21.4006388327426
TCGA-E2-A1IN 16.1090480366606 19.1656822603059 17.6255909756648 17.804898918217 17.1913120287634 19.2857944426573 18.0975658680046 19.9250489714143 17.6878177479954 18.1953803181128 20.9978727121781
TCGA-E2-A1IO 16.8570443034496 20.1629248931047 17.2475200659379 17.0661565407676 17.6104679289676 19.968481658091 18.5177912801439 19.8740934478923 17.8451942827241 18.8288829871779 20.8211857839347
TCGA-BH-A0C1 18.1847056791629 19.0386619253455 17.5016221747662 16.9592885550597 17.1668792820751 19.427789776939 18.4126072380084 19.7651757100197 18.2842530697422 18.8971046632064 20.3463719988332
TCGA-E2-A106 14.1507833769409 16.8565844168991 15.1215424618637 16.3563834911858 17.7623386057567 19.0210832827578 18.5629655313289 19.4823500623173 17.7452656681064 19.1340008552067 21.1969119876607
TCGA-AR-A5QN 14.749849093642 18.0850773490436 18.4572456636974 16.9140788427949 16.7915287664219 18.7467182234234 18.7528858888099 20.2446119181548 18.0239158813092 18.6829531113724 20.0538093232061
TCGA-AR-A254 15.2810813139641 18.874456805767 17.0541725466629 16.818827158049 17.0414068462692 19.3224430744311 17.7745488015607 19.8222446781926 17.8638125666222 18.118750779502 20.6142281998317
TCGA-B6-A0RU 18.8151565106959 17.0080157105997 18.4929212255664 17.7442227136715 16.9759865567789 19.1982040591639 18.7527859256079 19.2561532383478 17.341281254201 18.6003701738657 20.4814440171418
TCGA-A2-A3XY 16.9261001370717 17.9839952706536 17.8982938474961 16.7226955012365 17.8780173609409 18.903243956933 18.6447600544336 19.4532419473489 18.0393031319297 18.9176797391633 20.4798716468962
TCGA-BH-A0AV 15.872200557984 17.4044101706754 16.2951780109605 16.893076746599 16.9418568063115 20.2090723053855 17.6449901393987 20.1365275119352 18.1580977330658 18.6856296986891 20.4765528493619
TCGA-A1-A0SG 14.2079951912265 18.1238449193641 18.6058663030862 18.2642505846948 16.9888779256641 20.2407479629705 18.9399093647548 19.5635890441219 17.4467275038474 18.6637940042568 20.8360930258366
TCGA-AC-A5EH 14.9890490738562 18.8771859223353 15.9853975781061 17.8425249059601 16.4937038543534 19.4185338218508 19.3829910363694 19.3171354265385 18.1022313041897 18.2177146843116 20.6458562954814
TCGA-C8-A138 14.6923145643379 19.1596129032902 16.5678258776883 17.1807807631509 16.5572601589175 19.0835406035856 19.5878262727371 18.6495873185345 17.1906322807339 18.3272786095613 20.5301201477547
TCGA-AR-A251 17.5793299851652 16.2184123431128 16.0776864588884 17.3951582084306 16.7937063425371 20.0037199073071 16.1644801910748 20.2130076627685 17.6142024404849 18.990094051892 20.8965992700401
TCGA-A2-A0EX 17.3606071455258 19.6421135737784 18.4178591936049 17.8701219527976 17.3222854336202 19.7269493343127 18.3544787558984 19.7324108464387 17.7515856809519 18.7118435816647 21.3166027104632
TCGA-AC-A62X 15.1613666486871 16.7318172154018 16.4942849544661 18.0766561480836 15.0738871879288 18.9618999435679 18.0575391534078 20.4463442749586 17.5228201651506 19.4844945237517 20.1706491461477
TCGA-GM-A2DI 18.6384052989701 18.8971214358628 17.9210839796649 17.5763512956153 17.4242067687692 20.916385308009 18.7630064401866 19.9449330832252 18.620628888195 18.7636160204964 21.0904377586831
TCGA-D8-A1J9 14.2270850151917 18.1344265917641 15.8524852289568 18.075914917752 15.9465825114252 19.5270578779723 19.2342845898789 19.3878875354589 17.8489205300594 18.5636516969168 21.3950033150455
TCGA-A2-A0EU 13.5186499433131 17.2494190590513 20.5761307610056 18.3369615644488 17.591891495054 19.8086549031464 18.048392339551 19.5397313282541 17.4413575331161 17.846059264515 21.2315286827701
TCGA-BH-AB28 16.8468862831396 19.3456518221944 18.381739268144 16.7077443691664 17.7836633658651 20.1325501939659 18.3217498739533 20.0067692413764 18.4189520770952 19.1104835221056 19.4280508297236
TCGA-AN-A0AS 17.068809696958 17.1678274680022 15.7362483621692 17.9330057747561 17.0455015292974 19.5912107243831 20.0880011420166 19.8254283969912 17.925657056943 18.6318766987878 21.0249710452294
TCGA-A1-A0SI 17.2152171858913 19.0295874979354 16.9292827368943 18.1924981658832 16.5234592507763 19.7876181295607 18.9856678503607 19.4192802053977 18.0049025522789 18.7871862470979 20.8997348886452
TCGA-BH-A0B9 12.5514547884156 15.3339720337822 16.6461883972114 17.5973074400925 15.4503311739297 19.2688258399505 17.1412468251175 18.9522250465521 18.4508720287423 18.4547479882479 20.0335905709644
TCGA-A7-A5ZV 13.6436901034286 15.5826538275302 17.1161451861956 17.1802047404759 17.7985060141385 20.0575320632193 17.7718612681879 19.1377654453847 17.7841958733817 18.6859731917629 19.1997336416916
TCGA-BH-A0HP 15.3419677759148 19.9541681280429 18.6927965297745 17.8080036737642 17.0176468152399 19.6337699035825 18.3233511424925 19.3223921633785 18.2583590917209 18.5396816466016 21.0016774865268
TCGA-B6-A408 17.6835956474245 17.8032544980731 18.8735985584 18.751967590601 17.3918659412148 18.6117069640502 19.2222724882434 19.2628401688277 17.6135810035067 19.3673909013373 20.4589199731189
TCGA-A7-A3IY 14.964703834127 18.0923785710383 17.2729411170003 16.3900403463444 17.456558041354 19.6682767700949 18.3701892462492 19.6850563641593 18.5394275205742 18.7539294329309 20.9983493155202
TCGA-E2-A570 17.2700100582773 18.7564379446307 16.5649162181205 17.8489918617636 15.6217556607532 19.1813663523108 18.9466220012582 19.4548933885024 17.6005417876856 19.181179202015 20.5619549655399
TCGA-A1-A0SD 16.7781317798177 18.9511971144279 17.1594572059471 16.7877651695841 17.8791584587841 19.3418465796443 18.3853235451796 20.1920171959181 17.9578965912378 18.6923324320054 20.477716691608
TCGA-S3-AA14 16.3085462417696 20.0630659389594 18.0041587637701 18.6339675922008 17.7675686626782 20.0792115891518 19.0572697284166 19.9740916901989 17.8042643201943 19.014742108293 20.7203763507837
TCGA-A2-A4RX 18.3050180747329 18.8877012505353 17.0426300661147 16.9804603752516 17.180667798955 19.4289888289802 18.6974331427588 20.3288657577371 17.7030470017235 18.7561183551279 20.3385584250309
TCGA-Z7-A8R6 18.3432180783402 18.1115939544258 16.5616496253588 17.8637305874875 17.05852530245 19.4259478487345 19.1991475245198 19.5526035061185 17.4951252733794 18.7384951286977 20.7918304887463
TCGA-A2-A0EW 15.3385934405826 19.0479295114613 18.132876211406 17.885248674015 17.0181119716336 19.7647089219816 18.300903837766 19.7501332542142 17.9930900996971 18.7201512212404 20.7455043393073
TCGA-C8-A12W 14.6387648480441 18.1024906818631 16.9067324460904 16.8565842973625 17.3044513807568 19.6323344689705 18.0968095047655 19.9382629641036 17.5383640062478 19.0750975578591 20.509807624038
TCGA-A2-A0CV 18.5983983104473 19.4069333312872 17.0120518983985 17.2366804732892 16.0853169727724 19.8009595406186 18.4309898453941 19.8053321544648 18.4359552577751 19.3847024002986 20.7644905169483
TCGA-A8-A09E 12.7718613655199 18.3512689435601 16.6584634639727 18.1881423135172 17.836558782258 18.9427956257244 18.4688678761761 19.5441866574838 17.5035779556268 19.1656235770177 20.4151437702793
TCGA-AR-A24N 16.3045218569645 19.2348360398155 18.1784865640458 18.3388047372704 18.3766760040256 20.0406680563176 18.1630185388424 20.7002461222933 18.0849956683571 18.4662929578112 20.4414653822743
TCGA-BH-A0HA 15.0910532828853 19.5476995320153 16.3791832005391 16.8450589796665 16.7672999993208 19.350449125783 18.502496821261 19.1754356512352 17.6587994545927 18.147706107718 21.2344644928076
TCGA-A2-A0YC 14.2602604553135 17.8081090628658 17.3577440492812 17.6862965862549 18.0548865747682 20.0628644617051 18.0254678194763 20.5606241677622 17.8119195547108 18.9490644140346 20.6201386104546
TCGA-OL-A5RZ 12.322076302403 19.9230622292284 15.9813851706272 17.1555054647356 16.725672223927 18.6343996650223 20.1472474965375 18.2940157440959 17.5248300331118 18.8242486895537 20.6611290233307
TCGA-A2-A0CR 13.7881786920695 19.3197701236109 17.3292954910093 17.2498352177837 17.4998496348131 19.3948200198315 18.7163908546688 19.1155524734894 18.005770462375 19.6234416206616 20.8419105439551
TCGA-OL-A5RX 17.842984176724 18.5680809995758 18.2168689228841 16.9717190840152 16.8939664757046 19.6100786980793 18.6648812682899 20.1973511171836 18.6284492613748 19.062971010988 20.4396653954614
TCGA-AC-A3TN 12.6430653832266 18.665399784787 15.8433988411338 17.521175000158 16.9814250685726 18.1607706913631 18.608728479181 19.5295946153365 17.7011891252067 19.6718202506822 20.8438198362786
TCGA-AQ-A04H 14.3145745272927 17.0888033246295 16.9369129748426 16.4442492010157 18.4454425825908 18.8642684441038 18.9705525368421 19.0569338079828 17.5785114124926 19.0381262154662 21.2970462440692
TCGA-AC-A6IX 15.9351141050323 20.0499532018797 17.9923669360248 17.2554251034704 17.5035242101754 19.6030307557635 19.2190859603877 19.1968061278236 18.0113805104063 18.9622166159177 20.3212428052371
TCGA-AR-A0U2 13.4585242858523 18.0676507482221 16.1809431622961 17.4725283749027 17.0520362385056 19.1520043742562 19.3431519821503 18.7019618516524 17.8706077044086 19.283401920573 20.707512892819
TCGA-AC-A3W6 16.8146783803973 20.0573354415729 16.9109338579259 18.5252436580817 17.3070124346606 19.0581012819687 19.3038585882275 19.3270141180367 17.8969252391825 19.1529559968904 20.7869172526791
TCGA-A2-A0ES 16.9098328235265 18.8863145051586 18.3879475814006 16.8522326671064 17.3897569064723 20.1572901941819 18.2640522557461 20.094441674655 18.0803440086805 18.4962198520273 20.8784281596846
TCGA-AO-A03U 16.2889458147519 19.2391866139178 18.437914246819 17.2872210336566 16.5631816337775 19.7067218488411 18.6444364622433 20.0933622250773 18.1628968079297 18.7272854363799 20.6302251285179
TCGA-AN-A0AL 14.1871288064231 18.8173764642266 16.959597701849 17.5083884261263 17.4689546141027 19.5469808135368 19.3875645817098 19.2843020635198 18.3415547031798 18.8272878618204 20.7886159319278
TCGA-AR-A1AP 15.680864118602 17.4816216324599 16.8965319030815 18.2886961431859 18.4973518488826 19.9854336009129 17.9471802965112 19.8910376863586 18.4137456072725 18.8807094535237 20.6000019314071
TCGA-AC-A4ZE 17.3171252068285 18.216432638493 17.339252182829 17.6404536206476 18.4774349346478 19.5531856869199 18.7481085619617 19.3779604737357 17.3547120022497 19.2001326121369 19.5272611677645
TCGA-E2-A15C 18.169437454326 18.6048065704069 18.5934927787097 18.3474352476333 18.0816418292532 19.9580978071607 18.4199939047036 19.7972763097213 17.592876102558 19.0617184613327 20.724482884673
TCGA-B6-A1KI 14.3434287551741 19.039245001638 17.9935346520878 18.3518092055835 17.6434660846945 19.596666551424 17.852116843431 20.0844430978618 17.6429736221537 19.1070124064843 20.925915723382
TCGA-AR-A24T 16.8341126499427 20.4532404387533 17.3435904639085 16.138148966046 17.9493797165636 19.8511230902384 17.5387637131239 19.8812194262238 18.4051434586769 18.8504494204736 20.8753762701414
TCGA-AN-A0XR 15.0862425801158 18.0347255073063 14.8726036764253 19.0106758739376 17.27497162613 19.7084415839874 18.945376145666 18.9075997617215 18.0509938195649 19.1306232460349 20.6638677007746
TCGA-AC-A62Y 13.397860741531 17.9916998251287 16.4772593707267 17.8944157699454 16.5340621870389 19.2740287547936 18.7275037745846 19.2924563718714 17.6282536131669 19.1443377431198 20.9051320375202
TCGA-A2-A1FV 14.6362681299942 18.2812520233608 16.9736154391361 17.0119388490075 17.9497602579659 19.6952503724401 16.4620545220952 19.6529537835419 16.9655697065566 18.5947524770391 21.2360315742785
TCGA-B6-A0RT 13.8461411477247 17.6475918040483 18.6990042237456 16.7722243561911 16.948614626103 19.9902116185865 18.3106201768149 19.4097799236401 18.3017399641807 18.5424718928632 20.7331383728333
TCGA-AN-A0FN 17.9039639643882 19.8530704269221 17.753468415188 16.6164738515454 17.2290555820474 19.9395623567437 18.0225081511632 19.7264372277496 18.338546378745 18.3160376534215 21.1150929426028
TCGA-A2-A25C 14.6323585268241 19.018784627001 16.2412533171546 17.6042866815042 17.4672731309874 19.6338594320025 19.1767828611079 19.668620456152 18.0356923078801 18.7075385380922 20.4967694672089
TCGA-BH-A1FG 13.0276713220356 17.6808991491927 18.7666380879538 17.4752586719021 17.5265151873467 19.8411983686025 17.79996454875 20.1714114731373 17.4145565775008 18.851153524595 21.151482926506
TCGA-BH-A18M 17.2218761578193 19.1400308873573 18.2499562628162 18.9886036790317 17.9253307058296 20.1805680314659 18.2287353219777 20.0258215595387 18.0443420575388 18.7745912995471 20.8334838206742
TCGA-AR-A24M 16.5872223774417 19.0249440405311 16.9807764542743 18.0485875262973 17.3322196546602 20.0588477477528 18.3329622118966 20.2236165682718 18.8746286856278 18.919516293107 21.0525156061534
TCGA-A2-A04T 18.2354224108255 15.984838895429 19.2770737178314 17.339687392946 16.1734986101395 18.6251849034845 18.4234080655937 19.0674903324416 19.5392018327406 18.3887826935231 20.7118028503444
TCGA-D8-A1XM 16.7696269286083 19.2654394779866 17.5788645945489 17.815291829879 17.124455921119 20.1325390487078 18.1110556685904 20.6901433661093 18.1429000064051 18.5164978255982 21.3710915893017
TCGA-A2-A0YI 15.2938385693005 18.8717472697312 17.9126248982664 18.7167744087697 17.3694939519168 20.1073298438245 17.8659112674721 20.2662676293326 18.4050812605655 18.899509331402 20.5745650497198
TCGA-BH-A0HY 16.7124393097864 19.6556303135727 17.0128862307615 18.9505111868161 17.7242124972133 19.4118979278616 19.6968938044861 19.5719145146683 18.5281542804178 18.1676558452266 21.3126822903833
TCGA-A2-A04X 13.5782531651524 17.8967457231239 16.0829034187488 18.8319483798193 16.9116908526471 19.1512382514691 18.6282288116389 18.6170580108097 17.1440721476116 18.3462996036536 21.2121114330353
TCGA-A8-A0A9 17.2532184575035 17.5929784383133 16.1725002353107 17.9549999146788 18.4447178004649 19.5220295125197 18.335002571311 19.960470584801 18.3075698937717 18.7391100214403 20.3483652400629
TCGA-AN-A0XN 19.2563564721875 18.7246082723709 17.7708155725755 17.3474875581761 16.5512257981221 19.8804672061684 17.6216160629058 19.8998778099304 17.9727090336045 18.9125770387847 20.7740018323834
TCGA-D8-A1JF 17.1142146753325 17.9989707056575 16.3899303646663 16.8208809825883 15.6998837819356 18.8784439305926 17.9392579550588 19.9653060950451 17.8706615381229 18.7331804768785 20.5523521825595
TCGA-GM-A2DK 14.9381634752117 17.0515378817969 16.9415415238338 16.976100820557 17.3347141321794 19.5330782008412 18.0276465436437 19.0735417685853 16.9147149442962 18.3558342536361 21.4760295579515
TCGA-GM-A2DH 16.5100837857026 16.92908783969 17.4319003175727 17.7723044884258 17.332185343596 19.4162943642461 18.9136554938099 19.285902509552 17.5422993716806 18.8333073167278 20.8382445387405
TCGA-BH-A0BO 18.4505856537778 19.551690001065 17.8275962146711 18.166707532305 18.2903705536551 20.4914607112955 18.2866775200432 20.7287954768201 19.8052226742544 18.7823827928074 20.9217363195174
TCGA-B6-A0WX 19.6039580012871 19.3885665048918 16.2662714653981 16.7568767753416 16.5400583735854 19.8693511758305 17.2876636966971 19.2060919579346 17.1912493327369 18.4290945127022 20.3542290827314
TCGA-A1-A0SF 17.2745034816612 19.513806855679 16.9731373787367 17.1818875615821 16.3054985653674 19.8542039773601 18.5697022248252 19.2748876203307 17.569652296956 18.4399957308114 21.4367953016875
TCGA-A2-A0CT 13.9987842921045 18.6555175999753 16.4824907097627 14.6785478792208 17.0586481991053 18.9736036927545 17.9525672462879 19.052985641306 17.076036602941 18.4932074361009 21.041231191481
TCGA-A2-A04Q 16.7847556197474 17.9820206594587 17.5250038304226 17.1608410520563 16.2395604468945 19.6202151376325 17.6931272941089 20.0256414405612 18.2407401910045 18.6665100699698 20.8520664537247
TCGA-C8-A3M7 14.5229320335089 18.7982717644598 16.9301131232333 17.5520490493231 16.889017070539 19.4005193947881 18.7548699572019 18.9568734126784 18.2045751440593 18.5999612550224 20.628605186768
TCGA-AO-A0JG 15.084655447751 18.6469298434407 17.4415186105206 16.821847954225 18.8302365197244 19.9550806135824 18.3961108367132 19.0709794043636 17.943124816248 19.0217051664812 20.3562294570209
TCGA-BH-A0BC 15.4827069414219 18.2465483349216 18.205376384255 18.175437579236 17.3307721526359 19.3931756245076 18.8043636306608 19.2395843282839 17.7508064486793 18.9979284360839 21.3062795756251
TCGA-B6-A0IQ 13.7541540711041 16.114720808183 16.1101120804085 17.5855561246955 16.981438523284 18.6090547675364 17.4222081553728 18.9791091754976 16.5854461750485 18.7455122538575 20.4609773246635
TCGA-A2-A0EN 15.4714935940037 18.7396390235809 18.0546849216365 16.738620356036 17.3828168360626 19.7082362579088 18.1634061472282 20.3900479489172 18.5414731254304 18.7696784529534 20.5928018854881
TCGA-AC-A2FO 15.8475679385335 19.129331704623 17.5129643489808 16.7639500762765 18.0794734203086 19.7880385878834 18.1017911347014 19.7410454707646 18.1696994675269 18.9776044001294 21.1399782406271
TCGA-BH-A0B5 18.2332722140634 19.2756078040649 16.7730363440231 17.5297730015542 17.559593649835 19.8463948421777 18.3760432719308 19.6448436124212 18.2538926972069 19.1177681206037 20.6703812556454
TCGA-5L-AAT0 18.9930445820197 19.7617632238275 17.9691780285976 17.2738750195643 17.7220279684708 19.7198312093643 18.4704360509802 19.4145221610813 17.6912987482677 19.0532243540273 21.0768543110464
TCGA-A7-A4SC 16.8418980747466 19.5959715451092 16.8667620898725 17.0610494264774 17.2970991216748 19.0441778334014 18.42531271227 20.1622682923107 18.0697842640758 19.128748479294 20.02206580451
TCGA-AC-A3BB 15.5050934001151 19.5757748940258 17.3140450524246 16.7431390222616 16.9129398715168 19.3036383218593 18.7071726926458 19.6288308582851 18.1444911687617 19.2572762364685 20.8598675707723
TCGA-AR-A1AY 18.4370187526644 16.2581931047021 17.2939347362044 18.3627081665935 15.9409144793708 19.6520574629109 17.9263488238319 19.6321165616406 17.960433690214 18.2571976300739 20.8294944164134
TCGA-A8-A06Q 14.385504950535 17.572970883476 14.8247866229121 19.8582337483753 15.3567434664458 18.7422767231637 18.6635891203819 18.5479323977825 17.7475430483391 18.9385571153984 20.9999583202211
TCGA-A2-A0T0 15.6246674346882 16.7413112611169 17.0312515534151 17.267001140231 14.5021528522179 19.1228909903685 19.2431944173418 19.5194732059922 17.9052752021042 19.294488307784 20.1936213120559
TCGA-A7-A4SA 16.3789538112373 19.0286711609643 17.3946715634319 18.3971237770681 18.125874423348 19.6401357959251 18.810185526661 19.3442329886341 17.2894133519108 19.0425722166508 20.0847896398886
TCGA-A2-A3KC 17.1063184082664 19.6277290357321 17.3155706022984 16.1820253897765 17.7581548563191 19.365872756754 18.4472752986667 19.6316332074831 17.8206146726677 19.0245268257809 20.012167367369
TCGA-BH-A0H0 12.4591157758809 19.1240771550659 19.2468949535214 16.0651242616808 17.0941479418403 17.9883978405926 18.5759821919823 18.5396051426345 17.6938996749179 17.8176794897498 21.3707012826787
TCGA-A8-A07O 14.4657607466862 15.2516568765126 15.5020055889431 17.0002091944736 16.2279127255893 19.7579399073 17.3564067120391 20.6454999319666 18.4333787703524 17.9696101256457 20.7753759508183
TCGA-A2-A25A 17.5623120724045 19.7624014672423 17.2039403667765 18.0970260397972 17.2528677012988 20.1747231768875 18.4393308838224 19.522219504198 18.4959605618259 18.4680321530657 21.1014276824374
TCGA-LL-A441 15.5222425755417 17.2531788233824 17.8615137027265 15.4706329290072 17.5584414793056 19.4440121672134 17.9741200709085 19.2655941113184 18.2664178199374 19.3772307755655 19.8635069064833
TCGA-A2-A0YT 14.7523629479738 17.5551644581577 17.3032206396458 18.3311156074187 16.7096986641135 19.1529331010553 18.6458004029349 19.0479827147067 18.020708137526 19.0210360527753 20.9325149673084
TCGA-E2-A14U 14.6708048705171 18.0301739253256 18.098394301205 16.3173120238566 17.275357931531 19.2079334047246 18.5870573168325 19.5772542411452 17.7733778697815 19.1640014535818 20.3334762289183
TCGA-A8-A083 13.7615167800018 17.6295202613371 18.0455857988927 18.5750989886311 18.0906895681473 19.8605275228661 18.2914133896401 19.8981412883897 18.1860179691072 18.9835248677966 20.4353882855507
