X7042 X7043 X3725 X2034 X8503 X5155 X207 X5908 X1399 X369 X8453 X998
TCGA-BH-A0HW 13.514613735161 17.3279313892943 18.6542858391382 18.7888524931981 15.8308541278585 20.0838928703009 18.4167874344729 15.3433194299674 19.5466757606321 18.331240019648 17.499309888816 20.6445514637321
TCGA-BH-A18S 14.7732775894864 18.1300104641248 21.3823486568548 18.6467592160377 16.2760020529295 17.7858311546198 18.1862390560455 15.9159944985183 18.9179314270204 18.6463032225399 17.7044347005166 20.823002516576
TCGA-D8-A27E 14.6723128796645 19.3908776623031 18.3937961861512 18.7326897389894 16.9767240317885 17.3654876380546 18.5321073220957 16.2808368165409 18.7394453788671 18.6679147148628 18.109984604963 20.6415872725747
TCGA-E2-A1IH 14.9161742562538 18.8361761458189 20.4413878672822 19.7398587767361 17.9096075515413 18.138964206621 17.3602928694928 16.6546113389728 18.4569275799096 18.7109053641984 18.0553684508905 21.1578112018232
TCGA-A8-A091 14.1183296696177 20.2404454352911 18.3082396440509 18.6884870804013 15.2118354678718 20.1624191244623 19.3178210873771 15.5367194654282 19.385184065338 18.0722485195471 17.2979764808521 20.5138327914091
TCGA-A2-A04W 16.9034900592731 19.010317094902 22.9478837629941 19.7279585044503 18.9201465665699 18.1398317305305 19.5896859301675 15.7632182669649 18.8378395382324 18.9061160302836 17.4433774014231 20.9733775013518
TCGA-D8-A1X5 15.3058547528572 17.9703441495016 21.2250648844587 18.0322857241323 16.1835519711617 17.0967602707767 19.0189462649585 15.366579294569 18.2725608990126 19.4853199520721 17.9896507715312 20.7080683125066
TCGA-BH-A5J0 15.5943108521282 19.2801689753025 19.7661812681364 18.0663848684545 18.1206605555517 18.4815393606005 19.0236391298485 15.3889706855079 17.8504444767208 19.5904687249062 18.0955707500765 20.8522805440737
TCGA-A2-A1G1 17.8087300274958 18.4605863999047 18.3174994233671 18.5041994243117 19.1266812649443 17.7660915687337 17.1106440614316 16.6040206331694 19.2674524007347 18.6617080955551 18.7189625428123 21.0779968015772
TCGA-A8-A097 17.2304596044593 18.5620105255995 19.450637940338 19.0594454431755 16.4665599907942 18.7314530139285 17.4784527432378 15.8225387922266 18.8053164767202 18.9314429462857 17.3681935883093 20.5599770190111
TCGA-C8-A130 14.7743684963872 18.1732314128646 18.9743384619235 19.0654121909695 17.3047774983855 18.4476019312204 18.7746904024251 15.8848922227625 18.488888868222 18.8807505783202 17.2349391778151 20.6866352665589
TCGA-A8-A0AD 16.0685485610832 20.1964610189202 20.5519902703284 17.8059632029093 18.4944693814345 17.9723569984787 18.4882995219545 16.567742166187 18.8543378563545 18.4753880609603 17.4168762988343 21.3547348980437
TCGA-A2-A0YL 18.224421458387 19.1288598560336 20.9110294271666 18.9686706514117 18.2985765182075 17.772875965803 18.0181170059042 15.8737158093823 18.8917600937598 18.6083057196699 17.5900233090895 20.6929653694686
TCGA-A8-A09G 12.8076772415114 17.2946599236395 18.9369866789159 18.6343318589799 18.1869477228992 17.8097518709602 19.6438168403384 15.9670595915188 18.6157256385659 19.0197368177958 17.8064733162976 21.0351775169529
TCGA-A2-A25E 14.3725613237604 18.4218573049018 19.9302677480166 18.1437563740054 16.9523170916353 18.8006318000626 17.1616170311389 16.6861844960012 18.6853884537188 18.202339673516 18.173543919979 21.5523779972326
TCGA-LL-A73Y 16.4229199129533 18.1707805491656 22.3692071539327 19.0667828468917 15.8155023179107 19.5134804895979 17.7983356389775 15.6357170114912 19.0892236761799 18.1893406652554 17.2653645096852 20.1407730405734
TCGA-AR-A1AK 15.3327067995217 18.6974062842729 21.7150233036603 19.2572066784954 16.8977320278779 18.0085995149941 17.8797688545459 15.936859439566 18.6104792969908 18.856323710693 17.9027999735572 20.370380582035
TCGA-LL-A740 17.095422511914 18.4125173286 20.0136801626311 19.2043202000908 17.9359030307546 18.6347521760891 18.9771189358539 16.0916468021749 19.0493586831507 18.6794731198981 17.5919470653115 21.2429470396243
TCGA-A7-A425 13.4309052745147 18.2339867675433 22.021136547449 18.8410664104045 17.2821791463227 18.1724404706472 18.9202761873885 15.531930516819 18.2078482618517 19.1286394184036 16.7008307750395 19.9852919436949
TCGA-AN-A0XO 17.3877351003373 18.0348621101605 20.2289416468542 18.8198261828675 18.6805400990956 17.9008774671938 19.2170342049203 16.1353526802543 18.2806244538438 18.759800928779 17.7185422082518 21.0451301777587
TCGA-AC-A3W7 16.8904576459349 19.1718693097366 21.8455399690512 18.7273089071523 17.6553510052166 17.9189966308667 19.3527273644559 15.8714114403334 18.1908125785396 19.2778896451879 17.049536110707 20.4735017596683
TCGA-BH-A0H5 15.6185345753671 18.2498964314268 20.4453161937936 19.1897347684685 18.0713140081785 17.4335980057387 18.1341421608442 16.1050459208743 18.7858458215311 18.9177154323129 17.7384352693498 20.9732023944122
TCGA-C8-A1HL 14.2582583266553 17.7799973338119 19.0734691386418 19.0507087579535 18.0463770265701 18.7382319122991 18.9895996922305 15.9671797909576 18.3234018486431 18.7362977275138 17.5491762597121 21.1516257761699
TCGA-A2-A0YF 14.0443465801683 16.9008859980268 18.6777570245075 18.6158188731956 16.8894284879694 18.0698587297607 18.0185261957053 16.0889949239316 18.7103635801785 18.9791453839167 17.9028121507262 20.5280865315022
TCGA-E2-A15J 15.589569015529 18.4181000688201 20.9545472301643 17.9492609832066 18.1480861108403 17.5404985646571 18.5312275084215 16.1378565632572 18.8819354737256 18.8179916071712 18.3256492587906 20.330341691305
TCGA-BH-A0BW 17.0487748871207 16.5254364248447 19.5173805831823 18.9016223885815 17.3229257035192 17.7160887833753 17.329316385854 16.4621711150121 19.1598674980874 18.3401501054929 17.9139599772265 20.658558015139
TCGA-A1-A0SJ 15.115394437216 16.9804114096519 20.8114569323679 20.2502398450907 16.9069696267214 18.6550398220397 18.5311892274098 18.481111196713 19.4846695781263 18.2268521225554 18.0846243392847 21.3092771012199
TCGA-A2-A0EY 16.3356864560304 17.3960413772345 19.5539156096012 18.9198146754827 16.9441919508511 17.7442180194982 19.2309569015164 15.4076818861288 19.030100102825 19.3579082384159 17.4158552814925 20.4976186838905
TCGA-A8-A07R 16.7310617427795 15.0924087239671 18.1203705322339 16.6498494756536 16.9366279223237 17.8416726280216 18.0658274149146 16.4359338508734 19.7870123810117 19.193082477587 18.2323371053762 21.148523721311
TCGA-BH-A18G 14.9069159254996 17.3433710574906 20.4787485563997 17.8952955888723 16.7711849824727 17.7532762132952 18.5717770303022 15.5895823071724 18.3560763163167 18.0158150151057 16.6999178670996 20.912522624948
TCGA-BH-A0BR 16.3378945025934 18.5251965340129 19.8932707330259 19.2486101383719 19.0014146822174 18.0213078367865 19.7099842218528 16.2580334141761 18.1571150380174 18.6532548596773 17.1285744561597 20.9936830807148
TCGA-A8-A06N 12.9145180424185 17.1321110584505 19.441164718357 18.3159466561962 16.3238364013209 18.7902993430601 18.0875463279419 15.5082079230228 19.8059733484683 19.3968427616226 17.3097420573015 20.8758095179843
TCGA-AO-A03M 15.4899206293711 18.1295946685227 20.6337214351922 18.6375688309023 17.4533482123208 19.349839911488 19.4720719041049 15.7003896687764 19.4875129084207 18.6070964920907 17.7305537590232 21.5063930168774
TCGA-A8-A09X 13.7363810131562 17.6514198098155 18.8875736814429 20.0386711280955 17.3103732544935 17.5505486749649 19.5280231809819 16.1795523703638 18.8397444338072 18.7668144998564 18.0127667929529 20.9747585832718
TCGA-E2-A1LS 16.8023608051697 15.458049378214 20.3136108739055 17.4626871992587 16.1513140861844 17.0540542085437 17.3852820255023 16.0827812892655 19.2647597443856 17.8551719493162 17.8306637912386 20.8420045878725
TCGA-AC-A5XS 13.4684744951557 17.9822627653876 20.8709958216284 18.4813239993618 17.7545293694007 18.2335075040016 18.6955158887244 15.8730552196997 17.811894494204 19.1613806502543 17.1974809713793 20.2702162948183
TCGA-AC-A23E 15.3544017139024 19.1217281674643 18.6705744697336 19.3763767156694 17.0623786655485 17.9477140731012 18.2925182446935 16.5039172145969 18.951174132728 18.9791514607783 17.9664194424447 21.1093398152091
TCGA-A8-A06Y 16.2143856913547 16.1930405350467 19.4089149083845 20.1421899425094 17.7557298448163 16.8775635060624 18.0838241701246 15.7280015808098 18.0089801857735 19.125944871732 17.6657527292013 20.1343750132456
TCGA-BH-A0H3 17.5470058324399 19.4416600341459 20.4805086654327 19.8105357421001 17.9444463297509 17.6890198487294 17.9201764837384 16.2307246179168 18.8046702074184 18.4878560846383 17.9483500220812 20.8854298074233
TCGA-AR-A2LJ 14.2186337993247 20.1826361056805 21.7614488301516 18.2569688733744 18.2930164563181 17.7978949218036 18.6888558777186 15.381362634014 18.107880102157 19.397646418546 16.9942350668751 20.8804196980243
TCGA-A8-A06U 15.2487998077611 16.8593481542125 19.556334437247 18.6834974793324 17.6916671797441 16.8925655959527 18.5108323408477 16.0240368224776 18.8633292037503 19.6097885475039 17.9266287175251 20.9581039335807
TCGA-D8-A1X6 13.2069315532572 18.2235885356425 18.2484922839134 17.2164510851359 18.7680261357404 17.9240034534215 18.4056278844953 16.1353790584849 18.8582454320748 18.5547477068819 18.11376245525 20.6700866150636
TCGA-A7-A6VY 16.2232712114139 16.7377625965102 20.3584801508839 17.8575919615127 17.2435328723051 17.6597135487692 17.9597956854576 15.9594232047201 18.4443823658102 18.8715100672283 17.7108485398432 19.9987179782398
TCGA-E2-A15O 13.9640973715169 16.9259292498284 20.41334860797 18.0529336040441 18.4338071834729 16.9835471232778 18.444365638932 15.6158747137315 18.2407368310638 18.5922675096579 17.8939457196155 19.7409939501579
TCGA-A2-A0CY 11.7281210915561 14.70355069498 18.5891107174494 19.1853686050902 17.5625845080791 20.3144067968674 17.8535004770008 16.0434814930998 18.609303021335 19.4613530076489 17.2094291181397 20.9845937352628
TCGA-OL-A6VO 19.3865793537501 16.0872037328342 20.8558796401924 16.567705587938 16.9014910574795 16.4462588767367 18.2666512392227 15.0221670806966 18.5199480433202 18.6342514403919 17.4974847055431 20.9304623143099
TCGA-A2-A0CL 14.3857551421239 18.8494001624853 20.0523113261438 19.2925428505529 16.8624939817736 18.7336346968273 18.0467440617715 16.2070543355124 18.7771573159487 18.7975969246184 17.7331101668338 20.6490138333588
TCGA-AR-A0TQ 14.533318919603 18.6380746865976 20.0840801401276 18.3358393187396 17.3938696707535 19.9801696006553 19.0392682921445 15.8688607359559 18.8769249373176 18.3449726207499 17.5895460474787 20.6393680035503
TCGA-E2-A573 14.1628453715147 16.4597321324743 20.4448558021825 18.0213445682296 17.4539269825157 17.7069523738586 18.4749845327262 15.6818948134316 18.1994612552401 18.6370955779744 18.6797478669942 20.7932650791447
TCGA-A2-A0CW 13.0626784135747 17.1722474420803 19.7621075476917 17.658517177583 17.1398768366084 18.8912066740465 18.427225448273 15.1513211552153 18.4785051792098 18.3247092520588 16.1955772139998 20.0973579292257
TCGA-AC-A3EH 17.176028015869 18.9433868696014 20.4102954055869 19.2937252425231 17.4152215581469 17.8953613446699 18.6432625518494 15.9131188994475 18.9849010193107 19.4606679999026 17.4243931642307 19.7622220279
TCGA-A2-A3XX 16.8944835395799 16.4238761393995 20.9352975484134 17.8885837586314 17.3849275402235 17.7034105240429 18.4555181050168 15.1728458598459 18.4104551427059 18.8380305061803 17.4313401683132 20.5447161187265
TCGA-AO-A1KQ 13.8545328621574 17.4962758150486 20.3905003168606 17.676619140551 16.5634463738192 18.4710202076639 18.1454749273546 16.0100618232622 18.3534732948246 18.766620801932 17.4366922381714 20.3750215550077
TCGA-BH-A0HN 12.7776911938291 19.629146001975 19.9820661143386 16.869458403513 17.4362158358674 16.9031593657736 19.0626981393672 14.4698087466589 18.3450909662527 19.3161294601715 16.9226907590648 20.4506761285252
TCGA-AR-A1AR 14.5187696729387 16.4242008878154 18.9717508597145 19.1157482477457 18.425875509565 16.7851008849732 17.6052886195826 16.229765198965 18.8542776183458 18.510073941296 18.4750955456437 21.3301153764817
TCGA-AO-A0JD 16.9702623365654 17.8808986616933 19.1442581972626 18.8439437661402 17.2274771150798 16.3158755740585 19.3483035963282 16.3803105552111 18.5761885870435 18.7594084766572 18.2115771943994 21.0312941321423
TCGA-A7-A0CG 15.526099979149 18.8260404437689 20.101606890255 19.5096823876305 17.8303744196356 17.2963530235879 18.5175333646902 16.1875730137696 18.7076274118424 18.8139285944399 17.6796876527706 21.0541740025224
TCGA-A2-A0T4 14.811861407742 19.6520789318921 21.2028087660527 19.2732661545164 17.2301564826369 17.7018901914459 18.4394255371682 16.1350144668912 18.4826327085717 18.6665741386838 17.6859735979736 20.7014038616473
TCGA-B6-A400 17.3635265035756 17.3271338160849 20.500206248399 17.8134774324676 15.2489289033795 19.2474934874774 17.6583881961427 15.7074568619303 18.7532134893263 18.9320623784376 17.0239274822317 20.3337896789481
TCGA-E2-A576 12.461141396772 18.0667834446193 18.7977713221691 17.6523178425164 17.9607068532711 17.4256012942683 18.5502138187414 15.0091958387907 18.0694175452248 19.6401235700539 17.0074619169237 20.0368980262468
TCGA-BH-A0WA 15.8572951556804 16.7228539374382 19.5728177658833 18.4435342255216 17.1304389578441 19.3642090447427 18.0982003744661 15.9919890263884 19.5820636667652 18.111572840831 18.2177831360143 20.6970299984215
TCGA-A1-A0SN 15.2685511986067 18.9777741068357 19.8004508322462 19.1358623233151 17.451730637664 17.5987138183535 18.979392278666 16.1737908265974 18.2281868784814 18.3757438594841 17.6402254719607 20.6940996356762
TCGA-A2-A0T3 15.2060943911258 18.0371419061755 19.4764499942327 18.1927545288438 15.0439470916533 18.0780339556155 18.2071024168977 15.6417109170986 19.4359103089128 18.6920167453883 18.3189270819603 21.0082414867163
TCGA-BH-A0AZ 15.4193800232277 19.9494586047653 19.65692784702 19.7626738962257 16.6672751004678 18.5830153674516 18.1043427624873 16.1654397001108 18.8152364260033 18.680817369998 17.5833606241014 20.7146584092848
TCGA-A7-A4SE 18.5114171724187 17.7456183696649 21.1485502585815 18.5444951044794 15.8912667071757 20.1052896018333 17.9381542033465 15.4742774413507 18.5417738834855 18.748827527465 16.9635875798756 19.2246259479432
TCGA-AQ-A1H2 13.2283627723799 18.6642480606216 20.0403008204568 16.5503194266037 18.9573044391273 17.7123137941856 18.0597054445208 15.9240836106128 19.1511098164935 19.7186183921578 17.9247976026143 19.9118883663371
TCGA-A2-A1G6 17.0106752886538 17.6411713147601 20.5274875910962 19.3576889446801 16.7007683344618 17.7078098056651 17.5090301610388 16.0196900458277 18.8659857442831 18.7432177674176 17.5234734630038 20.666130278058
TCGA-A7-A13H 17.1517577952461 18.8532583187331 20.5480037989321 19.2475509388352 16.8043010344313 17.6595471831689 18.5286700629913 15.6926518925397 18.2105686121231 19.2105397180343 17.1783243124123 20.5938258080992
TCGA-B6-A0IP 18.5092030970143 18.0193823670353 19.1971221601018 18.489024311717 18.3564475833331 17.750849759884 18.3425856368765 15.6055904922355 18.9943558697251 18.7778176365068 17.3568871985736 21.1102482240244
TCGA-A2-A0CZ 17.0139194808417 19.5773714527069 20.5364928285531 19.3638288738674 16.496081353742 18.7666670075201 18.4137292088179 16.2652834668796 18.1639086310034 18.8899101737704 17.305192676112 21.0155839311347
TCGA-AR-A2LK 14.8288200595004 17.7733105938947 19.6836288451734 18.4713100933319 17.3947989953272 17.2976377885436 18.4825642079802 15.7120572478858 18.3588377741049 19.0063281929612 17.3736797446787 20.4070170256401
TCGA-A8-A06R 16.3547663404413 17.4065156456056 19.6226005774399 19.2240811385122 17.4663089234874 18.8022803801576 19.5428183568634 15.6826510935398 18.7271285497689 18.3117203813801 17.4975098321711 20.8330155673195
TCGA-AC-A3YJ 13.8843899947906 16.6202933787666 19.1082190390426 17.0911696044265 16.8830867842482 17.670029331749 18.5309739440887 15.0269601486019 18.0969442682483 19.6991285286295 17.865784309792 20.3547025114499
TCGA-5T-A9QA 16.3846977710386 19.8893577426982 18.0486056488713 17.340445483743 16.0700429950049 18.3805655667079 18.5179921818441 15.4526209433982 19.6067375091299 18.9857524799624 18.1712031563909 20.1796652391282
TCGA-A2-A0CM 15.1369350197257 16.7039350563472 20.2389397927841 18.0127187961645 16.390347302827 17.3898851082227 18.2183794365929 16.3533563621457 18.5508146821049 18.1666644846874 18.1377754331096 21.0365961433625
TCGA-A2-A0D2 16.5510362495247 16.8354612425334 19.182730773203 18.2847951109832 17.2687407746326 18.8859988907609 18.5216604015254 15.4568693174659 19.6530706755194 19.1764127820113 18.2265637789247 20.4822226370925
TCGA-A2-A4RW 14.9922722188059 19.5875792059293 21.3519412731604 18.7947580059256 18.5518337518287 18.6185408791149 19.1586847576853 16.0847759189524 18.7243181339885 18.7849590983581 17.5771793083867 20.0310787757377
TCGA-A8-A095 17.7326524040826 17.857672112074 18.8832974743412 18.6589852542503 18.2090314886235 17.1269960217745 18.6280825978378 16.0312467729966 18.8623705776816 18.5721127801677 17.7192604113445 21.0825422441289
TCGA-A8-A09R 14.7312163696965 17.5656802207812 19.2348037608506 17.8552540507916 17.3343952454038 18.8067439286948 17.8123411177576 15.6174131384376 18.4752020453201 18.9586575775328 17.5727796477181 20.3369924372887
TCGA-A2-A1FX 15.3592168657699 19.1826579851298 19.6598677237951 18.5663096454293 16.5636660603019 18.4652709565168 18.5744269935315 15.6352650170006 18.6028458720521 18.3790277607637 17.3768911493987 20.4388407616114
TCGA-A2-A0T6 17.5934398550706 19.7237025790664 21.3171363972709 19.6304278300705 17.6814848272878 17.5183902888726 18.203212192664 16.1500268943096 18.2320293228048 18.6658361066946 17.5328729480216 21.0883873810819
TCGA-E2-A15F 15.8874851477576 18.0839997706628 19.078850529613 19.406919947204 17.2189278033138 17.5247932118021 17.6043600455079 16.092921358559 18.3808467613012 19.0009490573344 17.8373362894628 20.7822717530171
TCGA-A7-A3IZ 16.2600930072999 18.8350036088764 18.3541762826994 18.4945255777657 15.4963660340847 18.2212477550326 18.370757344294 15.5212714754162 18.6980640889644 18.7066795925696 17.7762662051707 20.4772643351322
TCGA-BH-A1EU 15.5662257762167 18.6415256950668 20.7882705436487 19.4871479632177 17.3355971287002 17.3780826772138 17.4245142918122 16.5173333344913 18.786111442433 18.8129973503075 17.4310099456965 21.1295267795526
TCGA-AN-A04A 15.8635242645388 18.5549582883428 19.9006288349086 18.728645976258 17.0464541578975 18.9305191580605 19.0385234830831 16.1916768768959 19.2320904870885 19.0391560214857 17.6134472184815 20.7930885976749
TCGA-A7-A0CD 18.1451396961396 18.2848330185244 20.203376976004 18.2855178989511 16.8282006831042 18.2046874799089 17.8197780126961 16.2229449415657 19.2259283942569 18.7605680727213 17.591763477324 20.9225335553143
TCGA-E2-A156 12.9648193822884 17.5133460092025 17.9487423243306 17.31607293935 17.279483443164 17.7321395782289 18.108392906216 16.1582818484794 18.9992541815667 18.9533052691742 17.9783462503215 20.7481857148384
TCGA-A2-A0D4 13.0001569473212 16.3611597468753 19.3458752700418 18.5600193991634 17.2240165889262 20.0201649266664 18.1325321830238 14.8990390875391 18.9422706744881 18.7943024046153 17.7032605230736 21.4019658688575
TCGA-A2-A04R 14.5795485720802 18.0203006560579 20.4757960135567 17.8299192422756 16.4515310586494 18.3962156873213 18.1851729821703 16.2672855278539 19.2690720799909 18.2578475187934 17.8430047385432 20.9031466418131
TCGA-AO-A0J4 17.6346455490829 16.6438520125748 19.8618953647838 17.9012089203729 16.6545127094066 20.1264796138659 18.2519780101698 15.5138808957139 19.0896650108529 18.1852662699004 17.7525874492189 20.3052599587437
TCGA-A7-A6VW 16.0116507776725 15.6419960770597 20.2975409566844 18.3394215446654 17.5935735341127 16.9036218895407 18.1573475990571 14.6678771731417 17.6723374824239 19.408458455458 17.7207609931955 20.1574895743072
TCGA-E2-A14Z 15.4323202580547 18.1591390820636 20.3074126454318 19.2940677741208 16.757990738993 18.1159888871572 17.6164198080693 15.4191535605522 18.895115822767 18.9507272358838 17.2771544671796 20.6545729460186
TCGA-A7-A5ZX 17.9617527974275 19.6311675846501 20.0626303289076 18.6864018892188 17.0506450496883 17.4296881307527 18.3243244383164 15.8142712379566 18.3631704033434 18.9922059374999 17.2553203310316 20.5365553423624
TCGA-3C-AALI 12.986429404729 19.1404440018657 19.9677192676367 19.0091719229731 17.2576825074076 17.4973088407651 19.3275655538066 15.4418370105631 18.6912700397696 19.8395719502806 16.8293410648518 20.0520689140461
TCGA-AC-A2B8 19.4219919395099 18.9265715579174 20.9892651220206 19.5329324092042 17.5019488258547 18.3676122310078 18.1848412979654 16.1142122831918 18.8121595404076 18.786334680452 17.8068997527734 20.7500332865329
TCGA-A1-A0SB 17.1043232711871 16.4189677356656 22.0030539009476 17.8962718787662 17.4713398226859 17.9296220573727 18.1182301747135 15.6326652361683 18.9582056596077 18.7003147827458 17.3094669670202 20.3344873308805
TCGA-E9-A229 18.3496262406493 19.6797890899461 18.6285628965235 17.9243346557567 17.5106192002783 17.7953040702631 17.8896376032127 15.993815102123 18.4959772343459 18.455705849934 17.7092662855582 20.6387734817562
TCGA-D8-A1JC 15.3424561582211 19.0218626252251 19.0035893598574 19.2045136994382 17.3432200555317 18.1895422573681 18.5033519906135 15.9805991169393 19.4309720401621 19.0271655779908 18.0373451242163 20.3092989546034
TCGA-A2-A0D1 13.1044119526159 20.8437227102892 19.5330977468651 16.9720845355697 18.0264328127913 18.6433848534671 19.7509134062311 14.5324910103502 19.0202082021445 18.7552582646547 17.4149509107518 21.1815629001053
TCGA-AC-A2QJ 14.4237698075359 20.608122526769 21.5001894186143 19.0118197747843 15.8597303170067 18.3867023548016 18.6365448009472 15.5401290353245 17.4233453766766 20.1310193079265 16.5188730514419 20.767576785525
TCGA-A2-A0CK 16.4799709740662 19.4127138392609 22.1329675263638 19.0538008019354 16.6719236977714 17.8117514544827 18.3717282019168 15.5237990210522 18.7957324328513 19.2469231862255 17.184186886838 20.8628372344352
TCGA-AQ-A7U7 16.8515075396921 20.2455308899146 20.5941142378037 19.1663513363692 16.7851576813123 18.4632907199329 18.3721337326473 16.0269170243383 18.2867720760844 18.9330706973119 17.6508378270641 20.5523388505622
TCGA-D8-A1XU 15.4308750055074 19.1101882472397 19.4064036227987 18.9987937137115 17.6227099572119 17.2942390726543 19.034516297725 16.301960909561 18.5554562610638 19.2976943277165 18.7560428610589 20.6971112238153
TCGA-D8-A1X8 14.9215390572837 18.9747057189662 20.2571584989888 18.7938491734224 18.5245629197115 17.7011137182539 18.0645657597482 16.475693549036 19.0537314929768 18.8691270000389 17.8318467975327 20.5064103147458
TCGA-A2-A0SY 17.8483099951152 19.436728167488 21.4601612879093 19.0352814157707 17.9427372851723 17.935741519971 18.6999658292804 16.5852998378935 18.6460846850016 18.7734818037209 17.865429055819 21.2000484868405
TCGA-BH-A42V 15.384064570243 19.8111449203957 21.9595435348695 19.5448048382675 16.8736441265797 18.0532083698294 18.3972748787424 15.6859431389096 18.555051221796 18.734318359393 17.1416651099209 20.3704909379943
TCGA-A8-A08R 17.1597763043295 17.3957162916984 19.3030162871728 18.4724157325462 16.3614973640895 18.7849113850752 18.2151181980944 16.1318622599678 18.5932901891083 18.5031191151843 17.7080766977201 20.7725757511791
TCGA-A1-A0SH 16.7387364955922 20.5630631987694 19.7026557214519 19.1565460615011 17.3415147695558 18.2857612576128 18.6100048521646 16.385146783491 18.948820788401 18.7697803780213 17.8553540824181 20.7746164348495
TCGA-AC-A2QI 14.8042752575561 19.087638225459 21.2111537402656 18.9070162892882 18.2670979786934 18.9698229065052 18.7797155795081 16.0707717576901 18.8376587377137 18.5374948608892 17.1707202633088 21.0716994852935
TCGA-AC-A2FM 13.0485655144873 17.3936737956404 19.2310532066002 18.6633809180991 15.6585140702378 19.4505993256322 19.4480479497711 15.2789103672344 17.9840926180931 19.1893472292657 17.4620152403956 20.1464236038414
TCGA-AQ-A0Y5 14.4861351133833 19.1683162168207 20.4224918211502 19.1269988145413 17.9430522168747 18.7898932132041 19.0215725912847 16.4461535264634 19.0159088559152 18.7275056829366 18.768245144276 20.8915820146062
TCGA-BH-A1EV 16.1833771087745 18.7641719036317 19.9509755858042 18.8145330181301 16.6125677338553 18.5026882274046 19.2800313220379 16.5533944975099 19.4304259463869 19.0326573567967 17.7369366265178 20.3794367337195
TCGA-AC-A2FK 15.7727003415299 18.1537776004144 20.6840183511392 19.4364819590743 17.4465257545732 17.5282721419184 18.0500030721772 15.8400463605908 18.709439879926 18.4745453510705 17.2736526130512 20.5761131367074
TCGA-A8-A07B 16.4024624565032 19.1223180001009 19.6362123451045 18.3004265789559 18.1810379253063 17.044990660675 18.4615201257927 16.4722537136451 19.0569855280527 18.1631575662261 17.6235286418255 21.5276891535585
TCGA-B6-A40B 16.9070666473162 18.5156475196656 22.5438483189551 18.758239397063 17.0725983413435 17.9631543242035 19.2919520838212 16.0378054020764 17.4133034419795 19.545040340631 16.8212623307459 20.1440068308456
TCGA-AC-A2FB 15.1584881366483 18.7620776258157 19.5975469022118 20.1728427123814 17.4206094791787 17.8240268402755 18.0062422084846 16.0828257465809 18.9078336681973 18.6479095467782 17.3000252134008 21.2493708964512
TCGA-A2-A0CP 15.8682278956768 19.1533805027501 20.9517380182603 19.4897853138206 18.3091815216392 18.2711524311254 18.6218083253016 15.7069643178277 18.2177361695259 18.5173653015278 17.2067428991998 20.8309661736169
TCGA-BH-A0BG 17.4428534005294 16.051357567746 20.5110604325969 17.8140040383602 16.3920543416697 18.3182819767281 17.7067897551263 16.0473066567313 18.8375710457849 18.442097689586 18.1656474662334 20.6212223769354
TCGA-BH-A18K 15.9005679485699 18.6382374275836 19.939331931413 18.9296228536972 18.4977236813339 18.0393967336003 18.8499761259006 15.8159199768661 19.2594665188208 18.5675890072607 17.7390532547743 20.7351320179976
TCGA-A2-A0SX 18.659853300843 17.6773644795247 20.8410968208709 18.3017749819674 17.0778165189072 17.0801947699914 17.8194413749063 16.0894332702147 18.4732059276845 18.5778899079152 17.9408952260761 20.7478760965109
TCGA-A8-A07F 19.3289939751761 18.5361991877734 19.0536478379507 17.706909510583 17.3846750354199 17.5099140932403 17.8955384963831 15.7983829139478 18.8613238401366 18.7203926646027 17.7857487299414 20.3453370608116
TCGA-BH-A1F2 16.5121888351703 18.5416501630188 19.8844676508024 19.4174749294192 17.5770241575473 18.3369541249794 17.3500704219253 16.6241182443242 18.7359212980988 18.9689225031073 18.4604462861674 20.6113404906796
TCGA-E2-A1BC 16.3431773672145 19.3879822518018 21.1284261141973 19.6017647738277 18.9892523003019 17.8471633017679 18.3357260973901 16.0412595433191 19.0893714671781 18.4290300727489 18.1614094387434 21.1275953465763
TCGA-LL-A440 15.9243990573733 19.200328422388 21.6897200714677 19.6294070006095 16.5121355282508 18.3005751482445 18.2555233979057 16.2636315571206 18.3137930831347 18.8854471229945 16.8828956780169 20.2198401409702
TCGA-BH-A0W7 16.9733727764971 20.0025039700589 21.0164636382588 18.0599973870138 18.0213273904647 17.7712183711603 18.9837149363166 15.8811461994956 18.2416650095023 18.9489018530964 17.4811909057085 20.9701015200306
TCGA-A7-A3RF 12.9858539645677 17.9891672821771 19.5682744668791 17.6040308031473 16.1892678541033 19.2991137633405 19.2782403978433 15.0926597769154 18.5306351459358 19.130527654475 17.2565339506249 20.4403299145371
TCGA-AN-A0FK 13.7593303870239 17.3142511017571 20.5279974074398 18.5968271275246 16.0034933160962 17.7653305295097 18.7954343538873 16.3535853903019 18.3317143466522 19.428404230878 17.2036572277412 20.2554897881324
TCGA-AC-A2FE 14.8507687072792 19.6011879269615 21.4373389843374 19.3384604254123 16.6372180618235 17.9833597439498 18.233608166074 16.3556585661339 18.6994942302991 18.892940613963 17.2174038216558 20.3328884108372
TCGA-GM-A2DD 15.4401193854879 18.4208018662942 20.8352603346161 18.9545980521473 17.0304394699116 18.1831413798394 18.8783332448759 15.4221570880253 18.0059786822771 18.4563994771133 17.2921890343771 20.9262461507418
TCGA-D8-A1XD 17.4238778324464 18.5757118526386 19.3068001115252 18.0281506933359 17.8129991720597 18.978635328802 18.966857777386 15.5206817199958 18.2993498520337 18.1947022218437 18.0448856441728 20.9312210680092
TCGA-AN-A0FZ 13.7444133137402 17.967528900936 19.4075723815499 18.6477345711267 16.9430404556586 18.6057884287466 19.0305963906365 17.7954454896867 18.4454273843654 18.6655608954614 18.363884483062 21.3695652651918
TCGA-A2-A04P 14.9671144879956 17.6323695309932 21.6383676669514 18.4366162594119 18.0403697108503 17.757627002092 19.2521217778519 15.0682824838535 18.6597413719125 18.1960192864462 17.4424420988836 20.5002528609718
TCGA-AN-A0XT 15.4930868760122 17.3309496932956 20.2346195135069 19.7158153720141 17.9045727691785 18.825339964795 18.9366591711649 15.7167370729498 18.5799840830362 18.7624093773232 17.7913602124184 20.3555054741721
TCGA-A8-A0A1 16.041425675741 18.0597764332314 19.773751395634 18.4218244813061 18.6822075374701 17.4785658489123 18.2354760942471 16.3940981386829 18.6153617299886 18.8396932912404 17.6075871086016 20.669089679147
TCGA-A8-A084 15.5926724797897 17.726329597518 19.2329044193234 17.3612918969894 18.3028660854479 17.5359363745131 19.7664313827838 16.3140778253927 19.0231106128648 18.9547627953771 17.7230277070122 20.8060145585917
TCGA-A8-A0AB 13.8127249099442 18.5813230048356 18.9271760354205 17.7131390903316 17.1372822817731 16.8396710698472 18.0007191343451 16.4334704918454 18.927294372223 18.7498255127935 17.4265741242678 20.8843368863517
TCGA-AR-A1AM 16.4255741584655 19.3150633019574 20.7764069892129 18.9014039860075 17.779239969654 17.3935935009739 18.6660008527164 15.8681830634003 18.0128475560237 19.0794701219197 17.4771362461724 21.0843145493204
TCGA-BH-A0B4 18.0373354481845 18.9246235392151 19.5107993260836 19.3477149301625 16.8493999470852 18.020495670101 18.3013739288054 15.9519908623864 18.6763915318121 19.1927706231461 17.598591736626 20.502324383723
TCGA-A8-A09I 13.7554991010768 17.5023856329856 19.1154856195005 18.1240229904349 16.7881999283745 17.7150075733809 18.8577649891133 16.0400279474611 19.2977144857739 19.1485795540819 17.7610547464537 20.6503376113562
TCGA-A7-A5ZW 17.8617132335815 19.2804994558351 19.7693896792915 18.9866541311729 17.4796738087125 17.8672655138685 18.4435606906705 16.2687761875538 18.5700496047542 18.6045047882756 17.5943791738271 20.9002769279696
TCGA-E9-A1R4 16.3194307026319 17.4255513493001 19.2925137311632 19.0684432359522 16.991772271179 17.8356083644979 18.2519586810571 15.7973441561117 19.1819824504143 19.0075395917854 17.3143492488441 20.6964811770215
TCGA-A8-A085 13.8204180752266 18.4721760135348 18.8024992419678 18.0962096101708 16.63693994247 18.3727294882047 18.606224871252 15.9775523335859 17.9125592488103 18.6712182739471 17.5591798648648 20.8677981377553
TCGA-B6-A0RN 17.9773596757616 19.3403900505741 20.7879733805353 17.8678509267643 18.1450536753629 16.928563987681 18.1417636540087 16.4387114666345 18.2059694627637 18.601518862856 17.4765938971812 21.3555010680577
TCGA-AC-A2FG 17.4970453126494 18.2845143221281 20.5074041632985 19.1501747977667 17.1124497125585 17.9448481625628 18.5515729865494 15.7684456829811 19.175529981211 19.1322087463824 17.4823345064113 20.6108504593697
TCGA-A8-A06O 14.2494073004774 18.7282495629401 19.7513414153657 18.1342473693171 18.7108312709668 17.5925036504669 17.479540658624 15.6353581700183 19.1721379553244 18.9567506428674 17.8037447763283 20.9182828259477
TCGA-BH-A0BZ 15.7731874462862 18.5501632709826 19.8684458661743 18.372378518228 17.3167509943657 19.0359309181554 18.4032079922682 15.7424029943477 18.4206918101704 19.213890314858 17.3260552505078 21.1780492829662
TCGA-AO-A0J9 15.2558762216225 18.0320381245411 19.7682289730989 19.9891923727312 17.376436612101 18.3831229754823 18.3946152564134 16.1801198214612 18.2218086666218 18.1141060213911 17.3604819096374 20.4514585287455
TCGA-D8-A27P 16.9564159942124 19.099279037153 19.5818847190297 18.6753060984063 18.4628139550202 18.039873706801 18.5046110109537 15.6414632247563 19.0625059974376 18.9879570404864 17.6537212171508 20.8042412513256
TCGA-A8-A07J 18.0250209995535 19.4074702095838 18.6728771357563 19.1095965211428 17.2089011799151 17.3079619756546 17.9307415558703 16.0318628122937 18.4962632006686 19.0689503445658 17.7064031702672 21.1385063283128
TCGA-A8-A07I 15.5382386878284 18.5136176287701 17.2010908617746 18.4598130446008 18.2685317590163 18.3701705061683 18.6764473354941 15.5906827366041 19.6624891733838 18.9414543821194 17.9536755158523 21.3905285714242
TCGA-A8-A08B 15.4042723263001 19.4851653390443 19.9487964003633 18.7725168938636 18.6453809666465 17.4150259451629 18.9315075263418 15.7846919019881 19.139275824695 18.4451711100049 17.1724706851647 21.0301080140617
TCGA-E9-A247 16.4589891430616 18.3452463674419 18.9930424812356 16.8859819570607 17.347845041923 17.8186754686502 18.5453156788768 16.1058635561051 19.5388044841039 18.7990549142022 17.9416229382787 20.5391494966266
TCGA-BH-A1FJ 17.5869917285194 18.1433046625536 20.4057301268431 17.8122969348233 16.9681526402148 17.8387865221598 18.0910911993809 16.2344887333239 18.7414073649915 18.6677864346005 17.7278134494856 20.9259111172673
TCGA-A7-A4SD 17.6425081599324 18.0320971531631 20.3072679844769 18.4662905091026 17.8819280049491 17.6293456823189 18.1815702969283 15.7237019066283 18.552588273569 19.1754128306733 17.9556982185531 20.2516167041448
TCGA-A2-A0CU 14.3338637770494 18.3099268878261 19.9300163095792 18.7480637222542 16.4816451421409 18.6718364142283 18.0360040500157 15.7676389728719 18.7184587349269 18.8316794857867 17.1552385427777 21.711512701152
TCGA-BH-A0B8 14.380105994401 19.1734960856204 19.5255451446001 18.2362486901874 17.6007138506153 17.4725338847068 18.7013258971882 16.2157955168859 18.9645551677173 19.1610452897205 18.9594291824844 20.4000173249173
TCGA-AR-A2LR 17.6314847366585 17.1418408948259 20.284232020363 18.6355379974086 15.8031438615259 18.2712668858812 18.9393334497154 17.1227910369594 18.908006411149 17.8765589007426 18.0887743581337 20.0045911516084
TCGA-BH-A0HI 15.5375771553296 18.4209738461962 22.4546122547637 18.9118458657091 18.3325467668908 18.370563862378 18.6665498143297 16.1150657919377 18.4832632236618 18.9829022867966 17.5429891525168 21.0063001312627
TCGA-AN-A0FW 15.5580828746901 18.0937626448925 18.8011402592948 18.3897936504826 17.4599870564476 19.1168080132585 19.567557231015 15.8846352212183 19.0641258487852 19.2497484479281 16.9433211195399 21.2568353494039
TCGA-AC-A23C 15.7309743742869 18.7916940257664 18.9780461319062 18.2014766569208 18.3020212622 17.5779602613402 18.3373845936999 16.0511363240183 18.725732876171 18.8070439357233 18.0296323525488 21.1302685937492
TCGA-B6-A0RI 18.6252650922067 17.7513832289784 20.8551236599215 18.1873313634404 18.2172576794019 18.7280483669601 18.5744231440278 15.7503501887676 18.3703000399039 18.906065759896 17.4010038807356 21.1753357639012
TCGA-E2-A152 14.6776950375246 19.5943715089208 19.5651754015636 19.085944496666 17.8722937079719 19.4000034608196 19.3024819676451 16.3187971247397 18.5663955328918 18.2914621247735 17.8069404102681 21.2027362195726
TCGA-A2-A3XV 11.1425188814732 18.0474662609105 18.4114018789566 18.0986449555925 17.0771341344694 17.1978749759717 18.5660249966116 14.8014751927271 17.583571518553 19.6823524509203 17.0618019296039 20.646075199828
TCGA-B6-A0RO 14.0501442937612 17.8179081080892 19.7344991250834 17.8420261394391 17.685406286785 17.583447223636 19.6380575833664 16.8929573608693 17.880311595119 19.5137434813049 18.3525655937869 21.2864190097434
TCGA-A8-A06T 13.3037363347573 17.8355418563225 19.4689225154792 17.4958559393038 18.5750842861861 16.9817922428149 18.4558113797113 16.5204972507931 18.0473442944493 19.3108698040121 18.1488487779446 20.5347218746433
TCGA-AO-A0JB 13.779235004658 17.6767286206834 20.773256041561 19.1466170163889 17.6078075787344 17.4376842160025 19.3463992299453 15.3104944472504 18.2412257398422 19.3704214639345 16.7722581932371 20.8853270211519
TCGA-A2-A25D 15.7778251478127 18.5197026309201 21.1298342323602 19.957741644177 17.5337218182136 18.149750358079 18.6205837958676 15.6576395022777 18.4895255688965 18.869239715402 17.4793959811681 21.122346288918
TCGA-A8-A07P 15.0798213189543 18.4853437898428 18.9543674497375 18.4961694773116 18.3123164916721 17.7038628315463 18.2869680082715 16.7451553961646 19.1079992008359 18.9780309836929 17.9441525419582 21.2918695912125
TCGA-A1-A0SK 14.3427728883359 16.0733044028479 19.7453791874454 16.2903831012625 16.6571790240743 17.013741495295 17.9581368491803 14.9839378145746 19.2945794872912 18.074627003634 18.0565429756791 20.5251751590654
TCGA-A7-A3J0 15.2383551453567 16.462105608074 18.8590392022243 18.0727687643728 16.2762118243187 17.6423920416728 18.7283066924787 15.2442823058064 18.7800683018441 18.765511958396 17.241234875382 19.9625480969179
TCGA-A2-A04N 14.7280964065444 18.9379202925816 21.1817858141728 18.4827865978327 18.7604137224754 18.0864522599755 18.4128785705461 15.5416803001568 18.4218838497717 18.2083963578691 17.2184737708101 20.7746833856032
TCGA-A1-A0SE 16.209656191234 19.2581908195662 20.0827689796019 19.2620457508481 16.7578472031619 17.7487422572949 18.1135301040681 15.9668978610379 19.1437520883473 18.4625380968374 18.0450898165963 21.1595155918924
TCGA-A2-A3XW 13.2789499880842 17.8122160499855 21.4805375865388 18.753751418376 14.8686067680562 18.0368808649165 18.1008175904247 14.9741274470511 18.5161392535675 19.5135283087625 16.2526611812496 20.2595095255842
TCGA-A2-A0CO 15.9673990462488 18.3807810589536 21.9240744480232 20.5473264078625 17.3301458354357 18.3555438797793 18.5702403591523 16.0638082372507 18.4299461831225 19.0332585849462 16.9066519258011 20.4369869200779
TCGA-BH-A8FY 13.5856302291511 17.5722429823206 19.9807326122471 18.1663502248018 17.8557602604119 18.2279165563645 18.5662868318433 15.003628422774 18.4300104571336 18.3800863825003 17.3528159446175 20.499687801185
TCGA-AC-A2FF 16.5543008025608 19.9798124421073 18.6960410419967 20.1545242954535 17.8289486236553 17.9185177614576 17.771081842375 16.0186728091018 18.9178697073509 18.5928689585953 17.5985382136294 21.0780085602947
TCGA-3C-AALK 17.4964516613866 19.2734137838858 20.391637317509 18.7896909039545 18.2888648438364 19.1909002750937 18.8705947427793 15.5472252386729 18.4892795246689 18.7371155951075 17.1553258540524 20.9222994710881
TCGA-A7-A0CJ 18.8340373012157 16.9624616392358 19.3924817024677 16.9138750257411 18.5158095117545 16.3836208813064 18.2235493044876 15.412566898496 18.8640599827606 18.3334979188481 17.9304690550377 20.2225794182063
TCGA-A2-A0T5 16.3518809866487 18.5191777243055 20.948971466881 19.4631882405357 17.1877174099317 17.7304407246783 18.3421890378119 15.897502559806 19.2720802027979 18.4122732611084 17.3135501244266 20.5060977878885
TCGA-AR-A0TT 15.1375431349047 17.4997763078518 19.9330412143498 19.1073051778313 17.2935790939553 17.7206737067107 18.1776622043396 16.2113659928162 18.7892499606016 19.1407189738099 17.7811918464534 21.0481481067633
TCGA-BH-A209 14.917505917879 17.8689253397658 18.989449521655 19.9600349506052 18.0506319087027 17.0869237102152 17.7191924555593 16.0173848126148 18.6445258144813 18.5637601584405 18.1765824445532 20.950214755003
TCGA-AC-A8OR 15.413135305625 17.0177003404934 20.4755339562687 19.4658498099066 15.7506002135127 17.7862846430855 19.0670340968172 15.88413513072 18.7006892291124 19.125168409824 17.2801095860544 20.3602680799908
TCGA-A2-A04U 15.7273050715666 16.5357363040454 18.8576836727205 17.832019074973 16.5834106231725 17.9348712735226 18.1901469640943 15.8650973826893 19.6441920461143 18.7932991796434 18.8850784251114 20.429633172204
TCGA-A2-A3KD 17.9108811975482 19.246599334091 21.5891379564802 19.5072305039208 17.04645694997 18.0503893295812 19.118460640876 15.6009464706539 19.1408588296162 19.2135847793964 17.2627903731197 20.4155673131242
TCGA-A2-A0ST 15.4149771364126 17.3207010319212 21.0243850716389 19.0874555219791 17.0265949378103 17.0969376698572 17.9560451660759 16.1279647831913 18.5925162313718 18.9008734098358 17.5779845936436 20.7378222215691
TCGA-BH-A1FU 18.6105362233526 19.178710377799 20.2702064027281 19.6277910851984 18.0447223182942 19.4698552597159 18.9378568442776 15.949907173459 18.9455220380049 18.5883453013898 17.7971695679392 21.0791143108402
TCGA-A7-A26H 16.2136949704164 18.7922022052102 20.1227882714618 18.7212329273208 17.1903274361552 17.4386145342713 18.1098383992221 15.999041996017 18.7347071963881 18.6563135980318 17.7485105842949 20.6096808630028
TCGA-AC-A2BK 14.1119620575991 15.7625911805454 18.9641015009962 16.9835986883927 14.6625159974225 15.258533960807 18.0834684733222 16.202322310564 18.8199303969443 18.305622208523 18.0226774995575 20.5411072395563
TCGA-BH-A0B0 15.2550456545598 19.0407198389729 20.6531995974344 19.6165634123858 19.2563379060081 17.6434957844562 18.8882336894242 16.2426624579286 18.2594087966834 18.755414155115 17.4862825759151 21.0151878642826
TCGA-A7-A6VX 17.6712602929396 18.2528280053714 20.7729826380532 19.4656970070601 17.7841639412357 17.1077516321093 18.0027229486763 16.2509125563348 19.0263088333679 19.1375950027068 16.3629419971104 20.554544114666
TCGA-AO-A03L 15.9179007339216 20.0570601304148 20.5130910702885 17.5800621422063 16.7551127584688 19.0477746419482 19.5621166647578 15.9362409772338 18.3499610526902 19.2854140517191 17.6340051573269 20.73497538075
TCGA-A8-A07S 14.8920308003408 17.4762127614277 19.9696964532201 17.7904057954811 17.6815999156984 17.8241583844625 18.7732303118479 16.0578415767118 18.9314014008437 19.0501280739369 17.3199476556217 20.9211119962307
TCGA-C8-A3M8 13.9043368552038 17.8466338379871 20.0213818852061 18.9055046249505 16.0050015940562 19.0414727927226 18.3275436297878 15.2950102004925 18.8769521755102 18.7224840002943 17.7258357064381 20.7479937890093
TCGA-A7-A0DA 18.5808108492508 16.9749468035327 20.1897580853247 18.3424096086391 17.0905740301935 19.9270178694841 18.1122429127687 15.761307929994 18.4959219008542 19.4200439401262 18.231104966132 20.439937577957
TCGA-A2-A3XU 13.4329580835266 15.8951655640019 21.8865907865589 17.9800048891637 17.0383364834958 16.1697045846996 17.7357251302773 14.9269085154193 18.3611131153722 18.9152083043348 17.3011634427305 19.8093839045232
TCGA-AN-A0FY 16.6273501481646 17.6448621882193 19.2658912925371 18.4495036327513 17.8140856718607 18.4087735986916 18.0841368328977 15.6818713266951 18.7673991124555 18.3766381634404 17.7667303748171 21.1439603762327
TCGA-4H-AAAK 18.2965284892853 19.8568890133655 20.3771772868763 18.2426970750533 16.8015435193813 18.4150051300321 18.3301052896862 15.6872940064705 18.4109016560116 18.8154790639307 17.3719964727069 20.7055017586266
TCGA-A2-A0YM 18.498991789883 15.2581578295665 20.5431110893545 17.2156699072478 15.4395572955457 18.0607624623838 18.4047967208751 16.0569721585547 19.1825034217374 17.984331186224 18.3119998597055 20.4289273580563
TCGA-C8-A1HI 14.0801985111582 18.2397635415424 19.5694504870511 18.2883752655894 17.027215190499 17.4810224577997 18.8675613032253 16.1287437529119 18.2793414799841 18.6765351302403 17.2761104701563 21.0470597162282
TCGA-AC-A3HN 15.888911676756 19.408568291785 21.1238784030933 19.3541885966615 17.6094784816821 18.3648977635657 18.2869325129016 15.8805917700666 18.6371749005395 19.1949045765386 17.3736568323339 20.5107807438732
TCGA-E9-A54X 16.8919063124342 17.8944458280155 19.3754872122335 17.2001362685954 17.6181029954225 17.1623517671261 19.005723162769 15.6129349906044 18.1617945054642 18.7064273558245 17.4035165412553 20.4644165816514
TCGA-BH-A0H7 16.5971643955929 19.0083551136846 18.8781757900024 18.4645176503829 18.3044142030664 18.8019168464158 18.6837410753004 16.1328111305188 18.4092944767783 18.5617361653329 17.6075074796435 21.2245974550456
TCGA-A2-A4S2 16.1801301354184 18.6324993226677 20.6851973391005 19.4202554977039 17.8859816045466 17.5181355225366 18.5167820790303 15.6939091941788 18.066432571602 19.128804123204 17.0717564021038 20.3603030816977
TCGA-OL-A66L 16.5352492654165 19.5335590556143 23.1797146414901 18.5919918865865 17.1945492117985 18.0340890051565 18.0209419555672 15.2596830172134 17.0869578992304 19.6286679438944 16.5470387763708 20.7430748456964
TCGA-AC-A6IV 14.5400708698288 18.9393792091099 19.842157758089 19.8369296473269 16.0832553644947 18.5321117099719 18.5168696770944 16.01840250833 18.1363801020951 18.8698881869432 17.2579759267729 20.2425970228827
TCGA-D8-A1JH 16.9724373778863 19.2429921820884 20.4404513191191 19.1561130528718 17.6251524360029 18.460127736701 18.218605821661 16.1731779972889 18.7224922425673 18.5010158804121 17.8549835815017 20.8318950798253
TCGA-E2-A1IF 15.4327062710526 18.8269904726357 22.0633025108886 18.9269785862022 17.3475670031324 18.1009832325688 18.6234859088371 15.5402075045496 17.8952379286761 18.7719972099197 17.1549515133989 20.8072417080052
TCGA-BH-A1F8 14.6990002165626 17.991597487398 18.5869888207587 17.8762782914156 18.0703583664103 17.90357884096 16.7981041350202 16.8485006324403 18.0465160553263 18.3843512011727 18.7971142201905 21.1060121249223
TCGA-B6-A0IE 14.1084606029763 18.9246993918272 18.0605731358843 17.7550574257546 17.9326301484821 17.9861137229855 17.5498390279063 14.7239319611082 18.925197037545 17.7562735313185 17.6307962254793 20.9648232191601
TCGA-A8-A09K 10.9200737166346 16.7692136783034 18.7939213549458 17.1045375593749 17.3966389479354 18.846063634927 18.0404078940484 15.6596392661444 19.4815413796405 19.1837068549188 17.7382301585848 20.8307908246575
TCGA-A8-A08S 13.3638034187687 17.8897444770577 17.3416896165965 17.6635534269859 17.8499731389157 17.3213278212855 18.7485023876819 15.7455026172465 18.8660396574271 19.1124856410124 17.5858115078648 20.3214070124791
TCGA-A8-A08G 14.7556867889172 17.6112492892101 18.4909748721242 17.4673040466652 17.2722445084934 18.534401958964 18.7784632915698 15.6417736298267 18.3075550407061 19.3366392198577 18.0900716035205 20.5058394550631
TCGA-A2-A3XS 14.5012462686724 17.0140741693742 20.8387681878587 18.6777311852091 16.3447109879014 17.8516098354022 18.2620818784725 15.2472362117183 18.1100222937738 19.3496478401714 18.1037544457975 20.4501652808844
TCGA-A2-A0CQ 13.2039808037233 17.2668306349956 21.7392491196684 17.3339472472851 18.1274004357993 17.7843223808572 18.4322891781754 15.1858268164745 18.3603257675676 18.0991196203599 16.9052214949728 20.8199893312998
TCGA-C8-A12Q 14.8768855758767 18.1160211458436 19.3808007610787 19.4316272123224 18.4038801708174 17.7810561623596 19.700945452994 16.1121592686474 18.7473434089239 18.3221478605947 17.7924137200443 20.6927249033789
TCGA-A8-A07Z 13.6561937655943 17.4956176711186 19.6248800849408 17.4572013484063 17.1513051472584 18.2651347006569 19.0620541254128 16.0636886249986 19.0481588626133 19.6994767748713 17.6167645169768 20.75039220667
TCGA-BH-A18U 16.095599247411 17.9283644341005 19.119198299385 18.4550201400198 17.6037666331265 17.4698830059768 17.7615225321315 15.81434179975 19.0841899417953 17.9087486795405 17.8885389182368 20.5741579158359
TCGA-BH-A0C3 15.0252420046827 18.9095667587259 19.5291147038177 20.2170635877277 17.4685689058996 18.0948693976512 18.4036994981181 16.0106303679086 18.3263558199829 18.6313254820569 17.5279349658435 20.6795253054353
TCGA-AC-A2BM 13.7231147395537 17.9212439883317 18.8862700630796 16.9962078521199 16.9747560922421 17.3459915187097 17.6989108770882 16.449191529061 18.8293314562335 18.2880360003138 18.1946345148727 20.7521257075499
TCGA-EW-A1IY 19.5975516802258 19.1483879479803 18.5336384156366 19.0241886600164 18.4918165354894 17.48488980651 17.6199069215336 16.6465066935441 18.7764753737263 18.263953134521 18.2307482273635 21.3644316784885
TCGA-A8-A07G 17.6337732022387 18.7554014505852 18.9730887247241 18.3778110866356 17.7870989099117 18.0764613067351 18.462544702431 16.2405012551773 18.7356889005196 19.3534228962675 17.775039775396 20.9973305451435
TCGA-A8-A09B 16.1005622870205 19.0139868273713 21.0275833771164 18.9142626274551 17.5140712746517 18.2343512536651 18.1235805242319 15.7847171242462 18.5778934169595 19.4406302432457 16.9821999043666 20.399270033184
TCGA-BH-A1ET 15.027387176439 19.5817713817285 20.1882757439598 18.7070204489859 18.1328977423126 17.1040535825768 18.2805214598851 16.2210696203501 18.1539884318559 18.7090554257555 17.7069221839579 21.0273446393842
TCGA-A8-A08L 12.6296374193999 18.265369887099 20.3906996137816 17.8111959569178 17.1660451690846 18.1563497893293 19.5195639776883 16.07095014576 18.9391517448727 18.8228618903316 17.0814978754367 21.2509322834574
TCGA-AR-A24P 15.7963757723287 18.7286009033464 20.4961642502546 19.0687954881593 17.8218164769957 16.9849385199704 17.8911743099664 16.1845304488694 18.4021598322041 18.6944243011428 17.7765970266707 20.8238851516285
TCGA-AR-A2LH 15.9283543823093 18.2430552419325 21.1960862565273 19.8334405178616 18.1482617086726 18.3389831352018 19.5836654329246 16.1136118709812 18.0304451637646 18.9781576416257 17.4309894848546 20.9881534261624
TCGA-A1-A0SP 17.1175527054772 16.3446968379695 20.1110971139855 17.6831288970393 17.9876916482414 16.8518511029909 18.4278555245434 15.7528607752117 18.4832150773163 17.9816929625047 17.2018339136936 20.9863175702235
TCGA-AO-A0JL 16.099375507258 17.0058905034971 19.8899935624599 18.9799708386553 16.7844895206539 18.345356288249 18.1002321715546 15.1638992738752 18.3303769713743 17.8885865307646 16.822049115514 20.3186864376631
TCGA-AR-A2LE 16.729105258186 17.3225536956911 21.3522316703796 19.3973693501019 18.0106671533436 18.2229656127265 18.4348785138811 16.1809682565179 19.0365275259257 18.8270578002822 17.7468955975921 21.0155226000314
TCGA-E2-A1IU 14.6660094473547 19.1900901401957 19.0800274485454 18.4578445142147 17.8246377841208 17.3765503825389 18.5520427215924 16.0828805717532 18.7027300311698 18.800463444731 17.9034297794508 20.6012676526291
TCGA-BH-A18H 14.7226333506776 18.1889434010247 19.9844198980296 19.1141735532325 17.5770227962993 18.047120434462 18.5986175651418 16.3472953915707 18.6039346694028 18.6587670737714 17.9144330937735 21.1011496909948
TCGA-BH-A18P 14.9326929087073 19.7510629752286 19.3116789706688 18.0328393314422 18.2903818673269 17.9459975609263 19.039840451946 16.3559063147757 18.9957532500371 18.6158330803664 17.8311068552598 20.7061058641224
TCGA-BH-A0BP 16.0653976663704 18.2515113136383 21.2348670807744 19.8766069387034 17.7585855511718 18.830545510459 18.9698931784678 16.566981514341 18.8712902984743 19.171658650282 17.4597565639793 20.4582933582299
TCGA-A8-A06Z 12.3195304174764 16.1999291225444 18.2243839818617 18.4674967127422 17.9909916845771 18.2033365002917 18.1432153111226 15.4878547090262 18.6099328202698 18.9930119767107 17.695569566844 21.2241553694929
TCGA-A8-A07L 14.8823372942059 18.3964164181476 17.5684323805728 18.7639244305732 18.1056150037927 19.3958850730271 17.6725539349378 15.4411604622109 19.7093914819196 18.8873145659213 17.2178618405744 20.1821485687394
TCGA-B6-A0IH 17.5192107466313 19.5247131713993 20.440786409614 20.04197236966 16.8887156654739 17.4645284080564 17.6736789543625 15.9171333065622 19.1197748525922 19.0413534028482 17.4597374991398 20.6779544141299
TCGA-A8-A09D 14.4963491620625 18.697116485026 18.97099376778 19.9404647427658 17.5002876102723 18.4604919622309 19.0772635471467 17.2926271500151 19.8868399557822 18.7786108015407 17.7643291970194 21.2254676320484
TCGA-GM-A2D9 16.7100698800615 18.6845713632772 21.364797571839 18.4559381869003 18.4432522041919 18.5745597685697 18.9258938719275 16.4209749616658 18.5802397720796 18.6040182171969 17.4401865589719 20.7971902446464
TCGA-AO-A03V 14.2114761809043 18.802156598987 21.1617088504312 18.4130382496251 18.1388268187496 18.5734618804618 19.2359213489967 15.6173720236532 19.0327281429954 18.6836298895814 18.4053482950475 21.4518321600204
TCGA-A2-A0SU 14.1012310445753 18.4571845207698 21.1950899430038 18.9021563179998 17.6014489651065 17.9342902010074 19.1416349417028 16.4347983810555 18.1483930036233 18.7983782115504 17.9180524294211 21.3825459849721
TCGA-BH-A0BQ 17.7968028470159 19.3912387904741 21.4123930870118 19.3041076319957 17.3297591504543 17.9399963583124 18.4593901292112 15.8729565035676 18.6199454246235 18.8228715952491 17.302842412814 20.6972245952627
TCGA-A2-A1FW 13.5571046729132 18.893664418747 18.5653646511532 18.0338422037305 16.7799527691636 17.9252815642013 18.6513898867846 15.7102554436883 19.2130219827265 19.0931084114897 17.3273375785941 20.8727424949549
TCGA-A2-A3XZ 13.2674873774096 17.7138812216298 20.4256624589475 19.2715586402098 17.722318816519 17.3001374887518 19.459935232928 15.2734887034675 18.4780011340977 18.9474903452351 17.0456446721522 21.2316844854616
TCGA-A2-A0EM 16.2344462549267 17.9935544077294 18.727106040837 18.9135128514913 17.5985519598296 17.4913420534472 18.2769926824202 16.0764554134301 19.027914008705 18.9155871902198 17.6932863631109 21.1723920181571
TCGA-LL-A5YO 15.6130582575072 18.5192242146253 19.894963428074 18.3042574207273 18.0439861572815 17.171053121995 19.4797507457477 15.9423289886202 18.2268955388252 19.1607592159456 17.8794175767043 20.7791806387453
TCGA-A7-A0CH 17.4825651594421 17.774279316092 20.9917985440977 17.420644774551 18.5445968523993 17.5018231773226 18.268045997142 16.0063771195278 18.6402474906712 18.6598968610821 17.7401436618046 20.9752102117515
TCGA-3C-AALJ 12.7933776790096 17.5344835669758 19.8182063903082 18.5020054411719 16.3740939910015 19.9880580674487 18.9322159418948 15.3263782042167 18.4472902124282 18.5475347851146 17.4918735661971 20.8399525877594
TCGA-A2-A0ET 12.7373111969832 17.695210226186 18.526578245361 17.1083701227268 15.7616969891169 16.8178408765516 17.9369551287337 15.9812073709203 18.8330534798683 19.3195262606122 18.1207734295754 20.575888890218
TCGA-A8-A076 15.2375715039076 18.5942342489066 18.8969419879463 18.2791398536123 19.059591623949 18.0741577957884 19.2804213712998 15.9138902451995 18.8594884837817 18.9550336758927 17.4277065972444 20.6335555509827
TCGA-B6-A0IK 13.6269197706251 18.3300636984307 19.6475262302637 18.5832895721859 18.7281045715935 18.5423545369259 19.3657008124221 16.3860647795965 19.054767682187 18.5314609849961 17.0688791989557 21.5326790708113
TCGA-BH-A0BL 18.0966274299827 17.8951727671768 20.5377681316334 19.3892969125857 16.7598341334446 17.9876943893297 17.5444563138081 16.0349637929141 18.5358985052911 18.315528205821 18.0065641438697 20.6275775796056
TCGA-A2-A0D3 18.1638786762739 18.063301507883 21.2135761107649 18.4252745293984 17.524892911351 17.0470277110701 18.5229022980649 15.9964055406125 19.1602448642739 18.9241511548595 17.7416600281908 20.6122841897553
TCGA-A2-A4S1 16.7997292447913 18.2577474521895 21.8183250870355 20.7740954085534 16.788648046406 17.515311221331 19.0921788814331 15.8908053531555 17.5695771801188 19.5075967526924 16.7870009201237 20.7704445312601
TCGA-AC-A3TM 15.4358330786729 19.0589952387523 21.4871653452882 17.0289605041298 17.5624179649601 17.8332090943972 18.4851966416549 14.9578310670127 17.3969883729054 19.8119985154787 16.8703236104738 20.719569689029
TCGA-AN-A0XP 14.1331759484598 18.1411611084276 18.9613187891115 18.7035693001742 18.0120251496007 17.622353682932 18.3903422854297 16.3875407167511 19.1408174548791 19.1633821047403 17.4256022527647 20.7369312981561
TCGA-A7-A4SB 14.0009432517167 18.3119321766993 19.9838362017882 18.8953298328774 16.1051384587435 18.7470899771154 18.3904131364845 16.4779896464717 18.6403943534053 18.8395574878339 17.3677503146049 20.789495535056
TCGA-BH-A28O 16.2542353125341 19.1877207616982 21.9850718216606 19.8401190871998 16.4315426333054 17.5909900240372 18.1480531330727 15.7777218867478 18.453362256723 18.7815026187685 17.0081026740304 20.0949884185019
TCGA-E9-A22B 14.8783009897652 17.7948596783591 18.5738577917629 19.574521412832 16.6957976414336 19.0207124842277 17.9380163321928 15.9990671416044 18.407531277782 18.0405133592657 18.01546653866 20.7880453421611
TCGA-A8-A0A6 15.6111736072926 18.7620648816491 19.7732417515616 18.7744306026468 17.4708217545418 17.1736361054691 17.926691874344 16.6268235712332 18.421027896895 18.0642746825117 17.8029433371533 21.1443747279916
TCGA-AR-A1AU 14.7827928328456 18.287837946108 21.8253320461104 19.491701647478 17.9976716200282 18.6903783052313 18.1708182370165 15.8066209547208 18.4750633387098 18.3682225761509 17.3493761232622 20.8428438942959
TCGA-C8-A8HP 14.233643841557 17.8952276591179 20.0079012970121 19.2547933384982 16.6916724205311 17.8690323784188 20.8545619111126 15.6149763804754 18.1213409949766 18.6494224650901 17.4704271349416 20.8055734223383
TCGA-A8-A075 16.499286778109 19.5957232322887 19.2709030983918 18.6354896286726 17.7322597606809 18.3947198585786 19.4018003655115 16.2041613632969 19.047721801635 19.3674802705263 18.312450729617 20.3060462571593
TCGA-A2-A0D0 17.1483260255103 14.4912184667506 19.7787540561458 18.2427541258265 18.1233991932695 18.5288059046344 18.7870614796092 15.4502017972513 18.5418535085928 18.4076676732345 17.6908767081188 20.4444798867668
TCGA-BH-A0DS 15.8744301630063 18.5650004833335 21.2277189012097 19.3441811111215 17.595255068159 17.6324946146811 18.4328176445648 15.7291675281717 18.5406071668211 18.3799857763785 17.6450836365993 20.8504798142651
TCGA-A2-A04Y 13.8711459851975 17.6024419868242 20.5494432091749 18.6309843449037 16.8305939237529 18.3089159262601 18.6331606753788 15.5265542969497 18.393331148034 17.9761803964687 17.2480339035157 20.7526405469253
TCGA-A7-A26G 17.7273108924456 18.6719604513168 18.7897155857999 18.904790930395 17.1612853502526 17.767055003491 17.0880420341804 16.1179763133108 19.163228506356 18.1286018378817 18.6679917842705 20.7255533723948
TCGA-AC-A23H 15.3460513001969 19.2808161782089 19.6882856062592 19.3822940060356 17.9729668988386 19.2304824730854 18.9829295269059 16.126340823001 19.3705545626738 18.9575429800497 17.6775952927855 21.3535298810637
TCGA-AR-A5QQ 15.2997799903978 17.5914961544391 21.6343109684382 18.9072475494362 14.9620429324106 18.1856757922541 18.5897739947489 16.4890786579818 18.4400423842483 18.8957262368401 17.1953526103896 21.0161948318469
TCGA-BH-A0E0 17.6840816796352 15.2145990883817 19.1944476183893 20.0352298710207 17.8479172197809 16.5574470942616 17.8861542518932 14.8623979846814 19.209547515498 18.483266276568 18.2293761562806 21.4006388327426
TCGA-E2-A1IN 16.1090480366606 19.1656822603059 19.3922935849819 18.4794463948491 17.804898918217 18.4479776099318 18.0975658680046 15.8702905857319 18.4964285488636 18.1953803181128 17.5630847273393 20.9978727121781
TCGA-E2-A1IO 16.8570443034496 20.1629248931047 21.4223462648321 19.4254647818648 17.0661565407676 17.8085229120415 18.5177912801439 16.2270851119628 19.2456930148506 18.8288829871779 17.6969160033732 20.8211857839347
TCGA-BH-A0C1 18.1847056791629 19.0386619253455 21.4145113331882 19.6049712612909 16.9592885550597 18.0400324634795 18.4126072380084 16.0837679460714 18.8840096388744 18.8971046632064 17.3712988207964 20.3463719988332
TCGA-E2-A106 14.1507833769409 16.8565844168991 20.4660198022758 18.3994298854714 16.3563834911858 19.1868864137842 18.5629655313289 15.5999852661672 19.7100201114124 19.1340008552067 17.5427989355709 21.1969119876607
TCGA-AR-A5QN 14.749849093642 18.0850773490436 20.7960676779528 19.5961141815391 16.9140788427949 18.1329558976848 18.7528858888099 16.0227788859035 17.8785030176061 18.6829531113724 17.4306684838144 20.0538093232061
TCGA-AR-A254 15.2810813139641 18.874456805767 19.0497561244318 19.8007355672475 16.818827158049 17.3524635297717 17.7745488015607 15.9094748351799 19.0050265021437 18.118750779502 17.5688359837779 20.6142281998317
TCGA-B6-A0RU 18.8151565106959 17.0080157105997 20.8329335607487 19.4332833961735 17.7442227136715 18.7967209358326 18.7527859256079 15.9080085938976 19.045331652349 18.6003701738657 17.5100272742684 20.4814440171418
TCGA-A2-A3XY 16.9261001370717 17.9839952706536 21.7401532697547 18.9214950952045 16.7226955012365 19.3208298290119 18.6447600544336 15.7135304409184 18.3186227115604 18.9176797391633 17.7443493990653 20.4798716468962
TCGA-BH-A0AV 15.872200557984 17.4044101706754 19.7526274931889 19.1095157228334 16.893076746599 20.3900896495189 17.6449901393987 16.0080899554493 19.3811089704256 18.6856296986891 17.9655860284157 20.4765528493619
TCGA-A1-A0SG 14.2079951912265 18.1238449193641 19.4944235160846 18.6675558638335 18.2642505846948 18.655877006047 18.9399093647548 15.5524275664044 18.1496385067266 18.6637940042568 17.441947988408 20.8360930258366
TCGA-AC-A5EH 14.9890490738562 18.8771859223353 21.1946542368268 18.2763689832827 17.8425249059601 18.1481296165371 19.3829910363694 16.0224338791694 18.4932945237427 18.2177146843116 17.6072007165247 20.6458562954814
TCGA-C8-A138 14.6923145643379 19.1596129032902 20.8604328684487 19.1254724163191 17.1807807631509 18.2956260643033 19.5878262727371 15.6594002135004 17.9740048326648 18.3272786095613 17.0680576348786 20.5301201477547
TCGA-AR-A251 17.5793299851652 16.2184123431128 19.0792868216649 19.2435514846357 17.3951582084306 16.9209527193161 16.1644801910748 16.2660110510826 18.9368309895942 18.990094051892 19.0790686933663 20.8965992700401
TCGA-A2-A0EX 17.3606071455258 19.6421135737784 19.5422913152896 19.371513864952 17.8701219527976 17.5160373209206 18.3544787558984 15.8193051704454 18.8858315427267 18.7118435816647 17.3656278970574 21.3166027104632
TCGA-AC-A62X 15.1613666486871 16.7318172154018 20.042916534244 16.8736304671092 18.0766561480836 17.6719280119973 18.0575391534078 15.9121267148601 18.4849648917875 19.4844945237517 17.996630489622 20.1706491461477
TCGA-GM-A2DI 18.6384052989701 18.8971214358628 20.9257238406137 19.8675177871837 17.5763512956153 18.7898648004934 18.7630064401866 16.138702873066 18.8700701485381 18.7636160204964 17.4828636926553 21.0904377586831
TCGA-D8-A1J9 14.2270850151917 18.1344265917641 19.1315761843999 18.9732373902893 18.075914917752 18.3315374738887 19.2342845898789 16.1478457775707 18.904301150479 18.5636516969168 17.9432241750345 21.3950033150455
TCGA-A2-A0EU 13.5186499433131 17.2494190590513 19.5944222064705 18.702620983914 18.3369615644488 17.7531640667836 18.048392339551 16.4443567126316 18.4023986569293 17.846059264515 17.9588985254958 21.2315286827701
TCGA-BH-AB28 16.8468862831396 19.3456518221944 20.5330361202241 20.0720319182381 16.7077443691664 17.8485331682185 18.3217498739533 15.7062942153969 18.7610304234613 19.1104835221056 17.3311268086417 19.4280508297236
TCGA-AN-A0AS 17.068809696958 17.1678274680022 20.1252706762911 20.0169459710742 17.9330057747561 18.328449242296 20.0880011420166 16.9994586437695 18.9675883168514 18.6318766987878 17.7182245847208 21.0249710452294
TCGA-A1-A0SI 17.2152171858913 19.0295874979354 21.5668048703487 18.2503430297272 18.1924981658832 18.1443734947655 18.9856678503607 16.1004271662563 18.8807336835136 18.7871862470979 17.4810413741174 20.8997348886452
TCGA-BH-A0B9 12.5514547884156 15.3339720337822 18.2205745535786 17.9860909175266 17.5973074400925 15.627692733063 17.1412468251175 15.628935782264 18.3402245191264 18.4547479882479 17.9900191280942 20.0335905709644
TCGA-A7-A5ZV 13.6436901034286 15.5826538275302 20.960084877399 19.1241814302249 17.1802047404759 17.0869827534285 17.7718612681879 15.6340156143257 18.3729002538373 18.6859731917629 18.2070011836602 19.1997336416916
TCGA-BH-A0HP 15.3419677759148 19.9541681280429 20.2608836430702 19.4110629718137 17.8080036737642 17.599319978437 18.3233511424925 16.2132194002277 19.2288738806149 18.5396816466016 17.6763782077587 21.0016774865268
TCGA-B6-A408 17.6835956474245 17.8032544980731 20.6039796846366 18.2028203365441 18.751967590601 17.7784480721747 19.2222724882434 17.1315497776455 17.7164846596947 19.3673909013373 17.2246701910401 20.4589199731189
TCGA-A7-A3IY 14.964703834127 18.0923785710383 20.2095653095284 19.0063376537287 16.3900403463444 18.1759513935511 18.3701892462492 15.9799804922914 18.3206978156117 18.7539294329309 17.453341334947 20.9983493155202
TCGA-E2-A570 17.2700100582773 18.7564379446307 21.2094515584691 18.5212546432923 17.8489918617636 18.0026452646254 18.9466220012582 15.6412273434175 18.6277821650942 19.181179202015 17.2650160945157 20.5619549655399
TCGA-A1-A0SD 16.7781317798177 18.9511971144279 19.9563904793314 19.3345257422812 16.7877651695841 18.0196301409235 18.3853235451796 15.7244713071137 18.3258768563999 18.6923324320054 18.1490018736125 20.477716691608
TCGA-S3-AA14 16.3085462417696 20.0630659389594 19.9331731138762 18.6513612338441 18.6339675922008 18.125536273446 19.0572697284166 15.5858986471479 18.6560881250197 19.014742108293 17.7185412891682 20.7203763507837
TCGA-A2-A4RX 18.3050180747329 18.8877012505353 21.0476763459673 19.1970341788765 16.9804603752516 18.2214770830305 18.6974331427588 15.8106122117132 18.8385070617884 18.7561183551279 17.0660401452159 20.3385584250309
TCGA-Z7-A8R6 18.3432180783402 18.1115939544258 21.1549180718384 17.5120371799588 17.8637305874875 18.6334364796501 19.1991475245198 15.608706734938 18.8033865937621 18.7384951286977 17.4096251359737 20.7918304887463
TCGA-A2-A0EW 15.3385934405826 19.0479295114613 22.5364147441572 20.1207820545652 17.885248674015 17.6398368907876 18.300903837766 16.0808899757936 18.0877694782644 18.7201512212404 17.3897966666617 20.7455043393073
TCGA-C8-A12W 14.6387648480441 18.1024906818631 19.5608210663013 19.0913825172162 16.8565842973625 20.3666075246264 18.0968095047655 15.5800852750624 19.8407274305821 19.0750975578591 17.8538693556669 20.509807624038
TCGA-A2-A0CV 18.5983983104473 19.4069333312872 21.7825634933267 19.1455041015542 17.2366804732892 17.1684315007125 18.4309898453941 16.4006047378441 18.2171295262644 19.3847024002986 17.6325618445896 20.7644905169483
TCGA-A8-A09E 12.7718613655199 18.3512689435601 21.0959909421041 17.5837744772245 18.1881423135172 17.7199008235969 18.4688678761761 16.0686740606131 18.3511697224889 19.1656235770177 17.8352402198867 20.4151437702793
TCGA-AR-A24N 16.3045218569645 19.2348360398155 20.4755970696199 19.203849173301 18.3388047372704 17.0126679003515 18.1630185388424 16.2225231954996 19.0394093321129 18.4662929578112 17.6766438580802 20.4414653822743
TCGA-BH-A0HA 15.0910532828853 19.5476995320153 20.5960734983459 19.0757244768386 16.8450589796665 18.1935901385693 18.502496821261 15.615911851267 18.2587331843309 18.147706107718 17.2271408596904 21.2344644928076
TCGA-A2-A0YC 14.2602604553135 17.8081090628658 19.1732323264826 18.7838890165224 17.6862965862549 17.896017551048 18.0254678194763 16.0816360747917 18.6893566661493 18.9490644140346 17.5187675276163 20.6201386104546
TCGA-OL-A5RZ 12.322076302403 19.9230622292284 20.449809349466 17.3508802445397 17.1555054647356 18.0646194035779 20.1472474965375 15.2209881411188 18.0331967459592 18.8242486895537 17.2247675596055 20.6611290233307
TCGA-A2-A0CR 13.7881786920695 19.3197701236109 21.3161415685709 18.7725313994471 17.2498352177837 18.1101685655161 18.7163908546688 15.4670604661997 17.7543414346672 19.6234416206616 16.8293520918711 20.8419105439551
TCGA-OL-A5RX 17.842984176724 18.5680809995758 21.174643015002 19.1533462992925 16.9717190840152 17.831345659333 18.6648812682899 16.1686737410653 18.7882007605108 19.062971010988 17.1364849581166 20.4396653954614
TCGA-AC-A3TN 12.6430653832266 18.665399784787 20.343336637891 18.0937394728235 17.521175000158 18.2043143366156 18.608728479181 15.3309999466748 18.3232529736902 19.6718202506822 17.1607215276727 20.8438198362786
TCGA-AQ-A04H 14.3145745272927 17.0888033246295 20.1047580647135 18.7749571363867 16.4442492010157 20.3244604218892 18.9705525368421 15.6025050375253 18.7872156284805 19.0381262154662 18.1135220374893 21.2970462440692
TCGA-AC-A6IX 15.9351141050323 20.0499532018797 21.2821468378103 19.031613387227 17.2554251034704 18.1867803751631 19.2190859603877 15.8309038509951 18.8515207072486 18.9622166159177 16.9369724798006 20.3212428052371
TCGA-AR-A0U2 13.4585242858523 18.0676507482221 19.4888755785696 18.0018751455206 17.4725283749027 19.3840267131964 19.3431519821503 15.7265181355525 19.1264897872377 19.283401920573 17.8865990966015 20.707512892819
TCGA-AC-A3W6 16.8146783803973 20.0573354415729 21.4291930606674 19.2066517700568 18.5252436580817 18.7433580263055 19.3038585882275 15.9170698511931 18.7482768578949 19.1529559968904 17.1366621508897 20.7869172526791
TCGA-A2-A0ES 16.9098328235265 18.8863145051586 21.4485502462487 19.7388727951651 16.8522326671064 17.9665804295215 18.2640522557461 16.3717630312721 18.6532514742958 18.4962198520273 17.3115980630158 20.8784281596846
TCGA-AO-A03U 16.2889458147519 19.2391866139178 20.4869070369767 19.5134701376674 17.2872210336566 18.2496191935597 18.6444364622433 16.05003932298 18.4383776909577 18.7272854363799 17.2396350283324 20.6302251285179
TCGA-AN-A0AL 14.1871288064231 18.8173764642266 21.0937461623241 19.0141289482716 17.5083884261263 18.6000453621893 19.3875645817098 16.3231882936231 18.7547555844466 18.8272878618204 17.1772512887518 20.7886159319278
TCGA-AR-A1AP 15.680864118602 17.4816216324599 21.0408472567283 19.2197228443348 18.2886961431859 17.5223472576078 17.9471802965112 16.0080641761282 18.2773078479452 18.8807094535237 17.7004510414835 20.6000019314071
TCGA-AC-A4ZE 17.3171252068285 18.216432638493 20.1461341445233 19.1414253979728 17.6404536206476 18.7192599575539 18.7481085619617 15.6834208735776 19.0391173112582 19.2001326121369 17.5502711583362 19.5272611677645
TCGA-E2-A15C 18.169437454326 18.6048065704069 20.8222000315097 18.5709842602866 18.3474352476333 18.1354425553959 18.4199939047036 15.6663035816838 18.3138618640872 19.0617184613327 17.4728754874099 20.724482884673
TCGA-B6-A1KI 14.3434287551741 19.039245001638 18.3895382548401 20.2301559645854 18.3518092055835 18.6447448243538 17.852116843431 16.11615196852 18.5510146568134 19.1070124064843 17.2344836586016 20.925915723382
TCGA-AR-A24T 16.8341126499427 20.4532404387533 19.18001156837 18.6958630372654 16.138148966046 18.2995630356294 17.5387637131239 16.5406283618247 19.211891877428 18.8504494204736 18.09294498967 20.8753762701414
TCGA-AN-A0XR 15.0862425801158 18.0347255073063 18.1181098730099 16.9066453413441 19.0106758739376 17.7435162802771 18.945376145666 15.6591836176053 18.4422449230174 19.1306232460349 17.2506363065606 20.6638677007746
TCGA-AC-A62Y 13.397860741531 17.9916998251287 23.4984322147146 17.9905437781427 17.8944157699454 17.4124279038322 18.7275037745846 16.0001137658891 18.0853183845745 19.1443377431198 17.2901152401755 20.9051320375202
TCGA-A2-A1FV 14.6362681299942 18.2812520233608 20.1905033884323 19.0622052829791 17.0119388490075 17.7908103751255 16.4620545220952 15.9154035209916 19.8635278683998 18.5947524770391 18.0701220346705 21.2360315742785
TCGA-B6-A0RT 13.8461411477247 17.6475918040483 19.4158514981638 19.1074956457846 16.7722243561911 16.6380793105774 18.3106201768149 16.1373178177529 19.0851905799366 18.5424718928632 18.0941263125766 20.7331383728333
TCGA-AN-A0FN 17.9039639643882 19.8530704269221 21.4296767335532 19.8990681336989 16.6164738515454 18.9712432977909 18.0225081511632 16.5686204505364 18.4589919039573 18.3160376534215 17.6140556833529 21.1150929426028
TCGA-A2-A25C 14.6323585268241 19.018784627001 18.5089147064816 18.757481346659 17.6042866815042 17.6388967281245 19.1767828611079 16.0293162727908 18.8875654240154 18.7075385380922 17.9254582785816 20.4967694672089
TCGA-BH-A1FG 13.0276713220356 17.6808991491927 19.1575561576626 18.0266461117265 17.4752586719021 17.9864218872448 17.79996454875 16.1531163087224 18.8426828267993 18.851153524595 17.8173781751763 21.151482926506
TCGA-BH-A18M 17.2218761578193 19.1400308873573 21.1538462930554 19.0125999277773 18.9886036790317 17.5969411345401 18.2287353219777 15.8123907313782 18.2913992802016 18.7745912995471 17.4869378552238 20.8334838206742
TCGA-AR-A24M 16.5872223774417 19.0249440405311 19.3862206023167 18.488387565537 18.0485875262973 17.5796397888585 18.3329622118966 17.1666250891832 19.0441217761466 18.919516293107 17.9744334768834 21.0525156061534
TCGA-A2-A04T 18.2354224108255 15.984838895429 18.8307799968931 17.4564954539076 17.339687392946 17.1009842000062 18.4234080655937 15.8512984224841 18.9379139122081 18.3887826935231 17.3203029467331 20.7118028503444
TCGA-D8-A1XM 16.7696269286083 19.2654394779866 19.4424367831534 19.1570669036992 17.815291829879 17.8891023817284 18.1110556685904 15.9755329940218 18.6952924319819 18.5164978255982 17.7759372121457 21.3710915893017
TCGA-A2-A0YI 15.2938385693005 18.8717472697312 20.2796539657784 18.7491173975678 18.7167744087697 17.6169840742643 17.8659112674721 16.003101192871 18.8459094905169 18.899509331402 17.7695032205754 20.5745650497198
TCGA-BH-A0HY 16.7124393097864 19.6556303135727 21.0130361090249 19.1834333644681 18.9505111868161 18.1228484351255 19.6968938044861 16.3097603507902 19.1083703229166 18.1676558452266 18.1222029171181 21.3126822903833
TCGA-A2-A04X 13.5782531651524 17.8967457231239 19.4828791367515 18.4275851060469 18.8319483798193 18.2626779316146 18.6282288116389 15.6175236526061 18.2279318168617 18.3462996036536 17.9767365115986 21.2121114330353
TCGA-A8-A0A9 17.2532184575035 17.5929784383133 20.7979215894707 17.6201959315681 17.9549999146788 17.6357734523999 18.335002571311 17.4228103510291 18.5372870348108 18.7391100214403 17.6863493728239 20.3483652400629
TCGA-AN-A0XN 19.2563564721875 18.7246082723709 20.1129322635642 19.5580198998873 17.3474875581761 18.5220474471637 17.6216160629058 16.5483725431663 18.689328255684 18.9125770387847 17.9237903315843 20.7740018323834
TCGA-D8-A1JF 17.1142146753325 17.9989707056575 18.3652208039048 19.2135900409104 16.8208809825883 16.8774971437209 17.9392579550588 15.9087068771597 18.8343853213513 18.7331804768785 18.2640822367903 20.5523521825595
TCGA-GM-A2DK 14.9381634752117 17.0515378817969 20.7054188573679 19.9048507223415 16.976100820557 19.2450562598063 18.0276465436437 15.9951981373738 17.8287036216803 18.3558342536361 17.1764262825877 21.4760295579515
TCGA-GM-A2DH 16.5100837857026 16.92908783969 20.5624073941389 18.222615859015 17.7723044884258 16.8118783493127 18.9136554938099 15.4079561805066 19.0867695259368 18.8333073167278 18.0445696367861 20.8382445387405
TCGA-BH-A0BO 18.4505856537778 19.551690001065 20.6018303278055 20.8745193103335 18.166707532305 18.2561389108396 18.2866775200432 16.6127857905818 18.522320120111 18.7823827928074 17.4843915892519 20.9217363195174
TCGA-B6-A0WX 19.6039580012871 19.3885665048918 21.1511180403972 18.3519671178726 16.7568767753416 17.6991453911608 17.2876636966971 15.7621709522707 18.173529654471 18.4290945127022 17.5707287761865 20.3542290827314
TCGA-A1-A0SF 17.2745034816612 19.513806855679 20.8586259583428 19.0439502432816 17.1818875615821 17.7476997379068 18.5697022248252 15.8568978981695 19.0139041475422 18.4399957308114 17.3158500658793 21.4367953016875
TCGA-A2-A0CT 13.9987842921045 18.6555175999753 20.3352045635215 18.1581518988354 14.6785478792208 18.1439624633553 17.9525672462879 15.5956003231494 18.8777460646979 18.4932074361009 18.0550466275663 21.041231191481
TCGA-A2-A04Q 16.7847556197474 17.9820206594587 20.1876056668309 18.2645462329388 17.1608410520563 17.3844986175558 17.6931272941089 15.8393972034721 18.1581086439932 18.6665100699698 18.0251083649103 20.8520664537247
TCGA-C8-A3M7 14.5229320335089 18.7982717644598 20.805055095774 20.9340445633202 17.5520490493231 18.2482790968219 18.7548699572019 16.2257437656341 18.8479088798192 18.5999612550224 17.5659784288376 20.628605186768
TCGA-AO-A0JG 15.084655447751 18.6469298434407 20.8602292224354 19.1703313016156 16.821847954225 18.0231730324702 18.3961108367132 16.0483136791536 18.2775106987408 19.0217051664812 17.9877122576212 20.3562294570209
TCGA-BH-A0BC 15.4827069414219 18.2465483349216 19.7507953203521 18.8892918167021 18.175437579236 18.6044894692846 18.8043636306608 16.3128389558899 18.6214235540553 18.9979284360839 17.7958130387833 21.3062795756251
TCGA-B6-A0IQ 13.7541540711041 16.114720808183 21.2576929155113 16.4604601855516 17.5855561246955 16.1776236670661 17.4222081553728 15.326056788715 18.8906699286509 18.7455122538575 18.2043492081966 20.4609773246635
TCGA-A2-A0EN 15.4714935940037 18.7396390235809 20.9037705832869 20.2604118135268 16.738620356036 17.8025029570662 18.1634061472282 16.3178150356351 18.4158207261571 18.7696784529534 17.3997331577575 20.5928018854881
TCGA-AC-A2FO 15.8475679385335 19.129331704623 20.8762761317609 19.95418857177 16.7639500762765 18.3612636902325 18.1017911347014 16.1553539938682 18.5910061812707 18.9776044001294 17.628562976753 21.1399782406271
TCGA-BH-A0B5 18.2332722140634 19.2756078040649 20.0815815739435 18.259370875974 17.5297730015542 18.0447424929062 18.3760432719308 16.1309680843239 18.4417622388105 19.1177681206037 17.4839984893615 20.6703812556454
TCGA-5L-AAT0 18.9930445820197 19.7617632238275 19.4738857076443 18.2923465873042 17.2738750195643 18.500138149113 18.4704360509802 15.7605487175971 18.9226030133004 19.0532243540273 17.2085396686491 21.0768543110464
TCGA-A7-A4SC 16.8418980747466 19.5959715451092 21.4767573963503 19.5887974560698 17.0610494264774 17.840941831953 18.42531271227 15.7369326031046 17.9585605245575 19.128748479294 17.3959723967616 20.02206580451
TCGA-AC-A3BB 15.5050934001151 19.5757748940258 22.2028666536109 19.0578804868742 16.7431390222616 18.0594381757156 18.7071726926458 15.981892583566 18.0138046483071 19.2572762364685 17.1369298168091 20.8598675707723
TCGA-AR-A1AY 18.4370187526644 16.2581931047021 18.9203128630319 17.1181354304921 18.3627081665935 16.8425113098636 17.9263488238319 15.9570188589597 19.1174600409436 18.2571976300739 19.147865924613 20.8294944164134
TCGA-A8-A06Q 14.385504950535 17.572970883476 18.814822019516 17.4389818421618 19.8582337483753 16.9040873975583 18.6635891203819 16.9378144337254 18.4465739360678 18.9385571153984 18.1318817657224 20.9999583202211
TCGA-A2-A0T0 15.6246674346882 16.7413112611169 20.1444690256033 18.3546474896012 17.267001140231 17.1977672288122 19.2431944173418 16.3175507330666 18.8943673591418 19.294488307784 18.1270692811601 20.1936213120559
TCGA-A7-A4SA 16.3789538112373 19.0286711609643 20.4117829268974 18.7894294704574 18.3971237770681 18.9535927452161 18.810185526661 15.594169691101 18.0645639434847 19.0425722166508 17.428204986714 20.0847896398886
TCGA-A2-A3KC 17.1063184082664 19.6277290357321 20.7834896995342 19.6544808257322 16.1820253897765 18.4977886241615 18.4472752986667 15.7691586504741 18.301484033329 19.0245268257809 17.2675537979951 20.012167367369
TCGA-BH-A0H0 12.4591157758809 19.1240771550659 20.0017104515984 18.1353293821489 16.0651242616808 18.2348863804199 18.5759821919823 16.3429318641762 19.2995667990831 17.8176794897498 17.8769127104872 21.3707012826787
TCGA-A8-A07O 14.4657607466862 15.2516568765126 18.5086651720721 18.3557641978996 17.0002091944736 17.997672599928 17.3564067120391 16.386469702952 19.1179253422511 17.9696101256457 17.8605159461184 20.7753759508183
TCGA-A2-A25A 17.5623120724045 19.7624014672423 21.5528871314626 20.367855755873 18.0970260397972 18.2082726527892 18.4393308838224 16.0039183312644 18.6074018829027 18.4680321530657 17.448492612426 21.1014276824374
TCGA-LL-A441 15.5222425755417 17.2531788233824 20.3634502757235 18.7182003409532 15.4706329290072 16.9838351113488 17.9741200709085 15.8999294660974 18.8578824387585 19.3772307755655 17.5101764931571 19.8635069064833
TCGA-A2-A0YT 14.7523629479738 17.5551644581577 19.7470174946918 18.6320275633225 18.3311156074187 18.9196145767365 18.6458004029349 16.5949474084937 18.8825728885323 19.0210360527753 17.9808336313275 20.9325149673084
TCGA-E2-A14U 14.6708048705171 18.0301739253256 22.8259695216102 19.0869821764107 16.3173120238566 17.9066131424139 18.5870573168325 15.2877112695936 18.4710733294217 19.1640014535818 16.8975939716287 20.3334762289183
TCGA-A8-A083 13.7615167800018 17.6295202613371 19.8856934827681 17.4106693563324 18.5750989886311 17.4231699521116 18.2914133896401 15.3294191744866 18.6701041822212 18.9835248677966 17.7107120024835 20.4353882855507
