X114 X1674 X111 X7042 X55799 X3908 X3655 X7043 X196883 X782 X7168 X784 X5566
TCGA-BH-A0HW 3 10.3160308555445 12.6852486311008 13.514613735161 11.1122175168595 11.5394417970275 18.0502487801583 17.3279313892943 14.4766206207418 15.5550601549367 18.9469650622593 17.3480329370207 18.6187042554512
TCGA-BH-A18S 11.2656892744342 9.74173520055814 13.8347579408801 14.7732775894864 11.8962647614613 13.8744451567606 18.0071164664093 18.1300104641248 14.1776554936116 14.2835464039579 20.0444086431898 16.3105927584576 18.4718681754503
TCGA-D8-A27E 10.892073566505 10.7650885099935 15.1541919947944 14.6723128796645 17.8096659561813 14.5281757443944 17.4278152769511 19.3908776623031 14.3621378980192 14.0372006090106 20.7803391066644 15.8389528536021 18.7199024879425
TCGA-E2-A1IH 3 12.8234684275 13.4849468839542 14.9161742562538 12.4403990659812 16.9125441423304 18.5811111782096 18.8361761458189 15.6604350895837 14.0768204594008 19.4447651495023 16.2819197562719 19.3662660399495
TCGA-A8-A091 7.70414187409255 12.2465635020916 18.6532768621625 14.1183296696177 11.1747643008023 15.9340514951698 18.2376767457171 20.2404454352911 14.9664763999006 14.2626725567829 17.6096729731137 16.6963421340194 18.6931627950941
TCGA-A2-A04W 6.74266179726588 13.578569132136 14.5410803327678 16.9034900592731 12.2705198582497 16.4577442485127 18.0942216104064 19.010317094902 13.7185884315695 15.3311677008251 19.3739587709068 16.7908715744395 19.33313595392
TCGA-D8-A1X5 3 9.90255756993503 18.5542064010153 15.3058547528572 11.6040087095094 16.3750100735604 18.2282399782466 17.9703441495016 13.5449566906913 13.7580019521878 19.097360442933 16.3731846350265 18.4089870635851
TCGA-BH-A5J0 6.52313870618241 18.7149196717394 16.3524270918135 15.5943108521282 11.5551810896639 15.946181663001 18.0993011731575 19.2801689753025 15.1180918774359 13.8489504391547 19.6612053335011 18.2881364963345 18.9404763767419
TCGA-A2-A1G1 3 12.3466625775508 11.0320622067339 17.8087300274958 10.7442707290109 15.3032764197837 18.2760038884253 18.4605863999047 13.8147883873154 13.561569412035 20.4685197538216 15.5513002683278 18.871086021287
TCGA-A8-A097 7.54653045189876 13.987517044011 13.8674423848339 17.2304596044593 11.394449950069 16.3516915875835 17.4008191802056 18.5620105255995 14.3984313437531 16.3873432996396 20.0238607708707 16.7278468945797 19.1804551259893
TCGA-C8-A130 3 14.9689012910499 13.1566615729758 14.7743684963872 10.3964977092444 14.9129048453942 18.1405375373094 18.1732314128646 15.5317582755369 15.6614724428605 18.8140126545015 17.4108332219264 19.3135360539366
TCGA-A8-A0AD 3 13.8580777532779 16.2953745064563 16.0685485610832 12.3521266939178 16.1300922033777 20.1807536704109 20.1964610189202 13.7134765652971 12.1780767244029 19.149223386402 16.0060708127933 18.4846746560628
TCGA-A2-A0YL 7.45354325003665 17.4968129310603 14.941930210531 18.224421458387 13.3042059852081 18.164181128333 19.0873947274994 19.1288598560336 15.1414600632413 14.2820390967988 18.9729807624365 17.3496352856458 18.4920909571929
TCGA-A8-A09G 6.8187630498853 11.5760216228843 16.5275317578839 12.8076772415114 10.0755890562677 16.1304303897894 19.5378290215643 17.2946599236395 14.1867559101127 12.0493647648623 18.1770075559384 16.6427496214345 18.1983227049013
TCGA-A2-A25E 8.37214773696432 12.6721021310721 13.339042320323 14.3725613237604 11.2786344207878 15.973085665271 18.0289019335437 18.4218573049018 14.3874474467297 14.956569628355 18.967946436309 17.2613183087214 18.6980769058058
TCGA-LL-A73Y 9.51032375515347 14.985255686649 13.8441598421685 16.4229199129533 11.0742971373884 16.5843217650187 19.5679253183405 18.1707805491656 15.4969738596611 15.2266599483471 19.4062356923525 15.7446960199324 18.4368980162612
TCGA-AR-A1AK 11.1455136812917 13.2355868105652 17.0149279162968 15.3327067995217 12.5567428132326 17.7510214279377 18.892143362922 18.6974062842729 16.4699058142121 14.9771855867617 18.2620207439031 15.6834737765619 19.1321712210009
TCGA-LL-A740 7.24512045384381 13.950038039446 12.1348217046752 17.095422511914 11.2243653089821 16.3475421331748 17.9897382019448 18.4125173286 15.2699349083869 13.4088315802303 20.0624901834615 16.4315753548136 18.279773402801
TCGA-A7-A425 8.58653319522621 16.594627345067 15.5837121266708 13.4309052745147 13.4942877998107 16.8512492478854 17.7616755190134 18.2339867675433 16.3113275299364 14.770447066011 19.0330762720128 18.2690833830162 18.4199934561384
TCGA-AN-A0XO 5.87427915478252 12.4312415009383 14.5426317839924 17.3877351003373 11.1492505251644 15.7994081384471 18.3705789117193 18.0348621101605 13.1223798136542 14.2546410197841 19.1351515569724 17.7293201668868 18.5581792941473
TCGA-AC-A3W7 6.75454584410486 15.2977042559221 16.558081497796 16.8904576459349 15.0539500739109 16.7428672162929 18.1735582721646 19.1718693097366 15.6656379865368 14.3816677202344 19.7270991849327 18.6902809576852 18.6360652958727
TCGA-BH-A0H5 9.73578090976983 12.5077295693998 17.3000841642953 15.6185345753671 12.8017548079744 16.8553576645631 18.8052675221473 18.2498964314268 15.2455560457781 13.9710871786 18.1398975981138 16.2417037514218 18.4987669076571
TCGA-C8-A1HL 3 13.3226464941578 13.9819601820578 14.2582583266553 11.3041351470977 15.6993413609509 19.2960005078211 17.7799973338119 15.6599559655402 15.9299630646263 18.2832032003222 18.788999486236 18.8167222083532
TCGA-A2-A0YF 6.68310606124205 10.8470066884353 12.437333244637 14.0443465801683 11.244998053963 15.1486956433442 19.5879461071131 16.9008859980268 16.9242057193111 12.988975700712 18.5372316999354 15.3492170439492 19.0131731118139
TCGA-E2-A15J 7.61637788924084 11.497841381395 12.8828423933526 15.589569015529 10.6526129515721 14.0098549615384 16.21327863914 18.4181000688201 13.7977929534277 13.4356079729653 19.3875678538473 16.7772523036656 18.9639376749251
TCGA-BH-A0BW 3 11.524007492878 12.5995235539737 17.0487748871207 10.1925220929725 13.2310211799881 19.9385484199221 16.5254364248447 13.0430818405631 14.4111799365249 19.4438425179889 14.8158270683855 17.44037667576
TCGA-A1-A0SJ 7.10504225651548 18.8507112816 15.9665841414674 15.115394437216 11.2335849691976 17.4384624454167 18.4056578067459 16.9804114096519 14.9179564001314 13.8769179303295 18.7168129491367 15.9774429982953 18.4729307651209
TCGA-A2-A0EY 9.55406642718453 15.7362264809444 17.0380979177538 16.3356864560304 12.238927109629 15.1010155891168 17.9763398662776 17.3960413772345 14.2659691945051 16.2243745024161 18.6253608125196 17.3059152451108 19.3405143620118
TCGA-A8-A07R 3 14.3595947797109 14.7296215277156 16.7310617427795 10.4971008272747 13.2759547291331 21.5009853735298 15.0924087239671 12.3438106321253 15.0135837831988 20.37119632737 17.2987046694765 18.5114213698996
TCGA-BH-A18G 11.8377013413036 13.6625281235457 10.6091221824642 14.9069159254996 11.1916194939551 13.4356109268517 20.8666797348049 17.3433710574906 12.1085019738147 13.8965346022027 18.4539325196526 17.3220488445977 18.7224729398465
TCGA-BH-A0BR 8.59198540090571 12.5163561715385 12.7550984642029 16.3378945025934 9.60684286161921 16.810978259852 18.5420392832425 18.5251965340129 14.6803114331797 13.5595995906741 19.1707118926891 17.2518730645655 19.1137877697081
TCGA-A8-A06N 3 7.61896054266639 18.4229453233658 12.9145180424185 13.3519496932849 9.44810574204445 17.4328228137806 17.1321110584505 12.8153765503578 14.5456584112304 16.8662180356111 15.9285496272822 17.9949407439065
TCGA-AO-A03M 10.2285724101007 11.9400197322243 13.4451754858817 15.4899206293711 11.737934153255 16.2686095178496 17.9420174058772 18.1295946685227 13.6233171950308 12.6112674077147 18.0083229220692 17.6070360232368 18.5039129692723
TCGA-A8-A09X 3 11.2627171148918 11.8532877891824 13.7363810131562 12.7966465292233 15.6584397135302 17.2170420555777 17.6514198098155 14.4440487023638 12.4506853238871 18.3979146789749 17.0635772679899 18.4228210028821
TCGA-E2-A1LS 3 3 10.0104778343124 16.8023608051697 10.9311672062741 14.9858767561089 21.5283487075933 15.458049378214 12.9210252370856 14.1239943388656 17.1572869241063 16.6801462022237 19.0234832816529
TCGA-AC-A5XS 6.48484964668406 13.9105674897879 15.8476539730536 13.4684744951557 15.6737596588411 16.1466569056118 18.0254728626632 17.9822627653876 15.7417327199179 12.9828879575057 19.298789149773 16.4156763571967 18.1623153680293
TCGA-AC-A23E 5.93053066305973 11.8633168025153 14.3317943446397 15.3544017139024 11.7270791853254 17.1496636872151 19.5218026423879 19.1217281674643 13.2112853956307 13.3169728394555 20.0347773136085 17.0534880014408 18.9287430119105
TCGA-A8-A06Y 3 10.4998075517655 11.202888214266 16.2143856913547 11.3287758222113 13.9175683917852 17.360100242762 16.1930405350467 13.4612883342585 13.8435197790057 17.1125002500646 16.7175878283144 18.4639774039295
TCGA-BH-A0H3 7.41043696017499 15.6491473949456 14.2964334471033 17.5470058324399 12.929775863236 17.7050358053664 18.5783832288005 19.4416600341459 14.9887472858431 13.1926740061821 18.7774208910263 17.2218374502182 18.7192400644105
TCGA-AR-A2LJ 3 17.1778256100211 15.2919547202074 14.2186337993247 12.9954761566191 16.525358099473 16.6072671793916 20.1826361056805 15.4275004877649 16.1615609920333 18.6180745852023 17.5503351118571 18.9333520203658
TCGA-A8-A06U 3 11.1998110693287 13.2545484136496 15.2487998077611 10.060928960785 14.713296580049 18.5955367283606 16.8593481542125 13.7107951921151 14.9890034879841 18.9946388482811 16.8500926451118 18.9225029825248
TCGA-D8-A1X6 3 8.45320691405271 19.4056995389958 13.2069315532572 12.2187163454039 14.0538528606103 16.5044607627396 18.2235885356425 13.922307603071 13.4189140623352 19.0446116112203 15.8683836662698 18.9645080583894
TCGA-A7-A6VY 7.56050651165988 9.78572075828936 11.7349106440002 16.2232712114139 9.73821142189571 13.5762090334118 18.9095416850355 16.7377625965102 12.7262246295516 15.3505523195881 19.0190009739504 17.8445747479486 18.9047849830938
TCGA-E2-A15O 6.29982309498683 11.1255099341213 14.0397662589204 13.9640973715169 10.4128562907647 14.4574466187623 18.7755593439696 16.9259292498284 14.3018935534112 14.6529691829306 17.8983903335242 17.2768841586534 18.6532149578201
TCGA-A2-A0CY 6.8619272367126 21.775042607914 11.097425792768 11.7281210915561 11.0237024227716 12.6010256645273 16.5399448319998 14.70355069498 13.0105475710051 16.3299947634224 16.5606893915385 18.8930275875623 19.6713471134332
TCGA-OL-A6VO 6.96432182902543 11.6704614723703 10.550578001254 19.3865793537501 14.1523053770481 14.3739168083562 20.5133601010972 16.0872037328342 13.9605254996745 14.6266422038637 18.1323810628502 17.7657312723676 18.1212746865394
TCGA-A2-A0CL 6.1217561373363 12.7454911037709 16.3312452523855 14.3857551421239 12.2543876758234 16.9762616559896 18.1444607985474 18.8494001624853 15.4416915761226 14.834596811354 18.1385416319114 15.6913480454661 18.4441684143115
TCGA-AR-A0TQ 9.58900184484269 13.7800475589656 18.3946999746703 14.533318919603 11.356741647821 16.1214284107595 17.9303856840261 18.6380746865976 14.7744960195787 15.6916170134447 17.9414938727013 17.3824732566516 18.2678087564678
TCGA-E2-A573 6.32805141719669 11.0417269900253 11.7959336086137 14.1628453715147 12.1752127808528 13.6174463578387 18.9965710561601 16.4597321324743 14.5480859973649 15.1715476074934 18.557236921823 17.7929841629194 18.5281322944382
TCGA-A2-A0CW 3 8.96849572635966 17.6029678463056 13.0626784135747 10.1207163007407 14.4368874551129 17.4174098286896 17.1722474420803 13.6317543412549 13.5239408948496 18.2792227591822 18.04030749963 18.3013220307418
TCGA-AC-A3EH 9.3125050199229 14.9476670168346 18.6229248514066 17.176028015869 11.8820915494804 15.6146143692863 16.1978241941578 18.9433868696014 13.7654797352106 13.7555227150124 17.9568657278974 19.0762053027974 19.5091956568429
TCGA-A2-A3XX 12.0996876806679 16.3941095946236 15.4685612658706 16.8944835395799 10.6786387730487 15.4083156862789 18.4797195712547 16.4238761393995 15.7136624537832 15.6507246447477 19.4183092160875 17.8788071487457 17.9034920319361
TCGA-AO-A1KQ 8.44767438500349 10.2830406339153 10.4922566134228 13.8545328621574 10.2354024806104 14.2361600181498 17.0219090276893 17.4962758150486 14.2957416742637 15.5032865118249 17.9930076413355 17.2025243508797 18.7693786328085
TCGA-BH-A0HN 6.64145401190871 7.84653921249367 17.1051434270427 12.7776911938291 12.805433063613 14.1583151390554 17.2821333844972 19.629146001975 13.7291791654178 14.460242429646 18.9737224768764 17.1536110816745 19.4761093887164
TCGA-AR-A1AR 7.08817332465661 12.2473091713284 12.8378555470621 14.5187696729387 12.4424246165878 15.5195783432546 17.1126123830139 16.4242008878154 14.2537010580708 13.5750843732733 18.8645692679537 15.7379720091529 18.9522142566076
TCGA-AO-A0JD 3 13.4125990271872 14.1237627368865 16.9702623365654 11.5753691066116 13.7292954562577 16.8459503213498 17.8808986616933 12.8044861659564 13.1834257752627 17.1220990101448 15.3452291649228 18.9020681094902
TCGA-A7-A0CG 3 14.3781180727877 16.3032308865505 15.526099979149 13.2431025052379 18.008477550357 19.2379237914928 18.8260404437689 14.8814328984315 12.774400474819 19.0945874702049 15.858010037055 18.4738667904532
TCGA-A2-A0T4 3 12.8668721698158 14.2139112599284 14.811861407742 12.8406444414717 17.0836509640391 18.799447345002 19.6520789318921 15.2746812971366 13.9120201069981 18.542862461996 17.2132134732476 18.8292338610481
TCGA-B6-A400 8.49315540929047 18.0732978932769 12.7033244016829 17.3635265035756 14.1354648832352 15.4918398726697 17.6024258470221 17.3271338160849 14.288969764369 15.2402897820641 20.720984738289 17.5162124249845 18.6131557552085
TCGA-E2-A576 3 13.7319001191267 13.0467259820726 12.461141396772 11.0698493718647 15.2101589900456 17.1022220785802 18.0667834446193 15.8382999071511 15.2111319660669 17.4032499577426 17.7600090646684 17.8491698775314
TCGA-BH-A0WA 7.95230084196111 17.0622114098298 13.9016742377439 15.8572951556804 12.9727457083112 15.8508878755606 20.6137715556206 16.7228539374382 13.8912785646576 15.1560402771524 20.1837308193303 16.4670239878322 18.7608797867333
TCGA-A1-A0SN 6.02295120314648 11.6965514565981 17.3160574171597 15.2685511986067 11.0491252537618 16.4092065297818 17.2396275117814 18.9777741068357 14.1691934749709 12.5956034740044 18.0639952494431 16.4999441440801 18.5144760967853
TCGA-A2-A0T3 5.95575978016336 13.3721735110427 12.9324848451623 15.2060943911258 11.0683952157136 15.5506805139079 19.9657432785864 18.0371419061755 16.0190830437758 15.5933338113078 18.2444098151724 16.6166312419123 18.4962927130006
TCGA-BH-A0AZ 6.5404040043093 11.496660003148 14.2340895098003 15.4193800232277 11.8104960927169 18.1847366811738 19.085132376727 19.9494586047653 15.2153701264692 14.6758491718303 19.1566749895598 16.5010304711512 19.0779567155965
TCGA-A7-A4SE 8.27503783126371 14.6822055721921 12.9867724304201 18.5114171724187 14.3537382159097 15.5844335947631 17.1413515559804 17.7456183696649 15.3607815454163 15.163147738907 20.2720053516252 17.4675472918163 18.5556392564578
TCGA-AQ-A1H2 5.74220567714289 11.1103733132807 16.7979215847431 13.2283627723799 12.4627538563145 14.2551933662373 17.062618972384 18.6642480606216 13.1714689145427 14.8259717213608 18.6707323215618 16.3936440591246 19.5465378389453
TCGA-A2-A1G6 7.87478415470122 13.1666516281029 15.9146319566499 17.0106752886538 12.7784429354818 17.012972277074 19.5043548980431 17.6411713147601 15.4505806047402 14.2325208226589 19.8258312291464 15.7104523718714 18.6142472477604
TCGA-A7-A13H 3 15.2357275280295 17.5643853425904 17.1517577952461 12.1700842167561 16.7199397421487 18.1910877546577 18.8532583187331 15.9234741641665 14.5811736091494 18.3096514623547 17.4868309228832 18.4386971042641
TCGA-B6-A0IP 6.69225137578995 12.0233420209838 15.3412365385515 18.5092030970143 11.325044662097 15.332197623864 18.0452476225104 18.0193823670353 14.8525289932203 14.23253503377 19.3214579572354 17.4852734629343 18.6614546384272
TCGA-A2-A0CZ 3 14.779892164708 15.6262100311082 17.0139194808417 13.4464649037837 17.3803613587873 18.7043812505217 19.5773714527069 15.06622804872 14.0979853160614 19.2284791104457 16.4289446034094 18.8878323522453
TCGA-AR-A2LK 5.89268045363607 11.3553124970817 14.1276165652364 14.8288200595004 11.4665117784905 16.4291090048114 17.8508102234956 17.7733105938947 13.7758531299227 13.8260982922213 18.6619282895879 16.0432595931958 17.8871952887035
TCGA-A8-A06R 3 7.35626823122263 13.6508495917405 16.3547663404413 9.54706840664677 15.7466924544241 17.9111231371775 17.4065156456056 13.7832947925419 13.2108844159281 19.5044994742194 17.2954000562657 18.1099382870999
TCGA-AC-A3YJ 3 11.2023614364835 11.3203888478177 13.8843899947906 17.5290507420927 12.6826361980204 19.0934751277647 16.6202933787666 14.7856254158436 14.4077143938982 19.0209103363534 17.3748467642064 18.4950236207768
TCGA-5T-A9QA 6.76996531331549 15.134678771533 14.652768024177 16.3846977710386 3 10.7648910138574 16.7913131429374 19.8893577426982 14.0252478493081 14.7178558828728 16.8192672528542 17.6078685012105 18.271629520363
TCGA-A2-A0CM 3 11.1720526070112 11.7370448258968 15.1369350197257 10.5741402886565 14.0758011538192 17.9591981061313 16.7039350563472 13.8202148226862 14.4748418464333 19.9018833446904 17.2943111181289 18.0424340925597
TCGA-A2-A0D2 3 12.6748764022824 11.6994319089416 16.5510362495247 10.1041024351599 14.0333670378399 20.2704251993431 16.8354612425334 14.2525781616829 13.539123987515 20.9761629575626 16.4291946141978 19.4610504267755
TCGA-A2-A4RW 7.7433523787487 15.7641185130776 17.3440805543841 14.9922722188059 13.4678746892327 17.3705621907551 18.8686076822361 19.5875792059293 16.5293906291452 14.5516369798336 18.2072551208601 18.0779035960173 18.6762193953247
TCGA-A8-A095 3 14.2313624529466 13.6193273475667 17.7326524040826 14.5629201877564 16.3454713914748 19.0927677804572 17.857672112074 13.7791282375347 12.65251110302 18.8205574450002 16.8961056959932 18.5892256716153
TCGA-A8-A09R 3 12.7374396435412 16.702005511849 14.7312163696965 14.0200521161213 16.010078155487 17.3599828677178 17.5656802207812 13.7999682846327 15.0866769944992 18.6766497193157 17.1323356306845 18.5653874610954
TCGA-A2-A1FX 5.71882010297424 12.3125405594349 16.0437824799503 15.3592168657699 12.2279860119624 16.6576386650948 18.0214063328884 19.1826579851298 15.430774718711 14.398036758915 17.8814040321529 16.9580060778825 18.5073214047473
TCGA-A2-A0T6 5.92116667508023 12.2417642461513 14.7037974310693 17.5934398550706 12.8519531523815 18.2135694568461 17.9151117799933 19.7237025790664 14.5145346330989 13.4612318394516 19.1849984476569 16.1431894488182 18.6244068954486
TCGA-E2-A15F 11.7770078861413 10.0591267231888 16.1512910800617 15.8874851477576 12.067138800811 15.5596907057873 19.1055797203081 18.0839997706628 14.0521625950594 15.2933464558684 17.6841489085409 16.7468404469568 18.8969059267082
TCGA-A7-A3IZ 3 11.4350683688501 18.3190004953817 16.2600930072999 14.0556399769214 14.7470149162916 16.60526866948 18.8350036088764 14.8166323758859 14.2163965426602 18.4087877639409 16.8707240194931 18.5609185112317
TCGA-BH-A1EU 7.16428505063954 12.6616057248845 15.491579575617 15.5662257762167 13.3356059747436 17.9672096262661 19.1921948099425 18.6415256950668 15.2909589099547 13.5456565209191 18.0364362851313 15.3743158979599 18.4292771572954
TCGA-AN-A04A 3 13.2121906139462 13.739265337474 15.8635242645388 12.1212216285651 16.9080168550819 18.6337299766131 18.5549582883428 13.9242860202016 13.3458305527712 19.6278098357768 17.3602191728132 18.8184833233876
TCGA-A7-A0CD 3 11.946555214634 12.7042691921298 18.1451396961396 9.84120049076437 15.6875001609766 19.5920970496825 18.2848330185244 13.3422343791151 14.2672394521469 17.9854465953981 16.2626542894236 18.2509697302814
TCGA-E2-A156 3 9.92368063006826 18.155243995558 12.9648193822884 12.990746416824 12.769748786462 18.5684294537275 17.5133460092025 13.6500766512117 13.8354012841904 19.3114429209499 16.8227619500282 18.8308068197185
TCGA-A2-A0D4 6.65038569897188 10.9808571087907 17.1261696388686 13.0001569473212 11.1358553933334 15.9539829716438 18.3268349985705 16.3611597468753 15.4662115981161 15.4880983983642 18.8296266461453 17.0280542735513 18.3124258085013
TCGA-A2-A04R 3 15.4082068414162 12.4365477574125 14.5795485720802 11.1318190635212 15.4186486185432 18.5063311461577 18.0203006560579 14.6115363583906 14.7690155953383 19.0777032486955 17.0438736526189 19.1630856471381
TCGA-AO-A0J4 7.82086258236713 16.2254934213026 12.8346800741807 17.6346455490829 12.1591743809419 14.4155419145964 20.1410838505271 16.6438520125748 14.2083135977513 14.1852243579956 20.2250617001146 15.7330046997463 18.6083995219262
TCGA-A7-A6VW 6.47150914838889 14.2102818197452 12.0120647611515 16.0116507776725 12.2443092858611 12.8622891668336 18.4276539839297 15.6419960770597 13.2574610515928 14.5109220759185 20.2519012524209 17.2440904068304 18.461854011556
TCGA-E2-A14Z 8.32126239190002 13.1455083379548 17.0930179967516 15.4323202580547 12.7470555756023 15.8880776885628 17.7469052512976 18.1591390820636 15.103597981719 14.1891106247219 19.9256823537971 17.079800416214 19.0132257548858
TCGA-A7-A5ZX 3 12.4533020910877 15.6474418998006 17.9617527974275 12.746820353867 17.9167113152083 18.6065460440038 19.6311675846501 15.1588768527863 14.6715150614571 19.7717841417104 16.878897406817 18.2419357882184
TCGA-3C-AALI 6.68188553224045 12.2341185136969 16.8821034587383 12.986429404729 10.0974814237237 13.9452628137162 15.9603180799003 19.1404440018657 15.3332241749033 15.4015358655708 18.6512114981809 18.1011799069317 18.8383820146179
TCGA-AC-A2B8 7.0617548082755 15.050616921387 16.5200268909932 19.4219919395099 11.6975147824585 17.4322336747545 19.083772583208 18.9265715579174 15.4572976352161 14.2920560116024 19.6688983269096 17.3256822011454 18.4867007280324
TCGA-A1-A0SB 3 9.13618240084643 14.7513381898474 17.1043232711871 11.2567215799565 15.8494795740494 21.7826739133256 16.4189677356656 13.3520168141183 14.2391806357946 19.2418116513372 16.6078403118251 18.2581816039499
TCGA-E9-A229 5.75560998441476 10.8925092717092 12.9632157010288 18.3496262406493 12.1828071737541 17.4187926813744 17.4431525155792 19.6797890899461 14.1944564202218 14.3824300593981 19.0220365738729 17.5808647298445 18.3103462631803
TCGA-D8-A1JC 7.75303613354481 13.3526845895184 15.357585180831 15.3424561582211 10.4375072931655 16.1409289354518 17.1374000159595 19.0218626252251 13.222090260092 14.3573152270638 18.4874401939584 17.2754294291237 18.1849480866468
TCGA-A2-A0D1 3 13.582929506766 11.2907242990728 13.1044119526159 10.7593516527519 14.0884201365749 19.8411855600424 20.8437227102892 14.2361292619115 13.3305308809582 19.5732284537051 17.1348115226168 19.1162064207801
TCGA-AC-A2QJ 6.99322217451582 18.6326469091206 11.3745398392254 14.4237698075359 14.2857925680262 15.2222390758828 16.3355641594573 20.608122526769 15.9207488444518 15.6261229745092 18.5338350622993 16.4016706217224 19.2111307017721
TCGA-A2-A0CK 7.18577135877067 14.9864739520776 15.400999836314 16.4799709740662 12.797839482099 16.6304580982162 17.2644396150434 19.4127138392609 16.1446635767014 15.8434912493395 18.3263354336554 17.8419952640481 18.7636764173939
TCGA-AQ-A7U7 7.66970767021694 13.7941365654907 15.416211022311 16.8515075396921 12.9196995651088 17.761454472419 18.602762491993 20.2455308899146 16.6163873048527 14.9978135995419 18.8670186192895 16.8172716436578 18.1641756526761
TCGA-D8-A1XU 3 9.87022429908878 17.7603879347549 15.4308750055074 13.0660485507474 16.97832303343 18.1487548940898 19.1101882472397 14.9863687602544 13.7124807113578 19.3992849945916 15.927808651052 19.1380849056968
TCGA-D8-A1X8 6.00460782992167 12.1341359275861 16.4268538216809 14.9215390572837 12.8387533263087 17.6045142763228 18.8556905273809 18.9747057189662 14.9311002798539 14.0779422423665 19.6212931760291 16.1927340640982 18.6845293277295
TCGA-A2-A0SY 3 12.4659821546505 14.9954807392841 17.8483099951152 13.2136715886383 17.8476403329374 19.2725569549838 19.436728167488 14.9232072379285 14.7076558156338 19.0619972647441 18.1073914348002 18.4450051124711
TCGA-BH-A42V 8.81996289619695 17.5862573579573 14.8370673238478 15.384064570243 12.5632734542963 17.2424974761208 18.26978243864 19.8111449203957 16.7984577871189 15.1483308492922 20.0262591584339 16.6496784402374 18.3482454146168
TCGA-A8-A08R 6.81844879694199 14.9702887311376 11.4281126731022 17.1597763043295 10.8780160144333 15.3408071568619 20.8345257681594 17.3957162916984 13.9241066701614 14.7926620816165 20.0327977599716 16.5832913336078 19.6933069133498
TCGA-A1-A0SH 3 11.0057133556236 14.2429879820686 16.7387364955922 12.7882526127673 18.2323091753173 17.8601808192338 20.5630631987694 13.6448032449932 13.1416522646029 20.1077939154323 16.8901925926725 18.7469930170182
TCGA-AC-A2QI 3 13.0119547980365 13.52699865562 14.8042752575561 14.7908016715505 17.0806217169146 17.7209351225959 19.087638225459 15.1405985471306 14.3717506027224 19.981334712238 16.9059545784137 18.6572467678443
TCGA-AC-A2FM 6.93411162132992 10.9243589737426 16.6356116195806 13.0485655144873 10.2853734574558 16.6691968699788 18.5165176108843 17.3936737956404 15.1568951935027 14.7732201442732 17.9709851369896 17.7384664312506 17.9974922000211
TCGA-AQ-A0Y5 7.04327238155669 14.5041754559043 15.598535731297 14.4861351133833 13.3615134481585 16.5208058541517 17.4875415524524 19.1683162168207 13.4948043840803 12.6809957472066 18.956773784857 17.3047892360469 18.6309332251494
TCGA-BH-A1EV 6.24872100718853 12.0660357030785 15.4454780739913 16.1833771087745 13.8506539016171 16.1263008283133 19.1201427384424 18.7641719036317 13.5835495948238 16.8324640700672 19.3448879779368 18.9365142648397 18.8363203866248
TCGA-AC-A2FK 3 14.8237646347506 15.9466039461974 15.7727003415299 13.4217767533743 17.8262582009085 19.725468962406 18.1537776004144 15.4688707068948 15.2517008788581 19.9857518955679 16.5265328795807 18.4683622761501
TCGA-A8-A07B 3 13.0834599924094 13.0175110974868 16.4024624565032 12.7654392891354 15.8219014465292 19.6982115237478 19.1223180001009 12.5365423562219 15.2213176146193 18.4157660658686 17.5274100595414 18.030033743685
TCGA-B6-A40B 3 14.2771433093988 12.6862341423496 16.9070666473162 14.1390527415359 15.8845811355362 17.8117313874097 18.5156475196656 15.639007050999 14.7388089174009 19.5803547432119 18.2868031977769 18.6588535157032
TCGA-AC-A2FB 3 12.8485490526926 18.426058944471 15.1584881366483 13.6879385852497 17.482519974151 18.4450947180707 18.7620776258157 15.16811575607 15.5199015973257 18.1093823440707 16.2335510979608 18.4275494992807
TCGA-A2-A0CP 6.96490990783501 14.8722879819842 13.9183604073697 15.8682278956768 11.3957771839652 16.9065035726088 18.252483260343 19.1533805027501 15.4472314835168 14.7168463267906 19.5608109883996 17.0913420182217 19.3530565558557
TCGA-BH-A0BG 3 14.9903628582604 13.6456577709257 17.4428534005294 11.5091332239064 14.7535872271933 19.6776576703827 16.051357567746 13.5104514454138 14.5123940236514 19.2765918656633 16.1460532892078 17.8680711739694
TCGA-BH-A18K 7.02304058265154 12.2084470782814 14.5179499935859 15.9005679485699 13.0264369852635 15.9604818438965 18.3868397600202 18.6382374275836 14.4612723724914 13.3181643684176 19.1001855098086 17.3515237431084 18.6454568720112
TCGA-A2-A0SX 5.95333218042098 15.0117903968726 13.3758707178676 18.659853300843 11.4676601590201 15.6126394680995 18.0594983641687 17.6773644795247 14.2368785614549 14.1723605851866 19.0630705979941 17.9709789781553 18.7741978200324
TCGA-A8-A07F 8.57787641492361 10.9974851718762 11.420643927811 19.3289939751761 11.9684555641622 17.3755596342394 19.0681383304116 18.5361991877734 13.2968963678368 12.1814366268978 18.0003905759104 18.0583632021442 18.0177455402763
TCGA-BH-A1F2 6.78435442723443 15.0112522478276 15.6585162913091 16.5121888351703 10.2849944540167 17.0876681138505 18.8494070783385 18.5416501630188 14.6103257136882 15.6183645338542 19.1004631568117 15.343675529235 18.6406627659016
TCGA-E2-A1BC 3 11.5555138558653 15.1073037399009 16.3431773672145 10.7878003653983 18.4104165140163 19.0417891881242 19.3879822518018 15.1588748145509 13.1793250177163 19.7865559467378 15.9581265426038 18.8701470032589
TCGA-LL-A440 10.177719032729 18.8185772643691 15.7997895472385 15.9243990573733 12.9491732275548 17.9710437965099 18.3916471237767 19.200328422388 17.1551871768897 15.5033163101974 19.2212771024467 16.284042346531 18.6081324286998
TCGA-BH-A0W7 7.21232078801837 13.655688347604 14.5645474727368 16.9733727764971 13.7890422816657 17.0059794749977 18.0266895173107 20.0025039700589 14.7379178365643 13.2833067500098 19.1574650658046 16.0728355043978 18.6490511881204
TCGA-A7-A3RF 9.49216428558641 10.3444672268352 12.2620841249549 12.9858539645677 18.3996499590072 12.9075039130915 17.1820878755436 17.9891672821771 13.726922246573 15.2587205869852 18.9076256794453 17.2868215206559 19.705456267987
TCGA-AN-A0FK 9.25294722329074 10.6675737871822 9.59260214642593 13.7593303870239 9.75149241206716 14.9786582792057 18.9741547357541 17.3142511017571 14.2391240930062 13.1271088492268 20.5485881011792 17.0956892977245 19.146596737019
TCGA-AC-A2FE 5.9375810539152 15.1347886388384 16.8317966111097 14.8507687072792 11.8983078374035 17.3029852089856 17.870145035433 19.6011879269615 15.4632216747981 14.5513193916215 18.3829101275626 17.7234481408889 18.7171637934951
TCGA-GM-A2DD 8.73606031774229 11.3661782864708 13.329761254326 15.4401193854879 16.1985244929697 16.1289341076325 17.4088678417812 18.4208018662942 15.1029425337371 15.8083890966932 19.4518648704647 15.571133825755 19.0213653781771
TCGA-D8-A1XD 7.31315934431401 11.5171909885724 13.1974388410514 17.4238778324464 12.0198742414823 16.8490643061496 17.7120377765237 18.5757118526386 13.0889453593073 14.1278470112141 18.8630852986071 16.4083763022155 18.7033889522018
TCGA-AN-A0FZ 3 9.06885464070369 18.3443664890774 13.7444133137402 11.8060797956059 16.1245964933002 20.0256841657254 17.967528900936 14.5712235883921 14.5355526868774 19.109847696814 17.7201365285015 18.6777122395046
TCGA-A2-A04P 10.9112014851465 18.0042201600023 13.3495078133334 14.9671144879956 12.5108451926888 13.3465720504685 19.3884319508398 17.6323695309932 14.9502091495095 13.7783548223533 18.606188319387 16.9356011341096 20.1748965797898
TCGA-AN-A0XT 3 14.9581747037268 18.2030477801474 15.4930868760122 12.6333125826471 15.8493624236256 19.3141829349637 17.3309496932956 15.6053836998032 13.1467747592782 18.5499455087228 16.0151553561081 18.163237390985
TCGA-A8-A0A1 8.49654550207765 13.7169199449047 14.3625861084882 16.041425675741 13.8171621589746 17.2387362894492 18.1031569565853 18.0597764332314 14.3814403157876 13.517950530943 19.0981793243733 16.2112171754253 18.6017879185834
TCGA-A8-A084 3 11.9541445366011 14.9632268282164 15.5926724797897 16.6655481960384 15.631281935986 18.8632447453256 17.726329597518 12.1655494529956 12.761199953337 18.739041228646 17.6405566911107 18.8325494665976
TCGA-A8-A0AB 3 11.8166916892343 15.9398358138675 13.8127249099442 11.8511270431089 15.7852238955174 18.0542460545955 18.5813230048356 12.7309400188568 13.8122560583862 17.8390865108515 17.9596016004633 18.5214598779134
TCGA-AR-A1AM 3 12.1732515822304 17.0111055985973 16.4255741584655 12.5900533218982 17.3066359235413 17.9273886146114 19.3150633019574 15.4627911081817 14.0381570707982 18.5236439734264 17.0710402187615 18.9413857107554
TCGA-BH-A0B4 3 12.1869942517566 14.9101192922867 18.0373354481845 11.0748122219095 17.2586911351338 17.8804532437714 18.9246235392151 15.4652639021821 14.6982730406152 19.4575424716475 16.9208593437164 18.6933138252582
TCGA-A8-A09I 3 9.57321808206039 16.7876718742695 13.7554991010768 10.7204261491492 14.4469122415947 17.7253647908203 17.5023856329856 13.3327871691209 17.1583128189672 18.4169883224486 18.5178799580402 18.3515608992865
TCGA-A7-A5ZW 7.87906761115638 12.9125936557282 14.2101267666076 17.8617132335815 12.8458544002738 16.9991569103078 18.0843385706526 19.2804994558351 14.7359495640185 13.7687956828301 20.1020420388993 16.5969784666868 18.0055841476576
TCGA-E9-A1R4 3 11.4236015080954 16.3117895670352 16.3194307026319 11.5832021319708 14.9033632647147 17.5945738420531 17.4255513493001 14.7350663561405 13.936353251331 18.4742258154796 16.9996551261489 19.0338882884907
TCGA-A8-A085 5.60967304355024 10.3354824890129 12.9032914250209 13.8204180752266 10.0366208950915 15.5734626408896 19.5928306230516 18.4721760135348 14.5503446402237 14.1317956221994 19.0317373292065 17.7387432744835 18.4900217954002
TCGA-B6-A0RN 3 11.288515742654 13.397374059454 17.9773596757616 11.7668881591651 16.7881771228619 18.5353927715179 19.3403900505741 13.3135379574002 13.4988341380168 18.7596589204121 17.3752520718645 18.7124994335067
TCGA-AC-A2FG 7.51137055061507 14.9407712689661 15.2273662853512 17.4970453126494 13.275713122477 17.6623572848914 19.5312534273613 18.2845143221281 15.3603142158864 14.5270444713786 19.7885101731627 15.5805298714133 18.3483552707362
TCGA-A8-A06O 3 11.4995206758018 14.6039834843006 14.2494073004774 11.4328994014778 16.8391370337293 16.4262199205156 18.7282495629401 13.5829469253036 15.3706771517895 19.2874316214754 16.2382399586157 18.5464091349022
TCGA-BH-A0BZ 3 11.4243903279463 15.8298001248673 15.7731874462862 10.8665297127102 16.1635258660057 16.5978045590472 18.5501632709826 14.1021287407883 13.9746626885624 18.8982291391395 17.8318895556163 19.081488937557
TCGA-AO-A0J9 6.28514823397497 17.1718146153049 15.2349118324773 15.2558762216225 12.0074996625704 15.80082808892 17.8706854678205 18.0320381245411 16.329286918479 14.571915974221 18.5230039894765 17.9581476733501 19.329162714615
TCGA-D8-A27P 6.21403064174684 10.5019832752224 15.8767289047015 16.9564159942124 12.6322947700721 16.1003894343632 19.0140709196261 19.099279037153 14.179723452261 13.7708497711037 20.6751779905188 16.2775273387382 18.7081010245376
TCGA-A8-A07J 3 13.0590648883512 14.3572246455007 18.0250209995535 12.9199702185011 17.4124727588714 18.65178266626 19.4074702095838 14.8603844100328 13.8140107834935 18.6317588308912 16.7673134936802 18.7737528212659
TCGA-A8-A07I 7.38673600238012 10.767181868129 12.5385565283633 15.5382386878284 13.5760348493913 16.4420213368739 18.8990033889341 18.5136176287701 13.5099355054138 15.8901708725557 19.6247606572539 16.5904083373848 18.6184314684019
TCGA-A8-A08B 3 12.5331669946058 13.6948966502951 15.4042723263001 9.94250356135476 13.5530376981465 17.6500520431339 19.4851653390443 13.4211539201495 16.7505599450784 19.8079156842824 17.2710326929463 18.1960745507139
TCGA-E9-A247 3 11.2402396291626 11.9868225136854 16.4589891430616 11.243806932092 14.5989627210913 17.0672060640193 18.3452463674419 14.7897498893102 13.6742208834841 18.2326383756288 17.6556528567908 18.5492193742193
TCGA-BH-A1FJ 5.77818659463708 11.6364119302171 11.2671002290282 17.5869917285194 16.0376046646289 13.8712584010434 19.6821866703133 18.1433046625536 14.0575885885942 14.4652472512978 19.7547904186325 17.2168450714563 18.199032962544
TCGA-A7-A4SD 3 15.7051153831038 11.378757816866 17.6425081599324 8.80293025684076 14.5013990104762 18.4276320641093 18.0320971531631 13.1188258600971 14.1966603104949 19.1376991727609 16.8579239248579 18.4069636826814
TCGA-A2-A0CU 3 19.5872806455032 17.416124835045 14.3338637770494 10.4618796636611 16.0184228592337 20.0032698106699 18.3099268878261 15.1759648972197 14.8561798481701 18.1888709563019 16.6460147106455 19.2719690530332
TCGA-BH-A0B8 6.50725422214882 16.9911622982886 13.2447123788842 14.380105994401 13.235570506728 16.0177611902598 17.266083227195 19.1734960856204 14.1865156879181 15.4701699734734 18.4258803820128 16.6899347089301 18.7730148084547
TCGA-AR-A2LR 13.3106426416731 13.9525183340008 14.845229573888 17.6314847366585 14.3300540661614 17.5165968552777 19.6087259103462 17.1418408948259 14.9163848111075 15.2794808717436 18.4174087208033 16.2268926683512 18.5855110243128
TCGA-BH-A0HI 7.63974357289312 12.2268739436149 16.254885785725 15.5375771553296 16.4578064772781 15.652865618834 18.1031640219676 18.4209738461962 14.5709394345016 13.3678148658207 19.8478649388689 16.6389737944436 18.8631335391124
TCGA-AN-A0FW 12.5931862124326 14.4929115476002 13.8648135097901 15.5580828746901 13.4514396839877 16.5054829426012 17.596400021647 18.0937626448925 14.5938791109235 12.3799139504916 17.7059951829659 17.5439803583623 18.2415842963729
TCGA-AC-A23C 3 9.72540201915945 14.4029750396895 15.7309743742869 11.9156557043161 16.8986155692617 17.8142192348876 18.7916940257664 14.5839571414894 13.0943169230734 18.6976732943643 18.5225995555437 18.5805550726037
TCGA-B6-A0RI 8.84162905924508 12.2630766407528 12.222079644315 18.6252650922067 11.2176300665817 16.0872107536538 18.0539706251973 17.7513832289784 14.5325435878537 14.2592802257438 19.9147321686483 16.892086753129 19.2941214089067
TCGA-E2-A152 7.21546353389658 14.5905649585833 15.1508002064486 14.6776950375246 10.5827756637629 15.7024101135816 19.0310266297035 19.5943715089208 13.3223370314729 12.5447353137961 19.0764445217545 18.7414906889257 18.1631784701035
TCGA-A2-A3XV 3 10.0744948985577 10.9436693259693 11.1425188814732 11.5780702301003 14.23937755722 17.3754372825112 18.0474662609105 14.6858670626045 13.6600613744639 19.2595429832457 14.7971393712518 17.9457838875637
TCGA-B6-A0RO 5.9650128004408 11.6892072315203 16.0390934285419 14.0501442937612 11.8504806918712 15.4276499147356 17.4340502403218 17.8179081080892 13.0936938065901 11.4511200874759 17.4617442821779 19.4189873788238 18.4267468607882
TCGA-A8-A06T 3 9.39875228926147 11.5219551307063 13.3037363347573 10.5821569509397 16.150879455708 16.4411844243581 17.8355418563225 16.8620890746826 14.2111799368715 18.9123837292419 17.6798476915035 18.3911490158986
TCGA-AO-A0JB 3 17.9105957164352 14.7194124820805 13.779235004658 11.8931341032471 15.5421005281679 17.7981414699751 17.6767286206834 16.4265484125521 14.94072899378 17.8800252594858 17.6558482787443 19.2898574017866
TCGA-A2-A25D 9.08255336825632 13.795901771346 18.1907483412617 15.7778251478127 11.5869199513124 15.8826262333656 17.9289612991209 18.5197026309201 16.2237622197303 13.8552344830888 18.8119359030258 16.4239523648932 18.7164309301234
TCGA-A8-A07P 3 12.8348163001567 15.2237172993563 15.0798213189543 12.342723288579 15.5637186517748 17.2323439867856 18.4853437898428 13.024581382403 13.0606024971781 18.5059831091681 16.4468093123589 17.8823215961722
TCGA-A1-A0SK 9.48186526516687 11.7978780563827 11.5527247150687 14.3427728883359 13.6880554406626 12.4168247398232 18.9832728687725 16.0733044028479 13.1373518099151 14.6719374629066 17.4382932878418 17.9142864347733 18.9436324712837
TCGA-A7-A3J0 12.5008157786327 12.1561781455772 12.079627490312 15.2383551453567 8.89807244138584 12.7117601463718 17.7698645875229 16.462105608074 13.491209393565 15.7342343106287 17.4086093778989 18.0605017007009 19.2414615412812
TCGA-A2-A04N 3 11.9585001963484 14.6658892817715 14.7280964065444 10.9800088075268 16.6777731547094 17.701902638312 18.9379202925816 14.3223737704141 14.2785779752655 19.2961177396059 16.9498356316747 18.8766141808561
TCGA-A1-A0SE 3 11.445873448457 17.3189177991943 16.209656191234 12.0075425707704 17.0900326602275 18.7816947287606 19.2581908195662 14.5741523092101 13.5724327533744 19.0254501684617 17.8213075514342 18.7151034469472
TCGA-A2-A3XW 7.67618812243232 23.0930050908015 14.7199669044811 13.2789499880842 13.778934070826 16.3811440895154 17.7826373803369 17.8122160499855 16.0288558532153 14.2344285676573 18.7362528579087 17.2928323801307 18.8637002073889
TCGA-A2-A0CO 7.15510701075523 15.686389455237 16.5587163499321 15.9673990462488 13.7556518398413 16.9230144147312 18.7661515547724 18.3807810589536 16.9085971908832 14.745956092805 19.19477433466 16.5495187544433 18.5994522806289
TCGA-BH-A8FY 3 10.9265629704639 13.6505278521769 13.5856302291511 11.4617301129362 12.7704929196065 18.8656691554773 17.5722429823206 15.6733361849316 14.9267759258198 18.003950430864 17.3256595167469 18.7547559083592
TCGA-AC-A2FF 8.11246738153863 18.0043848478913 15.0264488638402 16.5543008025608 13.2913296617839 19.2174879947602 19.140347098588 19.9798124421073 16.2225373463061 13.7220326486074 19.1124919033154 16.3087369152279 18.6473235845015
TCGA-3C-AALK 3 12.0466136320313 15.3181423359837 17.4964516613866 13.0769951702974 16.9603484309908 18.31958419925 19.2734137838858 15.4641077163105 16.6791076158098 19.205134846954 17.815484068079 18.9396441345067
TCGA-A7-A0CJ 3 9.67507960498247 12.1078711720755 18.8340373012157 9.43333446376439 13.3824368884351 15.720336880056 16.9624616392358 13.5830710103134 13.8639896726955 18.5209937193994 16.8294228275887 18.4413069843224
TCGA-A2-A0T5 3 12.7875461851981 15.4288952795079 16.3518809866487 11.375988617431 15.7090000531021 17.5455881814099 18.5191777243055 14.1573087489416 13.3694665051759 19.44130370354 16.8078231141732 19.0096727751452
TCGA-AR-A0TT 3 14.3403359777647 16.8860606440653 15.1375431349047 10.6053590540062 15.6275117343343 17.3936272648123 17.4997763078518 14.3408007052429 13.6630693251829 18.69912496334 16.3143910458555 18.5003368458138
TCGA-BH-A209 5.86193287415726 11.7337392785494 11.9104630859646 14.917505917879 10.8647548831424 14.6703700664892 17.4646791402301 17.8689253397658 14.0860693925809 13.7513784036377 18.5443487167228 16.1653217042806 19.3171452347306
TCGA-AC-A8OR 3 12.6711368040468 10.7246895196215 15.413135305625 10.7032589171726 10.4854740573707 16.5001632934378 17.0177003404934 14.1010120896972 15.5363293625666 18.4663132170491 17.602571868575 18.5657065289514
TCGA-A2-A04U 10.7038987864051 13.2072009997611 11.5630139008954 15.7273050715666 9.30196165900682 13.8391006169667 20.6134257821159 16.5357363040454 13.1285076916696 14.9095767550065 18.5263926722127 16.8672210343984 19.827983278268
TCGA-A2-A3KD 3 12.0338592741178 16.5194153899357 17.9108811975482 12.2366083594103 17.0755212923395 17.7931217764272 19.246599334091 14.8055137857913 13.957693662792 19.5278201475121 17.0384326479579 18.5887301761792
TCGA-A2-A0ST 6.35010239779199 12.3359633156149 15.7962034547685 15.4149771364126 12.2835651813166 15.2570024463954 19.1594678059023 17.3207010319212 14.9173760760079 15.349171353788 18.3050303260202 16.350909958327 18.4974534346225
TCGA-BH-A1FU 7.86793539802678 13.9173902727145 13.7785960676907 18.6105362233526 12.2310917904711 17.7939626634897 18.7177744402937 19.178710377799 15.1715753809791 15.0668008249705 19.8841352161787 17.030489151226 17.8615510335425
TCGA-A7-A26H 5.67729351693726 11.3548585577719 15.6633293199231 16.2136949704164 11.9768593791885 17.2649290138907 17.7703018648623 18.7922022052102 14.0863350384451 15.9933461107957 19.3303251655793 17.1617058233832 18.1273899731527
TCGA-AC-A2BK 3 15.5181877234456 13.7874911473655 14.1119620575991 3 15.2045716020259 20.1996959942463 15.7625911805454 11.848747912351 14.7994816193025 17.6068881507583 17.9939965068745 18.7892868559902
TCGA-BH-A0B0 7.81992808397869 11.0479380279667 17.5209219829539 15.2550456545598 12.979466842887 16.2305950505892 18.8029672524316 19.0407198389729 14.9947649132638 13.0313281411211 19.2606583757254 15.8073895635387 19.081139947774
TCGA-A7-A6VX 7.75292146177571 13.7107767898961 12.6075076698706 17.6712602929396 12.2492995913026 15.8575839263543 16.9456765447989 18.2528280053714 14.1853718982873 14.2336771827979 18.5381911721748 16.2726519953168 18.3118302833837
TCGA-AO-A03L 3 12.4987617944782 16.262484903128 15.9179007339216 12.0524037713238 17.0666858972334 18.7672956858028 20.0570601304148 15.3187309460054 14.7964171770206 19.4842925308826 17.6206209467445 18.4716730517647
TCGA-A8-A07S 3 12.3089836528394 12.0596312625916 14.8920308003408 13.2895801444533 15.3169603950284 18.4635462738145 17.4762127614277 14.0369367195522 14.6352744170686 19.8748963292403 17.182987515894 19.0871858004711
TCGA-C8-A3M8 6.66187309868866 13.2451410536212 17.4882291445095 13.9043368552038 9.71640675067047 15.8468541854371 19.476628092462 17.8466338379871 15.8466335745783 14.1661620683567 18.6095700398226 17.2539121157938 18.715222609093
TCGA-A7-A0DA 9.5907102247174 15.1724564950543 12.246248479994 18.5808108492508 11.8155239963127 15.3335895144689 20.9364868368614 16.9749468035327 13.7794171663259 14.8724913703326 20.7094972554038 17.5646667149875 18.3249904214543
TCGA-A2-A3XU 11.0913521398296 10.8813097413785 11.0677691301073 13.4329580835266 11.3357416772983 11.9646600658055 17.0519784302985 15.8951655640019 12.3363065482207 14.646488386018 16.9646265469181 17.9098103967301 18.3889761855849
TCGA-AN-A0FY 9.33275696960895 15.3520749569956 14.1338381780786 16.6273501481646 13.099243640776 15.3569733206864 17.2305328694408 17.6448621882193 13.5272185354421 13.3449188528902 18.6687091581204 18.0447331295841 19.0525032756184
TCGA-4H-AAAK 3 10.3350962000469 13.2639896707476 18.2965284892853 12.1838036191189 17.4609828429873 16.9497543057362 19.8568890133655 14.6661735627171 15.0186687994513 19.1198411289132 17.2215029703128 19.6025632394092
TCGA-A2-A0YM 5.91120017949335 17.6011574536428 11.4025996729037 18.498991789883 8.67110114640556 15.0373181140595 18.0482358722439 15.2581578295665 14.6003149003979 15.3219267607038 19.572475821879 18.2449706230903 18.309056419166
TCGA-C8-A1HI 5.71127258884684 12.3036511203446 14.4706188939577 14.0801985111582 11.5561156676386 16.3844718687251 18.5280352516811 18.2397635415424 13.8694089116674 13.0234671521643 19.2731092316802 17.4381150098323 18.5379728425676
TCGA-AC-A3HN 8.52240219400971 12.227060721451 16.9582075179227 15.888911676756 13.2702328272464 18.0421611927589 18.4975791228694 19.408568291785 16.089841607096 14.5575139353323 19.3914328992923 16.5952048151915 18.6887563104982
TCGA-E9-A54X 14.2203831931927 7.85169467027423 9.66712996982938 16.8919063124342 7.92665612133648 9.10939663578746 16.8454093243241 17.8944458280155 12.1367728778699 14.0896898276984 18.8030956786587 17.5083176936175 18.924078850979
TCGA-BH-A0H7 3 14.7302180466384 14.947493392986 16.5971643955929 12.6090819781737 17.3066375522005 18.6140286700896 19.0083551136846 13.5253176159283 13.5075483616016 18.7042008939645 16.6271190307714 18.1195534278809
TCGA-A2-A4S2 3 14.6989801789871 17.1849362644436 16.1801301354184 11.2930674468112 16.1980130519042 17.623262998959 18.6324993226677 15.1811707490554 14.1510410891943 17.1838821995843 16.9377672308356 18.776701988132
TCGA-OL-A66L 9.7784422203266 16.4828616737701 15.4751772682939 16.5352492654165 12.0461030071593 16.1337809999802 17.8149964671976 19.5335590556143 16.4998132311591 14.3577237599527 20.1914267548143 16.8607743782442 18.2846578928373
TCGA-AC-A6IV 6.06534793804666 13.951497952623 16.3045497549742 14.5400708698288 12.7591608468388 17.4065309329179 19.0499838170246 18.9393792091099 17.121802191591 15.3314759648708 18.6625847519306 16.5496648479672 18.4937394071439
TCGA-D8-A1JH 6.54694233530777 13.1031601768122 13.844821924536 16.9724373778863 16.056763780322 17.4726790785033 18.5566228329837 19.2429921820884 15.48451055909 14.0161796063576 19.4038328703981 16.6408530601101 18.6492695715635
TCGA-E2-A1IF 7.25496205314925 16.1420590380029 15.7922739936691 15.4327062710526 15.4839293480795 16.1557279904734 18.4792965897026 18.8269904726357 15.3279918721657 15.0377832148829 19.4448890645319 17.5938937185993 19.1169175647234
TCGA-BH-A1F8 3 15.2277429525775 11.2578064719229 14.6990002165626 11.0625010425273 15.5355906008834 18.3378727418981 17.991597487398 13.7132628296944 13.7935325162139 19.1997336418976 16.0341576946953 18.3358773997673
TCGA-B6-A0IE 3 13.7245286176575 14.5761682994874 14.1084606029763 11.8657518418435 16.9164902228228 17.107468818227 18.9246993918272 14.3319938482096 13.4764295826546 18.4568496408378 17.437007893636 18.6328824946401
TCGA-A8-A09K 8.53326315845019 9.47075168621696 17.5507456263652 10.9200737166346 10.5397470419012 15.5103290551485 17.4491271597628 16.7692136783034 13.2602398270808 14.3887658487394 17.8590257197815 17.5526251343495 18.2825038483205
TCGA-A8-A08S 3 7.14422451852092 17.5641954104141 13.3638034187687 13.3386028469747 15.0091559910099 17.0394409121786 17.8897444770577 13.1706374392669 15.9694472564615 19.3416904001306 16.3643911828183 18.4209133185878
TCGA-A8-A08G 9.28915975175291 10.7582747197778 14.6224519915972 14.7556867889172 10.6300260351388 15.3516540486174 16.8637990246046 17.6112492892101 13.5775630967927 15.1554747595347 17.8307980038538 17.7506729686809 18.8919185392189
TCGA-A2-A3XS 3 16.7835960681367 12.9224862772366 14.5012462686724 11.9847783251438 15.5293997931172 18.8323816316472 17.0140741693742 15.3155047021477 15.581460178612 18.69787944377 18.0766660486784 18.7357643153801
TCGA-A2-A0CQ 3 12.38019533684 12.3883991546771 13.2039808037233 14.4802798044036 14.0773338664645 17.4799998270624 17.2668306349956 15.3173628463228 15.0334914237452 18.2121410580845 16.9479676525824 19.8752047888265
TCGA-C8-A12Q 7.75170368011323 11.2244445993244 13.4774248278056 14.8768855758767 12.8452502513035 16.917137282081 17.9928228858078 18.1160211458436 14.7648957765021 13.8939299539213 19.4644396172389 17.1928559088005 18.8442846308623
TCGA-A8-A07Z 8.54509430571318 12.4343553406326 10.5913492146572 13.6561937655943 12.3917034725643 14.1933966470039 18.9196386803048 17.4956176711186 14.1812916266445 13.698312127221 19.6059737691768 17.3089290493531 19.2559117057841
TCGA-BH-A18U 7.0372811749747 11.4731683392278 16.7060189762662 16.095599247411 10.9484636075128 14.8613316222808 16.1011539496805 17.9283644341005 13.4060268142682 14.3614626435671 18.0934536445028 16.1493543956823 18.651429975899
TCGA-BH-A0C3 9.01468057218772 16.5469729014139 15.7262263803338 15.0252420046827 12.4931688388887 18.6653375931221 18.9326352778408 18.9095667587259 16.3896425476515 14.7796928810567 18.1793755139783 15.9177969292479 18.5538133950554
TCGA-AC-A2BM 10.8720141379477 3 11.7334896162321 13.7231147395537 11.6596674170823 15.8558728135747 17.1670123585549 17.9212439883317 13.6658813005459 15.4340013166291 18.1436591225591 16.267184106089 17.8571107340967
TCGA-EW-A1IY 6.6823548236408 9.44156959094178 12.2699558513367 19.5975516802258 12.7894879287145 17.2774903722756 18.6376155903849 19.1483879479803 14.5429938655087 13.2042819269962 19.0967530479906 15.5903125232521 18.579080755411
TCGA-A8-A07G 6.04894598244961 11.7848425429192 13.8253626653019 17.6337732022387 11.7105923094576 17.1184355131661 17.8171545118863 18.7554014505852 13.3761348755891 13.5730638950201 19.681396161517 16.6453551574572 18.5883696323109
TCGA-A8-A09B 6.06982192633896 11.2536308789712 16.5509412681164 16.1005622870205 12.3704772797208 16.772320657443 19.1606487972582 19.0139868273713 14.6257855730938 14.4078567533804 19.9743322937017 17.4927722411937 18.9444351903872
TCGA-BH-A1ET 3 10.2964288932705 13.3973889665302 15.027387176439 13.3594452218027 17.7826981291296 19.9826060175353 19.5817713817285 15.0557336991464 13.0483901445352 19.2992439752972 16.2934037292486 18.7003921126324
TCGA-A8-A08L 3 10.9968843990801 15.0694375954468 12.6296374193999 10.9327030559771 15.2991627284413 18.7974598379461 18.265369887099 13.812379564713 13.3185077951991 17.7795953710383 17.5794746768828 19.2210474978362
TCGA-AR-A24P 5.83965396915967 11.486118798469 12.9081907485249 15.7963757723287 12.0218790823571 17.0013831678482 17.4688004318133 18.7286009033464 14.2146104271138 13.9534584584176 19.3813153660104 16.435858768918 18.6480934274131
TCGA-AR-A2LH 3 12.5491617292716 14.9638794441861 15.9283543823093 13.5147695488924 16.4524100002066 18.4587732672073 18.2430552419325 15.8562988608578 14.0618410659261 20.1394967013853 16.8585245232216 18.2931887433694
TCGA-A1-A0SP 14.9811271890961 18.1166567412199 11.7014213008694 17.1175527054772 12.0417284219074 15.7176102156968 19.0024063335047 16.3446968379695 13.8034119042259 13.955267221545 18.8344759369443 16.194235590456 18.3394325858607
TCGA-AO-A0JL 3 15.060588362765 12.1242206831965 16.099375507258 11.3458049386886 13.230561446468 19.2541143994084 17.0058905034971 14.9309048595462 17.1178744283883 18.2198937287546 17.465638062341 19.2601798357671
TCGA-AR-A2LE 10.4909742543537 13.6932607056294 13.6679786443997 16.729105258186 17.9024662229725 15.9822894991438 18.9598334659128 17.3225536956911 15.0886055942968 15.0960385153963 19.8062411827449 17.0197825885893 18.0440676200539
TCGA-E2-A1IU 6.29273454905708 11.3234045278906 15.9795037740648 14.6660094473547 16.4409972312451 15.3349605575215 19.1604138456202 19.1900901401957 14.8561803811981 13.6751911433636 19.0572690944063 15.8098228800355 18.489392614806
TCGA-BH-A18H 6.63276711151673 10.6008624952696 13.7586488965884 14.7226333506776 10.4568342562887 16.3111518985467 19.0702052810674 18.1889434010247 15.0001914075873 13.480638176908 19.4944158099669 15.6324420236607 18.4597888385948
TCGA-BH-A18P 3 11.8837543271514 15.6036295625849 14.9326929087073 10.6285504984713 16.2473008669892 17.541000133239 19.7510629752286 15.3247662450523 13.7765845254007 18.0981847945675 17.5097941031965 18.2961370926653
TCGA-BH-A0BP 8.09433375565996 13.2017195308523 16.6061448525896 16.0653976663704 12.4930708408907 17.1329835775109 18.7637516385148 18.2515113136383 15.2201593114798 13.683948064314 19.1092054856643 16.6974802157935 18.9903893520834
TCGA-A8-A06Z 3 9.08066818367764 17.8843066266533 12.3195304174764 10.99045361454 13.5833648033309 16.8957181358413 16.1999291225444 13.335690649472 14.5273061289832 17.6667070567653 16.9534441616591 18.5163287480956
TCGA-A8-A07L 3 11.1197995214639 16.1009246120191 14.8823372942059 10.5409878073112 15.9457867262339 17.6836676054485 18.3964164181476 13.6774733930653 13.1911452652859 18.0922362982242 16.8723869577549 17.2915552259595
TCGA-B6-A0IH 10.6153838280283 15.8108677453092 15.7683038083314 17.5192107466313 12.2189024393145 17.7706894674945 19.7419654773995 19.5247131713993 16.1297601608944 13.4169121606603 18.2892311778506 16.7944931781058 18.7727795339604
TCGA-A8-A09D 6.2727904553574 15.2969523021588 18.1698399472557 14.4963491620625 11.6803290443732 17.2983037565852 17.9703405522593 18.697116485026 14.52472476634 15.1522072748215 18.7216221064726 16.5096709472892 19.0675637956271
TCGA-GM-A2D9 7.07570841688076 12.5119647237828 15.259424472703 16.7100698800615 16.1695188879691 15.5430273428867 17.1326841884067 18.6845713632772 15.6753717307672 15.3254585281924 19.1061094270221 17.1072194434102 19.2255430197386
TCGA-AO-A03V 7.13076843759541 13.0767456481996 14.4355189037536 14.2114761809043 12.4445674520278 16.031104004833 19.0144623833115 18.802156598987 14.4648705002082 12.1550094944371 19.491841088583 14.9074723592322 19.2296795475312
TCGA-A2-A0SU 3 12.8805535602848 14.031292032614 14.1012310445753 12.4696002055093 16.0561694563339 18.0614103768127 18.4571845207698 14.8771148831478 13.0101766660022 19.6817639072207 16.8682673914278 18.8751136454294
TCGA-BH-A0BQ 3 12.5319447372911 14.1817670747039 17.7968028470159 12.7956116478052 17.1729432536269 18.419804820129 19.3912387904741 14.7196346487251 13.0181731604106 19.6240002372922 17.0689793994477 18.8432084198361
TCGA-A2-A1FW 7.72849230407397 12.0795238609661 15.6297860025323 13.5571046729132 11.5835060109527 17.2652645925814 17.0237229242536 18.893664418747 13.9061786844607 12.5324485750533 17.791961300992 17.5875036834012 18.1277866736147
TCGA-A2-A3XZ 3 12.6340121333619 17.4919640862008 13.2674873774096 12.2863234616781 14.8528227699692 19.6110890729042 17.7138812216298 14.9765646706504 15.0181049967245 18.4759429535089 17.7639797289457 17.9264836764342
TCGA-A2-A0EM 3 11.9019947299819 15.7523141972045 16.2344462549267 13.0345152079857 16.4381776134803 18.7413247289233 17.9935544077294 14.3487738423748 13.3156174692513 20.0416373724715 17.0801484715232 18.6887241583907
TCGA-LL-A5YO 9.40326045529017 12.9840192936382 12.7614419630635 15.6130582575072 11.8409309557502 15.369906538319 17.4766082445182 18.5192242146253 15.0614818005683 14.1162665271903 18.3881231091928 16.8107208004968 18.1059803856122
TCGA-A7-A0CH 3 11.7669284203318 11.399464881212 17.4825651594421 15.6406148484835 16.2790681235251 18.7782955758665 17.774279316092 15.1865077757125 13.2580533610271 20.3614249046001 16.5115923686875 18.5462676285769
TCGA-3C-AALJ 7.43965831289219 12.233509035362 15.3754285140735 12.7933776790096 11.3132328827136 15.3568329284408 18.6498838827171 17.5344835669758 14.9298411112711 15.5965171705368 18.7700648144099 17.5391148208504 19.548062921584
TCGA-A2-A0ET 3 9.23380578568 12.0692160127418 12.7373111969832 9.1603968799711 13.7538093330576 18.2811004570196 17.695210226186 13.8441127748786 13.8353779216032 16.8883663722356 16.3310214334547 18.7606986937632
TCGA-A8-A076 7.33817042997234 11.7652836114796 16.1737800617837 15.2375715039076 10.0431694568381 15.453772372129 18.260644574648 18.5942342489066 13.5019623421233 12.5806446967467 18.536315368444 16.5464666986312 18.4000940369107
TCGA-B6-A0IK 3 15.4572798314653 16.4528749877467 13.6269197706251 14.0449603333214 15.2681693444186 18.6869728093466 18.3300636984307 13.7221854985626 12.3966999244059 20.0347750540566 16.8949097380573 18.5466372986948
TCGA-BH-A0BL 7.30241055440751 15.2704038763302 14.5984411765805 18.0966274299827 12.1264114090308 15.7305938080754 17.9988590129122 17.8951727671768 14.5836156727215 14.7819466297025 19.9025640210436 16.8047355383406 18.3171431896629
TCGA-A2-A0D3 7.89649832713883 3 12.1214440951646 18.1638786762739 10.8494858851355 15.328429189545 16.2308876789785 18.063301507883 13.5097730778751 13.2047373910072 18.9388778764749 17.5608587828166 19.0094203112691
TCGA-A2-A4S1 10.3034674861633 15.3373207463255 11.8528446384422 16.7997292447913 16.3539342503931 17.7372226459012 18.8145361203047 18.2577474521895 15.4279450532717 15.4781416438863 19.9824519729721 15.7763509162824 19.0648845786001
TCGA-AC-A3TM 3 14.5091958028842 16.1498246436472 15.4358330786729 12.1778405003478 15.4605937231391 16.828813245496 19.0589952387523 15.3412120392849 14.9204661272764 18.6360057450487 18.1872965240173 19.034641768399
TCGA-AN-A0XP 3 10.3418067440343 14.7723344173739 14.1331759484598 11.4541134128939 14.9281887977962 18.0591841026853 18.1411611084276 14.7073908161139 13.185497575382 19.9504456146433 16.1053585585076 18.7117042142658
TCGA-A7-A4SB 3 14.4492692681426 14.1859154226133 14.0009432517167 10.1518499538436 16.5723859914474 19.0475362563194 18.3119321766993 16.6074162692007 15.630889627292 19.2070010358121 18.2060614654513 18.6104723548317
TCGA-BH-A28O 6.11101585805525 14.3276097980287 17.4581127933288 16.2542353125341 13.8333723479493 17.9709845879811 19.4385710320274 19.1877207616982 16.5388576546459 15.3085034858422 19.6641056433238 16.3667958443055 18.4039388681495
TCGA-E9-A22B 6.89421697823782 12.7978660306342 14.3953655426799 14.8783009897652 10.7962647313798 16.2501876936905 17.4380785342571 17.7948596783591 14.0162021141454 14.833141122746 18.8425183709361 16.5477064745084 18.2810781443063
TCGA-A8-A0A6 6.63837036909842 14.4073913176571 14.6990520117646 15.6111736072926 12.7540447227934 16.434695314403 18.8842799127928 18.7620648816491 14.4653348489654 13.7512062094875 18.7350704758942 17.2255042685178 18.7703427747862
TCGA-AR-A1AU 3 13.6733806834725 14.4684426916324 14.7827928328456 11.4493553248232 17.8641896169574 19.0988148303367 18.287837946108 15.5192220638907 15.3247193642171 18.8616009734668 18.4465692660879 18.9120360507949
TCGA-C8-A8HP 3 17.7863307828223 17.6281860936993 14.233643841557 11.5523520270054 14.0111910045202 17.582803443905 17.8952276591179 15.2694217097974 15.6154085376578 18.6486583089043 18.027618968255 18.8453090829904
TCGA-A8-A075 6.17161631424199 14.5898057894005 12.25058438895 16.499286778109 9.37156426938899 14.5279217430313 16.9566017537762 19.5957232322887 13.6695985234868 14.2392945616728 19.148483826509 18.1395611289817 18.8601126845346
TCGA-A2-A0D0 3 12.6751470932048 11.1271128514312 17.1483260255103 10.2163745778824 10.8379219825069 19.4253722184064 14.4912184667506 12.227793951771 15.0604981925728 18.8611846774635 15.5954998935745 18.9211739015191
TCGA-BH-A0DS 6.52975015434274 14.0837015319267 16.2123182588395 15.8744301630063 11.7545695954279 15.399377134377 17.4770280732314 18.5650004833335 14.9797812320271 13.8283224114794 18.4050534238603 17.1578524970323 18.637428079244
TCGA-A2-A04Y 7.78233868513822 15.9809468587945 17.5552075908972 13.8711459851975 13.5083237723823 14.8838315798747 17.0901829322256 17.6024419868242 14.9456692299894 14.7613953790761 17.87759402755 16.6534063317295 19.4199327520911
TCGA-A7-A26G 8.98595791306592 13.1013763121084 12.6729500623821 17.7273108924456 12.6776556946884 17.4039958474934 21.6188956175508 18.6719604513168 14.2199941196227 12.9405067351571 18.7620273146779 15.2549038302172 18.8983840224909
TCGA-AC-A23H 3 9.79333382681643 16.4284048176554 15.3460513001969 13.2115811643343 15.411444768455 19.0166293218333 19.2808161782089 12.7554061600176 11.8598154257228 19.3243237797 16.9358027600931 18.8343597745789
TCGA-AR-A5QQ 8.52429481526872 13.1946506936348 11.8990397501085 15.2997799903978 12.2394403138989 14.9667106877719 21.3470128864301 17.5914961544391 14.2266515081432 14.2251536326957 19.3092214817597 15.4514528940611 18.3388973752329
TCGA-BH-A0E0 3 14.5883610659706 11.5894177234011 17.6840816796352 14.2988359588688 13.18749737174 16.0454363161318 15.2145990883817 13.741821774187 12.495452693733 19.6740302416912 18.401988876429 18.5514031287478
TCGA-E2-A1IN 3 13.3861170858884 12.2637329648113 16.1090480366606 12.5811479638879 16.821833418661 17.5377833068667 19.1656822603059 13.6247032946721 13.4902616142382 19.5186011392451 17.1603586754488 18.4908613245553
TCGA-E2-A1IO 3 13.0065926846335 17.7105750959821 16.8570443034496 12.6782109761926 18.1936649637186 18.000765833231 20.1629248931047 14.6705893989562 14.2105943031907 19.3079854525684 17.2187152408113 18.579654851447
TCGA-BH-A0C1 7.91347064207214 15.1508840573176 16.0173119895628 18.1847056791629 11.5782507172937 17.0840666366051 19.2921107109292 19.0386619253455 14.7928508400148 13.2587766572768 18.2939244491093 17.3856774971177 18.7381890060536
TCGA-E2-A106 11.6033111833081 9.62579771618719 13.8761627835371 14.1507833769409 9.70261239868988 15.1574536062147 20.2345648692386 16.8565844168991 14.3795979561294 14.481770370728 17.9506439520318 17.8301742450659 19.0042833874599
TCGA-AR-A5QN 8.90324005845096 15.3147577610782 15.0662117600055 14.749849093642 12.4725604660296 16.9386202292912 18.7167121446059 18.0850773490436 15.6575347362528 14.5110230596859 18.5965797701497 17.4597471309195 17.9921363420443
TCGA-AR-A254 5.82238636937704 11.6355557693935 17.4565172125178 15.2810813139641 11.2074324468177 16.7103848033255 17.4923763320713 18.874456805767 13.6825840575221 15.2297903793693 19.0657770497247 16.52881887065 18.9482454641351
TCGA-B6-A0RU 11.3836058328826 13.2850388797588 14.2210540094514 18.8151565106959 15.1848939497973 15.5705133878368 20.5891703299401 17.0080157105997 14.2164266595313 14.5881349453148 19.1124365393271 15.8142808592927 19.114691873718
TCGA-A2-A3XY 5.73053103857549 11.5282797786237 15.1822896749195 16.9261001370717 11.872508319562 15.7590180715085 19.6947162188691 17.9839952706536 15.7248865350436 15.2803459908156 20.4777670264812 16.6098014241743 18.4636107199039
TCGA-BH-A0AV 9.08283626380971 14.5152416816163 13.3243510528699 15.872200557984 11.6395397796962 15.6035037805416 19.9368639394929 17.4044101706754 14.4861607031876 14.248346965363 20.7695634046105 16.3893287886715 18.3591374240733
TCGA-A1-A0SG 6.16198002456202 13.5333712544818 15.1403183652119 14.2079951912265 11.8698397012806 16.7767370825173 17.7721825416547 18.1238449193641 14.2932481770371 12.9893613821746 18.8995521907913 16.589268716966 18.9032900192521
TCGA-AC-A5EH 7.83691028527915 10.9404322720225 12.6397327898832 14.9890490738562 11.4149095084174 15.6709334337827 18.1925320377488 18.8771859223353 12.955364026316 14.2584465619873 20.3427234675727 16.0265305468028 18.6568134350044
TCGA-C8-A138 8.04967275654147 18.6243198710604 13.6548632187518 14.6923145643379 12.5294536254251 15.3526284588425 17.1424584743516 19.1596129032902 15.1839853269944 15.6270447864468 18.364189292465 18.473799949669 18.8957795961918
TCGA-AR-A251 6.12386933329847 18.5267313462223 13.3119882930687 17.5793299851652 12.0172469149746 15.6015420257073 20.3675780948673 16.2184123431128 14.6074641784659 14.5786233810277 20.2128903517115 16.560573350697 18.30163428977
TCGA-A2-A0EX 7.3703643772991 14.0659469148872 13.6024461697201 17.3606071455258 12.1454033658776 17.4167304052383 18.525084388889 19.6421135737784 14.1298212009478 13.6707607380436 19.9750737707549 16.4727129650916 18.4984498858179
TCGA-AC-A62X 3 12.6172353898618 11.438566490471 15.1613666486871 14.5068767700047 13.3587958245358 21.4171792797071 16.7318172154018 13.8289250260625 15.422560343444 17.2246555733588 18.5849754705469 18.2048571313396
TCGA-GM-A2DI 7.22119722495073 13.002616707911 16.5206914879068 18.6384052989701 12.7808700330147 17.8621571253455 18.8655643725237 18.8971214358628 15.1233930912636 13.83395520762 19.32729546129 16.1244152815638 18.8732939961642
TCGA-D8-A1J9 6.60072851447738 9.3538843571759 11.7390252684557 14.2270850151917 12.9594869741246 15.8241667125675 20.0059975368372 18.1344265917641 13.3220427434059 13.0017723409926 18.7013052668675 17.1591510277783 18.1603202835523
TCGA-A2-A0EU 3 12.6399094292202 12.7538774918432 13.5186499433131 11.3887844800914 15.8883198420044 18.2322608272258 17.2494190590513 13.6481915754621 14.1085250052537 18.8759447374093 16.1190944951202 18.8185680954989
TCGA-BH-AB28 3 14.0979516402678 14.1290713867298 16.8468862831396 12.3235159730287 16.4057890969995 17.2656299371194 19.3456518221944 15.2981017597013 14.3492731391201 17.8476045659396 16.4611520264331 18.2641430413506
TCGA-AN-A0AS 10.0478082724323 12.2571913691655 11.2907321708757 17.068809696958 9.702474738572 15.9342880879183 16.3954253124565 17.1678274680022 12.9126704161931 14.4257530300123 18.8711882286198 16.2891065365423 18.225790166728
TCGA-A1-A0SI 3 10.8634157551374 13.1530131884487 17.2152171858913 14.7798507974459 17.5093458443026 18.6195824232065 19.0295874979354 13.9369902916981 13.2900584999469 19.1827036333315 17.2645928462965 18.7828656067229
TCGA-BH-A0B9 6.42458184117874 12.0203113735006 11.1410634013451 12.5514547884156 11.4212527509409 13.2356783476697 17.5528282269323 15.3339720337822 12.6880225516232 13.2284615302317 17.4091439240354 17.0426589812742 18.9622192345062
TCGA-A7-A5ZV 7.92576063938231 16.9136941846469 15.1145267654375 13.6436901034286 14.1006510110372 17.6510114448694 17.2864748957132 15.5826538275302 11.8703701885818 15.8674367954748 18.176480325247 15.4758434711675 19.2135416085414
TCGA-BH-A0HP 7.84878815092787 13.5811214997049 17.629163477375 15.3419677759148 11.9857031502998 17.5351250878597 18.852553802578 19.9541681280429 15.0109605680902 13.0479970312201 17.5414882006815 17.0570143224082 18.6665645839455
TCGA-B6-A408 6.04938616998687 12.8676778638268 12.8535952846811 17.6835956474245 11.5415970371294 15.1485004608676 17.1130933539748 17.8032544980731 15.0749752169151 14.525993933572 18.1641455874491 16.7961398133838 18.6274198309411
TCGA-A7-A3IY 7.02193277859607 13.1130197965612 12.2291767960414 14.964703834127 11.9001383187804 14.0628603257651 18.4623395020282 18.0923785710383 14.0336430680959 14.0153163396669 20.2048061153869 16.5772908248902 18.1660095593882
TCGA-E2-A570 3 13.2570610789392 12.4386887499854 17.2700100582773 12.0434164379674 15.6527317001818 17.6046288190171 18.7564379446307 15.0978891114372 13.4653237196749 19.9961114222306 17.4705577636258 18.7316174811066
TCGA-A1-A0SD 3 14.4954649548673 16.8603176871471 16.7781317798177 15.3925306580068 16.9582674457238 18.9878739118658 18.9511971144279 15.4912953816878 13.7499847668935 19.0770096257317 16.8256529212566 18.1516235209445
TCGA-S3-AA14 3 11.4814786196068 13.9396068472887 16.3085462417696 12.3645614153447 18.0814902479845 17.9266461623443 20.0630659389594 15.4601495676086 14.6619430223848 19.5751787808967 15.6101872001996 18.7237543434997
TCGA-A2-A4RX 8.37622404557915 12.2809020850094 14.2052127407655 18.3050180747329 14.0037537221058 16.0745476992176 19.9639105181417 18.8877012505353 15.3085925790544 16.8169046858116 19.814229869319 16.1389256693582 18.5886399883997
TCGA-Z7-A8R6 6.16222299052185 13.8212708766128 14.0976033541476 18.3432180783402 12.535234421991 15.5171089880248 17.0698963106217 18.1115939544258 14.6160100910759 14.7630703414023 19.0627269866636 16.8737297194405 19.2407676279139
TCGA-A2-A0EW 7.5491416781825 17.1772390366854 17.4544245594909 15.3385934405826 12.9413013317317 18.2717752850468 19.2839882248169 19.0479295114613 15.8550866530099 14.0302242591019 19.4118580132828 16.0403241694349 18.5697037199405
TCGA-C8-A12W 6.41942887489189 11.3641554589693 15.1820645544162 14.6387648480441 10.3393710300494 16.6992524006559 17.1006775359719 18.1024906818631 13.5218471963667 13.2759100509117 19.0587380289885 16.2534218065918 18.1851986215511
TCGA-A2-A0CV 7.29326732714081 12.3019369123268 13.9544572798135 18.5983983104473 12.8933201221761 17.0597259575529 18.3001083935597 19.4069333312872 15.0358494175314 13.2095023912959 19.5343536322897 16.310975402087 18.8271376818679
TCGA-A8-A09E 3 11.096835997041 12.4274370508551 12.7718613655199 10.1791259068388 14.7601211415758 17.9058896266867 18.3512689435601 13.8153141423983 14.6341581587646 18.7369167883308 16.3345006418694 18.987161446926
TCGA-AR-A24N 5.87559680649486 12.2266351587478 11.0956866221452 16.3045218569645 10.8805186448475 16.5555704829557 16.6023163625768 19.2348360398155 14.2562886967543 13.5227311664002 18.1050995811923 15.8119286058633 18.6162660684403
TCGA-BH-A0HA 8.68340478252751 12.7792461575764 12.6314434978529 15.0910532828853 12.0455428909612 17.0100535492975 17.5030648138841 19.5476995320153 14.8714480787499 13.9407964493955 19.0654554769726 18.2980847396386 19.0823135188457
TCGA-A2-A0YC 3 11.6683324568751 13.3617796467665 14.2602604553135 12.0986326518079 16.1104512668104 18.1753944547708 17.8081090628658 14.5678462985169 14.3563913611966 18.5319744510675 16.6773801364427 18.8210129504736
TCGA-OL-A5RZ 8.61529198895604 12.321796686593 15.1283554103948 12.322076302403 11.4653381556029 13.803772284171 17.6395362695778 19.9230622292284 14.199541014959 13.5449311846709 18.0923403084822 18.752780001841 18.9802273021936
TCGA-A2-A0CR 7.35435400817088 14.4519249972045 14.9493286256879 13.7881786920695 13.6903276570697 16.8012995157129 17.938613039709 19.3197701236109 16.3613990793739 15.048144062799 19.0011576768107 16.8005067934446 19.0469995268915
TCGA-OL-A5RX 6.30530503115433 13.4714058185957 14.9486278980273 17.842984176724 13.0898617869787 16.7639960018446 18.1973325138591 18.5680809995758 15.7999758720524 13.9455239488491 20.029199372446 17.6504717774695 18.6643530440923
TCGA-AC-A3TN 8.09826138353595 14.4286263046617 17.8425472262489 12.6430653832266 11.7685144350153 15.1831777892577 18.0693014744083 18.665399784787 14.627925291443 14.3862133500142 20.349099011213 17.1179111655571 18.5945363981481
TCGA-AQ-A04H 5.92726892519131 11.1734108455779 14.9202703132965 14.3145745272927 10.8372693726404 15.502493650696 17.5110340940734 17.0888033246295 14.9513723455779 14.5661158481275 18.1330828129186 16.5244512374217 18.8387804616917
TCGA-AC-A6IX 6.13532466082495 13.8362699572231 16.3276020254839 15.9351141050323 12.4237740561556 17.3455528610333 18.1431642858468 20.0499532018797 16.3360520147757 13.870612805086 18.753198393052 17.6124643415592 18.250863754981
TCGA-AR-A0U2 3 11.347866027013 12.0087767297313 13.4585242858523 12.3680542117055 16.1113635502396 16.7658797607107 18.0676507482221 14.1216922704277 14.4418684833974 16.8252858893232 17.5101962709085 18.1071788799175
TCGA-AC-A3W6 6.32413671440358 19.1421791712236 15.3113221032187 16.8146783803973 13.7637453985316 17.7137711628543 18.7473571772758 20.0573354415729 16.7239820815304 14.5942258965513 19.3972670599008 17.9387179120517 18.6481736068517
TCGA-A2-A0ES 9.98764275752832 15.1152931886045 16.553498666146 16.9098328235265 11.7910537400889 17.2536356105478 19.3990036718409 18.8863145051586 14.9195026862381 14.0834017950248 19.7927007569619 16.0621325045423 18.4262439518092
TCGA-AO-A03U 3 11.9053059702401 12.0565861285368 16.2889458147519 12.1244797723373 16.3046524259658 21.8025385202891 19.2391866139178 14.3700017142976 16.2737490231219 19.9867479185903 15.2468441995613 18.7238723612762
TCGA-AN-A0AL 6.31482175405105 13.0817670756318 11.3205994096815 14.1871288064231 10.2242791288103 15.0819680932611 20.503422325151 18.8173764642266 15.0273908521846 13.1601708451296 19.6588716942474 15.2458436330777 19.0824036389451
TCGA-AR-A1AP 3 12.6613127869603 15.7912853509824 15.680864118602 12.6056960763349 16.2851416980226 16.7142530366747 17.4816216324599 14.1378019809839 13.7477490873132 19.1727625182914 17.6096451529594 18.4667233984725
TCGA-AC-A4ZE 3 13.1033927360264 17.1668218527881 17.3171252068285 11.1846275077074 16.9257305684062 18.2377824924759 18.216432638493 16.1129742714524 13.5657539726376 17.6079222509473 16.0882621331156 18.6267904574641
TCGA-E2-A15C 3 10.5352228940371 14.4164980134023 18.169437454326 10.9644286990068 16.2715885368605 18.3075184873711 18.6048065704069 13.8664107506624 13.5263676401518 18.5936169156714 16.6489951938849 18.3844849973296
TCGA-B6-A1KI 5.84120424205909 16.4245811026864 17.2563763333245 14.3434287551741 10.8894963866264 16.6328031518312 18.4823211723295 19.039245001638 15.1307353232509 12.5451893141186 19.6405753129388 16.3551666362441 18.6290981575826
TCGA-AR-A24T 7.43875292328473 12.9685674414834 13.8528417350783 16.8341126499427 12.7394175358966 18.2832364042536 19.0483786947143 20.4532404387533 15.0447760009987 13.0751359542641 19.2979933006583 17.0010420525665 18.4485885322644
TCGA-AN-A0XR 3 12.7483152520887 11.2987346074217 15.0862425801158 10.9042519916277 14.4131818613706 17.9803733414493 18.0347255073063 14.4570775856489 13.1241526868297 18.8365037007277 16.8704025490228 18.7542066831057
TCGA-AC-A62Y 6.3064044879497 12.5584159921227 12.9725526782168 13.397860741531 14.7813323442386 15.0900929417228 18.8248325086655 17.9916998251287 14.9162339800679 13.6439901050176 19.9573489111133 15.4823813018272 18.6074218568105
TCGA-A2-A1FV 8.03355213378654 15.1944151886754 17.3252135655683 14.6362681299942 13.2869633729533 16.9172897356711 17.8594901673227 18.2812520233608 14.8307208757132 14.314256958684 18.125439754889 16.7259302991957 18.1179121368834
TCGA-B6-A0RT 7.40083919166587 11.4170087340868 14.1355819401247 13.8461411477247 12.1879824450574 16.5971816383196 17.655093701514 17.6475918040483 15.221128437764 14.6777019851762 17.8464714222418 16.3966892722836 18.3031660881874
TCGA-AN-A0FN 6.04159819151571 14.9562627087663 15.6098371468311 17.9039639643882 13.6835417365932 17.7119892675021 19.0342356499511 19.8530704269221 16.4177483416304 14.3185645359672 20.006184175087 16.5749167350062 18.8083797756264
TCGA-A2-A25C 6.34867648456013 13.5625842625244 12.6331899010831 14.6323585268241 15.3464397968415 16.9697517895537 18.469934745055 19.018784627001 14.9959113590335 13.0688550126202 18.9598502976831 16.8074716160679 18.594292427314
TCGA-BH-A1FG 9.50958033011251 11.482742635269 16.8940396111235 13.0276713220356 11.4349277468167 14.6863041077841 16.9709038595858 17.6808991491927 13.5175968391939 14.3535890728341 19.390572435192 15.922435316572 18.8466640358351
TCGA-BH-A18M 8.02542269842399 14.8919880741052 14.4542022731715 17.2218761578193 12.948733936655 17.4394908131175 18.346625649652 19.1400308873573 14.8274391811894 14.2377788915679 18.9361377475242 17.2366571384593 18.9716292544925
TCGA-AR-A24M 3 11.1385085173422 12.8071432600696 16.5872223774417 12.9698285497141 17.2361438351795 19.9163549704142 19.0249440405311 13.7313209608299 13.3251147896246 19.3525727683373 16.8352466812098 18.4955526996079
TCGA-A2-A04T 11.8438454195159 14.7006502488448 13.3030239025656 18.2354224108255 11.3110404731459 14.6760548440246 21.3356005394767 15.984838895429 12.8500903399034 14.3141225822016 19.0406692902195 16.5472033093339 18.5207839019265
TCGA-D8-A1XM 3 13.8920289578685 15.1882093693458 16.7696269286083 12.7992827244566 17.3994303277291 17.8516918540906 19.2654394779866 14.0012118361208 13.917353763353 18.9028489714301 17.0784875806524 18.7672219674735
TCGA-A2-A0YI 5.88353612255971 12.6222676339268 14.8142370550679 15.2938385693005 13.6558414003077 17.2799814800139 19.6086319499636 18.8717472697312 15.0446770149449 13.5214274578612 19.5891775631894 16.3928791245064 18.4733948587747
TCGA-BH-A0HY 7.16346046927092 12.444703894262 17.4826605303322 16.7124393097864 10.761341757306 15.490921078538 18.5106991991786 19.6556303135727 14.2704322492125 16.6450680980524 18.6987814095597 17.9957095589094 18.694562260594
TCGA-A2-A04X 3 11.853509753755 11.1445784544346 13.5782531651524 10.9902356891718 13.8733164678568 17.9457657569906 17.8967457231239 14.5727905611753 15.1242009043455 17.7724820604607 16.6377650795644 18.6728133054221
TCGA-A8-A0A9 3 9.51850244914148 11.612147639152 17.2532184575035 9.47108300396418 16.0458550438608 16.3103971984735 17.5929784383133 13.777364763689 14.9022718208004 19.0059343625812 17.1628381677008 18.6555291601711
TCGA-AN-A0XN 8.49283801463323 9.74847164275355 11.9119373637461 19.2563564721875 10.1447302420704 16.9981448725782 17.8976758711495 18.7246082723709 13.7113223037356 14.4339171869277 19.8513513554528 16.5866556412042 18.6990618865807
TCGA-D8-A1JF 5.90499230478298 10.1528997123416 11.2583837286851 17.1142146753325 13.6733165325994 16.8215021717136 18.6573558916134 17.9989707056575 12.9356704980219 12.2309668314789 18.6491861661376 15.081246496451 18.2375102915525
TCGA-GM-A2DK 7.41276421302111 14.6627809292584 16.4403081061519 14.9381634752117 11.8279825805231 16.2130265066916 18.7867631580528 17.0515378817969 15.9958766383504 15.560189150632 18.5659160038826 17.368176191796 19.0376683378633
TCGA-GM-A2DH 5.66236473176406 10.6958517154613 15.5051525181133 16.5100837857026 10.6317302181879 15.2045432864674 17.7518274811915 16.92908783969 13.8643172438899 13.7861487283125 17.8929236312344 17.9474158410703 18.6432129774911
TCGA-BH-A0BO 9.41554970205563 14.823246768836 15.8435418948696 18.4505856537778 13.7812485252418 18.0470499921487 19.4209816986274 19.551690001065 15.9836923017725 14.1023570455913 19.8854921159156 15.9247309898264 18.3610520598907
TCGA-B6-A0WX 3 16.2485689406202 13.9974465131211 19.6039580012871 12.9358955231489 17.0785708836232 19.3896000175366 19.3885665048918 14.0039608199821 14.6380290725973 19.5682833266001 17.6252922197297 19.0291612994664
TCGA-A1-A0SF 3 11.0838647953798 16.8607854673344 17.2745034816612 12.4558537919299 17.2078397903577 19.2085462591057 19.513806855679 14.4730507691082 13.4608552173993 18.8042910348367 16.9001033015251 18.8513806767865
TCGA-A2-A0CT 9.25943875042857 14.4813238871826 17.5903725648362 13.9987842921045 13.0696911129563 15.1761511403158 17.1104848676067 18.6555175999753 13.6058308724956 12.7054124302239 17.4118740630511 15.3679306388937 18.1067929196453
TCGA-A2-A04Q 3 14.2964702490465 13.3831044908532 16.7847556197474 10.9486933021849 15.1229831800293 20.2044583910743 17.9820206594587 14.314231501455 14.7173984726644 18.5831171835087 16.4616003966572 18.6139061790783
TCGA-C8-A3M7 5.99355530639524 19.4700893483015 15.2557018779042 14.5229320335089 12.5634179963972 16.7201422779725 19.602514898433 18.7982717644598 17.2723501123258 13.9116351511272 19.3403034692498 17.0844527494637 18.1037488731101
TCGA-AO-A0JG 5.90537927530277 16.8235342169348 15.1709007197532 15.084655447751 12.6673127909876 17.2619522296458 18.730495106939 18.6469298434407 15.5559291195469 13.7011830399133 18.2406490002993 17.4591735743195 18.5377452815986
TCGA-BH-A0BC 3 14.6388958280878 16.200424823447 15.4827069414219 12.4107157647133 16.3334538862497 18.5334806097481 18.2465483349216 15.4016112104919 13.3793909328687 18.9167376793112 17.1568063415454 18.7216046178558
TCGA-B6-A0IQ 3 12.2710691582093 11.8429964948804 13.7541540711041 10.555634540185 15.5004067705986 17.4819049863103 16.114720808183 13.1853808346684 14.6040648797926 18.4885030518604 17.1562710446641 19.0692587649324
TCGA-A2-A0EN 3 15.8045221783969 16.7770334218942 15.4714935940037 12.2992294826416 17.608137869233 18.6991222047672 18.7396390235809 15.5150007707398 13.6581281336711 19.351208666072 15.5127776112905 18.7157226504171
TCGA-AC-A2FO 6.16514258284465 16.9835053681898 17.8426020317538 15.8475679385335 12.8240763918657 17.6663000401917 18.8150116831273 19.129331704623 16.0299884922454 13.8684669090559 19.3453080339719 17.0113225450818 18.1659602518798
TCGA-BH-A0B5 3 13.2861071914231 15.7693494079858 18.2332722140634 12.3840571309138 17.4275409879277 18.3609683966653 19.2756078040649 14.7678937049862 14.1541603811578 18.9533638967219 17.9048673520335 18.4560587240497
TCGA-5L-AAT0 7.75751600629907 14.6220353157397 14.9208366519242 18.9930445820197 13.1440394637059 17.1251516891654 18.0558432073871 19.7617632238275 15.1281005765813 14.9241707568442 20.0354802356598 17.1029255245406 18.7350509816081
TCGA-A7-A4SC 8.64617654465486 15.7744786037117 17.8465828065153 16.8418980747466 12.6434396978731 17.775747825965 18.1674811914771 19.5959715451092 16.3074464211133 14.4906553081841 19.8796477361439 16.2982065914672 18.721956946801
TCGA-AC-A3BB 7.06344834766944 15.2716829674075 15.8856171979221 15.5050934001151 13.1733430363552 16.5755647946304 18.3607215430398 19.5757748940258 15.8668614384923 14.0002551814659 19.8663826295603 17.2138876808679 18.9045682877708
TCGA-AR-A1AY 6.14414131323974 11.1574650982888 12.0722011635879 18.4370187526644 13.1188064898696 16.639038689778 19.1122940406416 16.2581931047021 13.1430895553841 14.3643192788992 18.7905429080529 17.3822264696979 19.136200886396
TCGA-A8-A06Q 5.74545751564864 13.9775779897398 12.3245741954364 14.385504950535 10.3967659743824 13.5927522355785 16.2592588301954 17.572970883476 11.6494606217854 12.6120136521326 18.5765920726516 16.1060807566385 18.7535674675405
TCGA-A2-A0T0 14.9003755916887 13.2005801793115 10.484543079299 15.6246674346882 11.0453655946001 13.1274505821159 20.0289977032845 16.7413112611169 12.9048668500279 15.5122524764623 18.5913409481395 18.011383701285 18.9277461294569
TCGA-A7-A4SA 3 13.0845951177559 18.8526762864108 16.3789538112373 12.9144138195285 17.2241058150064 17.151481775151 19.0286711609643 15.1744690308709 14.7818262696311 18.8257492042198 16.9199370641409 18.6435724012346
TCGA-A2-A3KC 7.97492826886718 13.9178520585066 15.8594540502943 17.1063184082664 13.0097608535888 18.365380421196 18.6276509294315 19.6277290357321 16.537711614197 14.7383818009501 18.588986370115 17.5445751355546 18.5350936915569
TCGA-BH-A0H0 3 11.7099199472284 17.556396238774 12.4591157758809 11.2882435613664 15.3161858112357 17.7743936840865 19.1240771550659 15.0295883439634 13.6275854025166 19.5052532935634 17.000592619473 17.3280452426202
TCGA-A8-A07O 3 12.8208828801644 12.439032230588 14.4657607466862 10.0253410643753 14.3519207034263 17.4300778623825 15.2516568765126 14.1119621853596 13.6926894589064 17.4711021234744 16.2431674921546 17.646775535796
TCGA-A2-A25A 7.59305966781344 16.5015668540885 14.7134597234944 17.5623120724045 14.2974967851835 18.4782343048694 19.7465673276526 19.7624014672423 16.7599057577706 14.0095855884408 18.9841430372432 16.7199218570384 18.6431060462029
TCGA-LL-A441 6.7634337835295 15.6523740734808 14.4151351427859 15.5222425755417 12.9255632973968 15.5578988427546 18.7606663950421 17.2531788233824 15.8997894828085 15.0975965449299 18.5210857193674 17.324588280022 18.2887563502822
TCGA-A2-A0YT 12.4462879437693 12.4602925045012 14.541044838746 14.7523629479738 11.7870199245887 16.5368144121466 17.5550540425534 17.5551644581577 15.0049518882452 12.926595425385 17.4075497616766 17.0323533219961 18.8147257215127
TCGA-E2-A14U 3 14.4346524854404 15.7049286428715 14.6708048705171 11.8874871280619 14.9355533857964 18.3247501112527 18.0301739253256 15.3602097541115 14.853674132102 20.3696782241716 16.5686384701999 18.6284444630817
TCGA-A8-A083 3 12.2015466498942 12.587455994369 13.7615167800018 14.307708423001 13.5828463535694 18.4083499799652 17.6295202613371 13.6627838515807 13.747237238128 19.212856260356 16.1433592476173 19.0237318485272
