X63928 X89869 X114 X111 X6790 X995 X196883 X891 X6196 X6195 X5499 X818 X801 X5566
TCGA-BH-A0HW 7.11934283749634 3 3 12.6852486311008 17.0204397263363 14.931667995323 14.4766206207418 18.6052276576547 16.6125657489716 16.6104547803203 20.2099728582034 16.4600305200804 19.8079095558819 18.6187042554512
TCGA-BH-A18S 3 3 11.2656892744342 13.8347579408801 15.5055883137546 12.7692330042762 14.1776554936116 17.2617156467861 15.096619192701 18.0346816148888 20.2012489646898 16.8039324005034 19.0632019991675 18.4718681754503
TCGA-D8-A27E 3 10.8900666125726 10.892073566505 15.1541919947944 14.7686756417801 12.201739953394 14.3621378980192 17.017397085224 17.0824462539527 18.0779569620419 19.8766704271901 17.3666208447764 20.1215868467701 18.7199024879425
TCGA-E2-A1IH 8.18305233681117 6.74624792672314 3 13.4849468839542 16.7773590333762 14.6888714489808 15.6604350895837 18.4636139412616 16.8876441558395 16.8955693824062 19.810038838747 16.6958266737697 19.9525023579274 19.3662660399495
TCGA-A8-A091 3 7.77937533369996 7.70414187409255 18.6532768621625 17.6818285686711 14.4941155952942 14.9664763999006 17.6961177196157 16.0889495408212 17.4732375107948 19.1849074007248 17.1156182725393 20.491519337285 18.6931627950941
TCGA-A2-A04W 3 3 6.74266179726588 14.5410803327678 17.2186048582386 14.6436579054088 13.7185884315695 18.8673220199298 17.9668053961406 17.861949899509 20.5374291822927 17.3329690798559 20.3249905147091 19.33313595392
TCGA-D8-A1X5 3 3 3 18.5542064010153 17.6848905032291 14.422529958114 13.5449566906913 18.1365980375795 16.8229259830108 16.3504102795872 20.8145428456873 15.9397280372309 20.2365488836515 18.4089870635851
TCGA-BH-A5J0 3 3 6.52313870618241 16.3524270918135 16.5724292217417 15.2490583838478 15.1180918774359 18.7222493079066 16.7651202866986 18.6890877500244 21.0852141001552 16.6293527208443 20.4457220175046 18.9404763767419
TCGA-A2-A1G1 3 6.52433152839462 3 11.0320622067339 18.7764443080984 13.1173596448339 13.8147883873154 20.2752066183283 17.4053990126372 18.3194262769601 20.2133784502144 16.4168879110686 20.1011583830785 18.871086021287
TCGA-A8-A097 3 7.37006691009399 7.54653045189876 13.8674423848339 17.7617916833832 15.616737015416 14.3984313437531 18.8013726400665 16.3197422339559 17.229762787531 20.0778125687304 16.4284060317111 19.6746756643904 19.1804551259893
TCGA-C8-A130 7.42779677010587 8.87568064032611 3 13.1566615729758 18.0893639507558 15.3171083263598 15.5317582755369 19.1833724149719 17.0184298164119 17.6334360339515 21.2018853056605 17.4975676479563 20.3660937969976 19.3135360539366
TCGA-A8-A0AD 3 3 3 16.2953745064563 16.6314374849298 14.5139317447135 13.7134765652971 18.0972411507278 16.2350219309654 18.2786739304065 20.0365528391963 16.0291597218525 19.6650003230071 18.4846746560628
TCGA-A2-A0YL 8.16533972156289 11.1449737809064 7.45354325003665 14.941930210531 16.5934700041113 15.1533714530079 15.1414600632413 18.4979947458214 17.3205495708879 17.2992892715499 19.8180847574667 16.6253974383176 19.5861731652433 18.4920909571929
TCGA-A8-A09G 3 3 6.8187630498853 16.5275317578839 17.4807330277218 15.4917086918227 14.1867559101127 19.4455225862187 16.7911380922117 18.553681252668 20.4959049405718 16.676212974767 20.2627500592258 18.1983227049013
TCGA-A2-A25E 3 8.59716007649431 8.37214773696432 13.339042320323 18.7726493926557 16.3550379561971 14.3874474467297 18.4492408949591 15.3452824230263 17.4858483500098 19.0877331334507 17.0696062011059 19.7726044896768 18.6980769058058
TCGA-LL-A73Y 9.83052326158177 3 9.51032375515347 13.8441598421685 16.8480737799874 14.8836190712279 15.4969738596611 18.1668855613892 16.9412720147284 17.6502146349997 19.7201619308366 16.6582565229561 19.8654380842994 18.4368980162612
TCGA-AR-A1AK 3 10.0489290371458 11.1455136812917 17.0149279162968 17.6427916898214 14.9223504086638 16.4699058142121 18.4188133609286 17.0722506385063 17.3071912135981 20.8824066755949 16.5599510487661 19.5713693449748 19.1321712210009
TCGA-LL-A740 9.82505149842845 7.07060533671003 7.24512045384381 12.1348217046752 16.4359048288244 13.7653124471467 15.2699349083869 18.1940880510152 16.6753049646952 18.9324662735135 20.443410405044 17.6712842002402 20.1788145643735 18.279773402801
TCGA-A7-A425 3 9.96784729508281 8.58653319522621 15.5837121266708 16.6336074047115 16.0428540937001 16.3113275299364 18.6715764607006 17.20413148176 18.2358747310269 21.1077006240851 16.8803327245878 19.2354793129539 18.4199934561384
TCGA-AN-A0XO 12.9648502888325 7.54119929260461 5.87427915478252 14.5426317839924 16.6969211391358 15.6254916902273 13.1223798136542 19.0412830050942 17.1945022697501 17.9927270906387 20.2785057348527 16.7573091356459 19.8554745057299 18.5581792941473
TCGA-AC-A3W7 7.05630113428275 10.1691068003435 6.75454584410486 16.558081497796 15.991231304923 14.9339489319318 15.6656379865368 17.5911533159202 17.4636483081644 17.8521176619776 20.360012361369 17.2667936606083 19.4184787970421 18.6360652958727
TCGA-BH-A0H5 8.38018449256085 7.88647999984008 9.73578090976983 17.3000841642953 16.4203763912984 14.0566724387986 15.2455560457781 17.6020865920332 16.9123210722036 18.4320427942328 20.3372993226339 16.8033371880838 19.6417070595003 18.4987669076571
TCGA-C8-A1HL 3 3 3 13.9819601820578 18.6502309368871 17.4481562169783 15.6599559655402 20.3235197070689 16.7449227129027 18.179389821093 22.0042329598534 16.8472395562028 21.2947088535627 18.8167222083532
TCGA-A2-A0YF 3 8.4155000424535 6.68310606124205 12.437333244637 17.3035520698011 15.7342238956291 16.9242057193111 18.7215363297748 16.5930321663377 17.6951434614443 20.5913693707682 16.7555877737359 20.0673688514616 19.0131731118139
TCGA-E2-A15J 3 3 7.61637788924084 12.8828423933526 16.435926196139 14.8706528545241 13.7977929534277 18.4428263698574 16.2250000880152 18.3808626461566 20.1334172487022 16.3317041465046 18.7874192862667 18.9639376749251
TCGA-BH-A0BW 7.32103153563062 10.2079461876907 3 12.5995235539737 17.9329939250486 15.4273049936282 13.0430818405631 17.8280623700262 14.0639920186181 18.2578293786463 19.7167703092467 16.9775598587456 19.2659075167557 17.44037667576
TCGA-A1-A0SJ 16.9308590252956 7.88351403135441 7.10504225651548 15.9665841414674 18.6558237568012 16.1915612867768 14.9179564001314 19.4194456000589 17.4222568246115 17.0778013311643 19.9783805724465 16.1242724323197 20.883440922299 18.4729307651209
TCGA-A2-A0EY 8.88660555868367 8.38860729513548 9.55406642718453 17.0380979177538 17.4841890265866 14.3232757134381 14.2659691945051 18.1615097536468 17.2339014244139 17.72485931993 20.5182418162607 17.2284684242248 19.4569839589758 19.3405143620118
TCGA-A8-A07R 14.1875842427521 3 3 14.7296215277156 20.038688854364 15.7546763192628 12.3438106321253 20.0189487203931 15.240222635053 17.8129590262148 20.7661221611752 16.5291405598168 19.9357023957624 18.5114213698996
TCGA-BH-A18G 10.8422977028725 8.76946787951744 11.8377013413036 10.6091221824642 17.6846666585148 15.8846943593797 12.1085019738147 19.5623637193006 14.437838965208 17.2695389613876 20.8348468793234 17.4354751945989 20.618538615852 18.7224729398465
TCGA-BH-A0BR 10.3792602656475 10.3855351420584 8.59198540090571 12.7550984642029 17.3058324864713 15.3681418387486 14.6803114331797 18.9775704302384 17.5932526488793 18.5575414925017 20.4701525385145 17.1316655433267 20.1182711064636 19.1137877697081
TCGA-A8-A06N 3 6.25878160698099 3 18.4229453233658 16.955856082275 14.5705199535273 12.8153765503578 18.1054246239979 14.0318612542869 16.145734704516 20.0524986666517 16.4353739357429 20.2102928048373 17.9949407439065
TCGA-AO-A03M 6.99208403997003 9.57531864762527 10.2285724101007 13.4451754858817 18.3602096382916 15.2646216833566 13.6233171950308 18.9116449039801 16.898299515365 17.7076176098702 20.3770270010143 17.2159577996929 20.3919522624626 18.5039129692723
TCGA-A8-A09X 12.5888236132702 9.33118425938613 3 11.8532877891824 17.8063475080018 16.2239055643826 14.4440487023638 19.992377974429 17.0890338371177 17.609076643507 20.6424976267198 18.3126195001722 20.5518614110692 18.4228210028821
TCGA-E2-A1LS 10.1412149906534 12.303055677635 3 10.0104778343124 16.8798904606321 14.9619706636747 12.9210252370856 17.9398531649073 15.7204208258618 18.4831485605572 19.7555339883835 16.0928740104166 19.3927130610336 19.0234832816529
TCGA-AC-A5XS 11.0008158873323 3 6.48484964668406 15.8476539730536 17.54423479117 15.6401824495724 15.7417327199179 18.6439019079294 16.2768564074186 17.2949883629955 20.9077429813934 16.3577953635458 19.9804263201704 18.1623153680293
TCGA-AC-A23E 3 6.66156743211787 5.93053066305973 14.3317943446397 15.5184389072812 14.4777131264871 13.2112853956307 18.0049022844134 17.3568513752359 17.8346147764722 19.7892370834061 16.756982083201 19.9199345783104 18.9287430119105
TCGA-A8-A06Y 3 3 3 11.202888214266 16.287439673796 14.2194554694443 13.4612883342585 18.095160207223 16.5897554019111 16.8672931555342 20.1051275076488 16.444230820124 20.6926657146222 18.4639774039295
TCGA-BH-A0H3 8.12141826441337 8.9171087352249 7.41043696017499 14.2964334471033 15.2207181198263 12.8132173895677 14.9887472858431 16.9495942461123 17.413526691864 17.4542866585914 19.4328587685118 16.3427077160884 19.6763532417929 18.7192400644105
TCGA-AR-A2LJ 7.61598702717047 8.66141266264251 3 15.2919547202074 16.1592027442646 14.676878409293 15.4275004877649 18.274887878707 16.917302371586 18.5681734036699 21.1299936346227 16.5236772085405 19.5678380626708 18.9333520203658
TCGA-A8-A06U 3 7.01990183777599 3 13.2545484136496 18.32539625974 15.94552292997 13.7107951921151 18.9081441106089 16.4815503835169 17.3527979452593 20.6549997121887 16.5784277487977 19.5561437885511 18.9225029825248
TCGA-D8-A1X6 6.9783272107423 3 3 19.4056995389958 17.08594802313 15.733328250367 13.922307603071 19.4427127550961 16.2215550899793 17.4172254792916 19.8121657992823 16.4054495572312 19.8590922735331 18.9645080583894
TCGA-A7-A6VY 3 3 7.56050651165988 11.7349106440002 18.4681719009913 15.525336505719 12.7262246295516 19.5248676988438 15.8250327770533 17.9336339561443 20.9599798654921 17.4463653362652 19.550748418252 18.9047849830938
TCGA-E2-A15O 7.53245138341266 8.98344769948269 6.29982309498683 14.0397662589204 17.8336994550016 15.6986872570682 14.3018935534112 18.748531193742 16.6093194104717 17.3107396489603 21.9523439272144 16.8703510205866 20.0188821645735 18.6532149578201
TCGA-A2-A0CY 17.3999859383508 7.63357000343928 6.8619272367126 11.097425792768 17.5346946622218 15.2274372701293 13.0105475710051 18.8173166569502 17.2873498129986 18.2501028923427 21.2668192566138 16.972228190255 19.4441836612783 19.6713471134332
TCGA-OL-A6VO 9.21178013218682 6.7920239932381 6.96432182902543 10.550578001254 18.3605517858921 16.5633044330026 13.9605254996745 19.597397206301 15.7622418523286 17.9793699403909 20.7533114032148 15.9084664077465 19.9239858528318 18.1212746865394
TCGA-A2-A0CL 7.34202678615237 7.81307196450015 6.1217561373363 16.3312452523855 18.7726641306781 15.1381819866821 15.4416915761226 18.2537332315666 17.2022442333609 17.6873146957274 20.6748885457357 17.5495582618254 19.7448449056397 18.4441684143115
TCGA-AR-A0TQ 6.99102790454554 8.01920870323299 9.58900184484269 18.3946999746703 20.3825828833765 16.404872665326 14.7744960195787 19.725226174668 16.9217985489072 17.0185218972792 20.5580251726141 17.091760189064 20.3191151321874 18.2678087564678
TCGA-E2-A573 3 8.03648943013811 6.32805141719669 11.7959336086137 19.1760827619544 16.5712752502201 14.5480859973649 19.423113287057 16.2561538973606 17.4930362862464 20.753293765308 16.9306677987436 19.7760657603883 18.5281322944382
TCGA-A2-A0CW 9.59407263850609 3 3 17.6029678463056 19.2612390538581 17.1868186176112 13.6317543412549 20.1561482423085 16.0713212338225 16.7167970457263 21.0375480099261 17.6480638079443 19.6365097798822 18.3013220307418
TCGA-AC-A3EH 3 7.83874812806574 9.3125050199229 18.6229248514066 16.3064301702117 14.1407862085439 13.7654797352106 18.1794400412565 15.5217484216689 17.6021498369389 20.6265926629101 17.3397978576934 19.6091110193218 19.5091956568429
TCGA-A2-A3XX 11.1624464002222 3 12.0996876806679 15.4685612658706 18.3632550430044 16.11220431719 15.7136624537832 19.3860903374726 16.8248437969866 18.1953360088284 20.2664520676186 17.640435438739 19.4170235752294 17.9034920319361
TCGA-AO-A1KQ 9.34049032039207 10.047654631176 8.44767438500349 10.4922566134228 18.3890025515156 15.9178596437604 14.2957416742637 19.7413471715449 14.8658676594732 17.4160496516808 21.0918219100776 16.8451489331446 20.0512055041684 18.7693786328085
TCGA-BH-A0HN 3 3 6.64145401190871 17.1051434270427 15.9043297252482 14.5008407433968 13.7291791654178 17.7443563927674 15.9619090364989 18.6354628416933 20.6029481385155 16.5164951791165 19.7670421533723 19.4761093887164
TCGA-AR-A1AR 10.8329773199151 14.2427356053147 7.08817332465661 12.8378555470621 17.9348323801181 16.2154161846766 14.2537010580708 19.775734813899 16.0285012398956 17.1237547268032 20.0100417027356 16.3761293217258 20.1468398468278 18.9522142566076
TCGA-AO-A0JD 9.39020959709957 8.88919507867057 3 14.1237627368865 18.6016923037048 16.6688525745374 12.8044861659564 20.9001087910428 16.1251034212456 16.963947926496 22.2183887017211 15.8021056740871 20.5286485062345 18.9020681094902
TCGA-A7-A0CG 10.7217604047535 9.48587084875701 3 16.3032308865505 16.4195518689791 15.0153941476364 14.8814328984315 17.9984047427163 17.0377417499935 17.5178261959374 20.2304402490555 16.8446939880297 19.9042487730672 18.4738667904532
TCGA-A2-A0T4 9.34702505254602 3 3 14.2139112599284 17.7191712408183 15.9628419235588 15.2746812971366 19.318684097588 16.7198698631398 16.6935626555941 20.8431312544846 16.697729102389 20.3209127011912 18.8292338610481
TCGA-B6-A400 8.0218925343193 3 8.49315540929047 12.7033244016829 19.2298129712479 16.7663352505302 14.288969764369 19.3750544476729 15.628964746117 18.107355929814 20.9084359511355 16.6929940712078 19.6202466705065 18.6131557552085
TCGA-E2-A576 3 3 3 13.0467259820726 17.4412534950281 16.3473982488991 15.8382999071511 19.3832798204167 15.8268755612288 17.3063277262529 21.2463190416259 15.7917226233054 20.0536032830871 17.8491698775314
TCGA-BH-A0WA 10.2379022613725 8.34105369584927 7.95230084196111 13.9016742377439 17.9128980945731 15.2870134120197 13.8912785646576 18.4803019159447 16.0466660334964 18.3736454267514 20.3103582307931 17.1254867292801 19.5932896117636 18.7608797867333
TCGA-A1-A0SN 3 3 6.02295120314648 17.3160574171597 18.7230198615099 17.0449794761416 14.1691934749709 20.1198562050767 16.6122021332547 17.1709334197874 21.0389842014115 16.7066005327582 20.0265217599383 18.5144760967853
TCGA-A2-A0T3 3 9.58688957280334 5.95575978016336 12.9324848451623 19.3764295212384 16.1151788886186 16.0190830437758 19.4907171047864 15.8196732400465 16.7304690187422 19.5218725852876 16.1180083003613 20.0230206832786 18.4962927130006
TCGA-BH-A0AZ 3 9.82362953683638 6.5404040043093 14.2340895098003 15.9522739717336 14.9642417474699 15.2153701264692 17.5276848638942 17.5761924068268 17.8293719107152 20.3982637428555 16.6566316940704 19.8618005264811 19.0779567155965
TCGA-A7-A4SE 3 8.49969120159704 8.27503783126371 12.9867724304201 18.8143410684774 15.7755156271409 15.3607815454163 19.5576285561944 17.076578957123 16.9344453486361 20.3059961555022 16.9220161391573 19.4848380604999 18.5556392564578
TCGA-AQ-A1H2 3 3 5.74220567714289 16.7979215847431 15.7144257571599 13.9773896775296 13.1714689145427 17.6331399029213 15.4790528444885 17.0530259872765 20.8013237637135 16.4217538433595 19.985588951069 19.5465378389453
TCGA-A2-A1G6 9.96706809764003 12.3425387557127 7.87478415470122 15.9146319566499 14.5719665529795 10.8864920504122 15.4505806047402 16.6674554045487 17.2897953701025 17.477478371332 19.537747144043 16.7186154963561 19.4210359002865 18.6142472477604
TCGA-A7-A13H 8.70727581445409 10.2958227402609 3 17.5643853425904 15.6107023860037 13.1667369794412 15.9234741641665 16.9415082165836 17.2725361752992 18.5128606100511 20.2878451200174 17.0677085979988 19.1487092439129 18.4386971042641
TCGA-B6-A0IP 3 9.21807615814621 6.69225137578995 15.3412365385515 16.2110594019922 15.2690607436187 14.8525289932203 18.2113510672793 16.487436909053 18.4991362547315 20.3832623531088 16.4619490190913 19.2638591678243 18.6614546384272
TCGA-A2-A0CZ 7.7436414049711 10.8870459754161 3 15.6262100311082 15.4411251869619 12.5449292616064 15.06622804872 16.3241494100091 17.076511601766 18.1180387787048 20.402605434618 16.8163720943629 20.0638426298698 18.8878323522453
TCGA-AR-A2LK 7.09443978459098 6.62141377062022 5.89268045363607 14.1276165652364 18.0037599705157 16.8020439258111 13.7758531299227 20.1276757980592 16.0391580379893 17.2636718680848 21.6067270451666 16.4075758449001 19.9861715440832 17.8871952887035
TCGA-A8-A06R 3 3 3 13.6508495917405 18.2537394459783 15.4167210701042 13.7832947925419 18.588169566206 17.5594494944153 17.2396121192807 20.7877234232997 16.9919033844282 20.0466046971514 18.1099382870999
TCGA-AC-A3YJ 3 3 3 11.3203888478177 15.9029265081599 14.4982242577803 14.7856254158436 17.7501510322696 17.5860340929326 18.9421952683576 20.7974236657182 16.7756951871754 19.7214618271944 18.4950236207768
TCGA-5T-A9QA 13.1547055834486 3 6.76996531331549 14.652768024177 18.4162753953523 16.140210781722 14.0252478493081 18.914806054017 16.0016584177531 18.0572277443004 20.2144610327929 16.8817658886254 19.6145097308273 18.271629520363
TCGA-A2-A0CM 3 3 3 11.7370448258968 19.2486906321764 15.7955313875278 13.8202148226862 20.0884086180026 16.1810303151367 18.2101113130298 20.093972160453 17.2848893394015 20.2624608041704 18.0424340925597
TCGA-A2-A0D2 7.43278270579492 3 3 11.6994319089416 19.4403420688767 16.9922531723263 14.2525781616829 20.3298275146773 15.7334742675198 18.2511680256777 21.6658300990487 17.1068394750628 19.7552548883781 19.4610504267755
TCGA-A2-A4RW 8.05587680307147 9.51939278552408 7.7433523787487 17.3440805543841 16.6713105404179 13.6117425478567 16.5293906291452 16.8949338453068 17.0202124216082 16.4572139259962 20.3100201218894 17.4460402235569 19.9240568305604 18.6762193953247
TCGA-A8-A095 17.7736314558178 7.74918269912334 3 13.6193273475667 17.1939764228897 16.0693144031839 13.7791282375347 19.2442908349873 16.3142961851738 17.6605894217364 20.1804119613269 16.3121910012949 19.777562601778 18.5892256716153
TCGA-A8-A09R 3 3 3 16.702005511849 17.7167195861193 15.3482920513774 13.7999682846327 18.993843459772 16.9039368121302 17.6628826506314 19.5709958491729 17.1663149323546 19.8882310720092 18.5653874610954
TCGA-A2-A1FX 3 7.36787192022293 5.71882010297424 16.0437824799503 17.6290055380299 16.7520372464495 15.430774718711 19.2067532546427 16.0066274059283 17.1812020799515 20.6643922937292 16.2728236744812 19.977598856208 18.5073214047473
TCGA-A2-A0T6 3 3 5.92116667508023 14.7037974310693 15.262468367492 12.3020616294929 14.5145346330989 17.2275317982388 17.5766154933341 17.5531002030135 19.7987195429559 16.942771341985 19.7540726561043 18.6244068954486
TCGA-E2-A15F 7.57401236169618 8.61850427159268 11.7770078861413 16.1512910800617 16.2752331549395 15.4700550053802 14.0521625950594 19.0777536694341 16.0193740910551 17.0068792605248 19.8448849312043 16.3351981266769 19.4087650296075 18.8969059267082
TCGA-A7-A3IZ 3 6.82881259398481 3 18.3190004953817 17.0042618999432 15.7926619333006 14.8166323758859 18.8602957301776 15.9586498465913 16.8022538065156 21.7120366659319 17.0869010027561 20.0085893729654 18.5609185112317
TCGA-BH-A1EU 3 8.73138014682424 7.16428505063954 15.491579575617 15.9668442627662 14.050335761488 15.2909589099547 16.8528728476805 17.4026602640441 17.2990711037363 19.2908727765917 16.7338874949787 19.8396190418174 18.4292771572954
TCGA-AN-A04A 3 8.80038462950543 3 13.739265337474 17.0469120753111 14.9829456391613 13.9242860202016 18.3154246543144 17.6441848435068 17.7365914889851 20.2537009668251 16.5808836435456 20.7664051663732 18.8184833233876
TCGA-A7-A0CD 3 3 3 12.7042691921298 16.5636565572997 15.3688327170805 13.3422343791151 18.4731987801903 15.8687653390771 17.6829484678756 20.2670380591095 16.1399298276092 19.0551001956504 18.2509697302814
TCGA-E2-A156 3 3 3 18.155243995558 15.8528543606193 13.7761087599688 13.6500766512117 17.6779680595234 17.0025587429287 17.9467856085527 19.8255997497897 16.614810404701 19.1716095318986 18.8308068197185
TCGA-A2-A0D4 6.95050878944953 6.4811298911751 6.65038569897188 17.1261696388686 18.6187088394883 17.417751883801 15.4662115981161 19.8590790142493 15.397583423769 16.918014649794 21.3113604457203 16.709716495264 19.877087981212 18.3124258085013
TCGA-A2-A04R 3 9.43648413434444 3 12.4365477574125 18.2985783112856 16.619103709187 14.6115363583906 19.3823091702767 15.3851917196418 16.851481318896 20.5878813021307 17.1406274554565 19.8399380123241 19.1630856471381
TCGA-AO-A0J4 6.87237858929547 3 7.82086258236713 12.8346800741807 18.1481595254787 15.4760789793262 14.2083135977513 19.1302810185081 16.4337794865012 17.9973913037074 20.2132879852195 17.2464386342174 19.396060382399 18.6083995219262
TCGA-A7-A6VW 9.67279895595313 3 6.47150914838889 12.0120647611515 17.8667064988976 16.6004050769359 13.2574610515928 20.3405939313824 16.6894759021045 17.1916699975572 21.7288124975362 17.6814006190733 19.4942914146109 18.461854011556
TCGA-E2-A14Z 9.6228140922437 8.14130795505352 8.32126239190002 17.0930179967516 17.1194035001538 15.7727267416076 15.103597981719 21.0163979223536 16.2868904971471 17.5621022453678 20.4608898659325 16.8176213428297 19.5374609710704 19.0132257548858
TCGA-A7-A5ZX 9.01997632760881 11.8616491636876 3 15.6474418998006 14.2447441383069 11.8154857930491 15.1588768527863 16.7213835699653 16.9598823245702 17.7927842313248 20.0134623198503 16.6229999325257 19.0692566534579 18.2419357882184
TCGA-3C-AALI 7.93614364563484 3 6.68188553224045 16.8821034587383 18.3930400206675 14.9845833409926 15.3332241749033 19.6383231446984 15.5873185958744 17.0110086667214 20.9674942056846 16.9538048578784 19.9368263804169 18.8383820146179
TCGA-AC-A2B8 7.7651431499378 7.27911726210272 7.0617548082755 16.5200268909932 15.66859639651 14.0004328661839 15.4572976352161 17.2904342762106 18.2752044085899 18.2395895579416 19.7093254684497 16.5847179596114 19.5983287573311 18.4867007280324
TCGA-A1-A0SB 3 13.3010921158686 3 14.7513381898474 15.2987424487914 14.0062351319714 13.3520168141183 17.4481551786738 17.0825233253412 17.3596431141474 19.6519070110764 16.6591042370041 18.8730564389924 18.2581816039499
TCGA-E9-A229 3 7.97123428305912 5.75560998441476 12.9632157010288 18.1486063995218 15.3414758751695 14.1944564202218 18.501118566326 16.5721204207676 17.4609761636121 19.9966802704641 16.9880241197817 19.4500979744478 18.3103462631803
TCGA-D8-A1JC 3 8.23065339780974 7.75303613354481 15.357585180831 17.6678982918326 16.0557297546244 13.222090260092 19.4436131063181 15.9630804471515 16.1428594726449 20.6503163858535 17.6171802634715 20.2703235650939 18.1849480866468
TCGA-A2-A0D1 9.32697296935377 12.0257918239353 3 11.2907242990728 17.2076206958641 16.1729980203221 14.2361292619115 18.9339900170231 17.4077171118417 17.6535776909028 20.484189311475 16.6906575559543 20.7630622180914 19.1162064207801
TCGA-AC-A2QJ 9.82082154602761 3 6.99322217451582 11.3745398392254 17.1102555221747 16.2386613276684 15.9207488444518 19.335141528508 16.5406901867735 18.1388352239979 21.9002878633729 16.0977977503917 20.1765500351761 19.2111307017721
TCGA-A2-A0CK 8.46075304653703 8.94299968751229 7.18577135877067 15.400999836314 16.3684159251658 15.3206103871375 16.1446635767014 18.2585015085829 16.2170309065375 18.0504431940243 19.9252871022046 16.74991700832 19.363710590726 18.7636764173939
TCGA-AQ-A7U7 11.3547134657903 3 7.66970767021694 15.416211022311 16.7651880804476 14.8156627549772 16.6163873048527 17.5259673597388 17.0932024540348 17.3777800831785 19.8949787666751 16.8483128251951 19.417934088035 18.1641756526761
TCGA-D8-A1XU 6.99979151156906 6.52912370486684 3 17.7603879347549 17.0310770138198 14.4708237380142 14.9863687602544 18.1235378917656 16.8432653580152 17.6654949721664 19.5686542901044 16.5192127506494 19.7030962457875 19.1380849056968
TCGA-D8-A1X8 8.74805946411637 7.68494702244024 6.00460782992167 16.4268538216809 16.3501494526996 14.809092792616 14.9311002798539 18.2644157584405 16.5337151952315 16.7087688295695 19.9362692025493 16.5614362962501 19.9158429872744 18.6845293277295
TCGA-A2-A0SY 8.3018855089583 6.85955830369173 3 14.9954807392841 16.0225557250583 15.3319705695526 14.9232072379285 18.2361780325352 17.2658960162478 17.5955411401579 20.31779770136 16.4131808895413 19.691715025426 18.4450051124711
TCGA-BH-A42V 7.99366051893809 9.91086252362692 8.81996289619695 14.8370673238478 15.3048309172355 13.2940250715278 16.7984577871189 17.2122997733164 17.0367077088939 18.0137590491519 20.0572100129498 16.8033227807213 19.4874410112223 18.3482454146168
TCGA-A8-A08R 3 8.55844707918656 6.81844879694199 11.4281126731022 18.9665628924802 16.372427885705 13.9241066701614 18.849571909528 17.1415589667381 18.2603638349983 20.0958636028964 16.7941260411795 19.986291912171 19.6933069133498
TCGA-A1-A0SH 3 9.66189128094937 3 14.2429879820686 15.8453480549007 13.1843271829233 13.6448032449932 17.4936254818817 17.7498273759177 17.1879526151917 20.0500096596275 16.6379513961894 19.7145525968463 18.7469930170182
TCGA-AC-A2QI 3 3 3 13.52699865562 15.3819233398838 13.4468915827718 15.1405985471306 16.836475781312 17.1337721575563 18.0636651941108 20.3647270398206 16.5481753299302 19.3941399208078 18.6572467678443
TCGA-AC-A2FM 9.49786213870476 3 6.93411162132992 16.6356116195806 17.2383396506958 15.1843540365158 15.1568951935027 18.5791594419747 17.1990814048696 16.5135927693985 21.5083877734865 16.9454820917175 20.7616410511189 17.9974922000211
TCGA-AQ-A0Y5 9.29487618056727 8.38795710400425 7.04327238155669 15.598535731297 15.4827188108787 12.677817037525 13.4948043840803 17.3169941826677 17.2332353640446 16.5819790168239 19.7270488541124 17.1177391712937 20.4956119633909 18.6309332251494
TCGA-BH-A1EV 10.2287362639319 9.50441183307999 6.24872100718853 15.4454780739913 17.0043405484853 14.3879698471239 13.5835495948238 18.3567277046315 16.1424945328078 17.2695711633761 19.7789609912316 16.4942661351043 20.0638020540291 18.8363203866248
TCGA-AC-A2FK 9.10325771823532 13.4328830897921 3 15.9466039461974 14.298019032708 11.5381435143759 15.4688707068948 16.2146438902483 17.7611552967641 18.1974932468765 19.6120149046214 16.963982398116 19.328216135453 18.4683622761501
TCGA-A8-A07B 3 3 3 13.0175110974868 16.9309195646127 15.6634901065664 12.5365423562219 19.7674366835484 15.721459454022 16.8461345812072 19.2539380648713 16.7279662401451 20.859576054642 18.030033743685
TCGA-B6-A40B 14.0016595661234 6.75798875121426 3 12.6862341423496 16.4428156424286 15.4298677331879 15.639007050999 18.5786624489762 16.3461754594323 17.5728546912461 20.7156499089607 16.6513886588494 20.0085687401679 18.6588535157032
TCGA-AC-A2FB 10.555578021472 9.91413702421627 3 18.426058944471 16.031678786272 14.1932890730508 15.16811575607 17.4286233675645 17.6575410611246 17.5122409198461 19.9901080389421 16.8238087705069 19.7484092422491 18.4275494992807
TCGA-A2-A0CP 3 10.6915468900761 6.96490990783501 13.9183604073697 15.1433158183391 13.0484118086914 15.4472314835168 16.7695520554258 17.5873689463713 18.2869674420596 20.4714790444263 16.5308788798347 19.7275710259727 19.3530565558557
TCGA-BH-A0BG 8.6638559505822 9.14735276525604 3 13.6456577709257 16.9643888022289 15.1464656671655 13.5104514454138 18.3830135617257 15.3038357877692 18.2167335766285 20.4035159317326 16.7949895186426 19.5681298472788 17.8680711739694
TCGA-BH-A18K 9.59179837507752 3 7.02304058265154 14.5179499935859 17.3473312043816 15.4506236230073 14.4612723724914 19.4868399583003 17.0582482678579 16.8067375486157 20.3115151103338 16.6676751185299 20.4187169549742 18.6454568720112
TCGA-A2-A0SX 12.2495733677396 3 5.95333218042098 13.3758707178676 17.9381897723953 14.8923647372758 14.2368785614549 18.4012556506048 17.2905726473525 17.6310788932084 19.9008147633449 17.2803339663863 19.5974570022793 18.7741978200324
TCGA-A8-A07F 12.9382929697104 8.97062580811999 8.57787641492361 11.420643927811 16.39967242937 14.6452499867086 13.2968963678368 17.9017212696504 17.339843495262 17.4280365365327 19.9455996185383 16.9569689246471 19.4069228241509 18.0177455402763
TCGA-BH-A1F2 3 6.61371994301394 6.78435442723443 15.6585162913091 18.9707348869939 14.6831773220908 14.6103257136882 19.0974183654066 16.3986151706891 16.5478418265624 19.8629249421997 16.7182482646813 20.3131510629763 18.6406627659016
TCGA-E2-A1BC 3 3 3 15.1073037399009 15.3522804133845 11.9851024297912 15.1588748145509 16.6632368113693 17.191367395352 17.9477738967176 18.7358059312204 16.6323862850671 19.3895942921335 18.8701470032589
TCGA-LL-A440 11.0112763718528 11.6815037631177 10.177719032729 15.7997895472385 15.9407759749461 14.0110529490371 17.1551871768897 17.3623311246434 17.9220833786733 18.3678407344135 20.0993392377489 16.883238530965 19.5355865868943 18.6081324286998
TCGA-BH-A0W7 11.7809067908898 7.9934500915491 7.21232078801837 14.5645474727368 17.3077711997227 16.0460934123072 14.7379178365643 19.4994364771169 16.8869853704312 17.8341152237628 20.6061149499929 16.8399831381918 20.4998567943175 18.6490511881204
TCGA-A7-A3RF 7.29015876460447 3 9.49216428558641 12.2620841249549 16.0122960843039 14.0595989249448 13.726922246573 17.6909942070342 16.8901518564924 18.6193860629835 20.4919855208531 17.3870997050459 20.2460075174411 19.705456267987
TCGA-AN-A0FK 3 3 9.25294722329074 9.59260214642593 16.4970115868037 15.065904617035 14.2391240930062 18.9893087366586 17.114115837771 18.0908570890177 21.2666350013783 16.3581669743469 19.8217464025578 19.146596737019
TCGA-AC-A2FE 8.67270146167679 8.17633658431965 5.9375810539152 16.8317966111097 16.3614831167611 13.8132856960118 15.4632216747981 17.9918632081464 17.4431696989331 17.1693150394739 19.6722238065358 16.721972533075 19.6574578840958 18.7171637934951
TCGA-GM-A2DD 3 8.2406007572782 8.73606031774229 13.329761254326 18.047300051023 15.1234801353855 15.1029425337371 18.6821835824735 16.604933088678 18.6365141095851 20.0392473829975 17.0036808715338 20.0249188853083 19.0213653781771
TCGA-D8-A1XD 8.59229477742687 8.6674476507757 7.31315934431401 13.1974388410514 17.7330116116499 14.9076759076842 13.0889453593073 18.6808484649377 17.0789340495379 16.8207488768438 19.6755053232728 17.4378136284258 20.1783675326086 18.7033889522018
TCGA-AN-A0FZ 8.80022730562869 6.4085350625927 3 18.3443664890774 18.6149805793691 15.9659608767101 14.5712235883921 17.9887163142594 16.498437795359 17.9847298713145 21.0611615022346 16.5195513234246 20.4286982655945 18.6777122395046
TCGA-A2-A04P 7.88589819774202 11.7237327222567 10.9112014851465 13.3495078133334 18.4042836435512 16.5063067113497 14.9502091495095 19.3085006343791 16.4494692730265 17.6725204300769 20.9279175825861 17.0023102221387 20.7373771158043 20.1748965797898
TCGA-AN-A0XT 3 3 3 18.2030477801474 15.2429336226511 14.520272075432 15.6053836998032 17.8296262871414 17.6302148988197 15.5120135369104 20.1075507615821 16.6240476757475 19.4729065743151 18.163237390985
TCGA-A8-A0A1 3 3 8.49654550207765 14.3625861084882 16.8275904506489 15.1192202138726 14.3814403157876 18.6692147476354 16.5541990150701 17.896662846158 20.1020607783776 16.6644731089775 19.7144522774417 18.6017879185834
TCGA-A8-A084 3 3 3 14.9632268282164 17.2298716325564 15.3316260355285 12.1655494529956 19.3518780949259 15.1942665849289 17.5498469581751 20.4911374521129 17.2734749217731 19.5181410482376 18.8325494665976
TCGA-A8-A0AB 3 8.87632782934477 3 15.9398358138675 16.3871402212055 15.1238653745204 12.7309400188568 18.5751699876768 16.2025748121006 17.346816964042 20.0077790832464 16.7721534546734 19.5663854067551 18.5214598779134
TCGA-AR-A1AM 8.83012634042316 11.0387436386238 3 17.0111055985973 15.0820413325832 13.4800835374787 15.4627911081817 16.9386023654282 17.2210424298571 18.1578713464026 20.3486519501088 17.1586626801624 19.6880480388335 18.9413857107554
TCGA-BH-A0B4 3 9.32811696514805 3 14.9101192922867 18.3950687089078 14.4485015801209 15.4652639021821 18.7878468493032 17.0562238242008 16.8099363346972 20.5140525715426 16.9579442286263 20.1004255475949 18.6933138252582
TCGA-A8-A09I 3 3 3 16.7876718742695 19.0014206484095 16.3969581256383 13.3327871691209 19.9740781836245 14.6631480239497 16.3388102321506 21.5544159848921 16.9756741447608 20.4345575604121 18.3515608992865
TCGA-A7-A5ZW 7.62719933589921 9.39847896986603 7.87906761115638 14.2101267666076 15.4795712769 13.6226975659173 14.7359495640185 17.204621592361 17.3950638044923 17.6596441111121 19.9661642837392 16.7805516981451 19.5787688552147 18.0055841476576
TCGA-E9-A1R4 3 6.96778233518048 3 16.3117895670352 17.4207052948599 15.3477485621816 14.7350663561405 18.5805852633551 16.6485442673233 17.7547882404442 19.9793673208341 18.0016188015929 19.681063303007 19.0338882884907
TCGA-A8-A085 3 3 5.60967304355024 12.9032914250209 17.3372408138431 15.6664309048211 14.5503446402237 18.1180388075188 16.3592793101887 16.9740034907307 21.1358354806593 16.5895576932781 19.5069484171464 18.4900217954002
TCGA-B6-A0RN 3 7.10356985268239 3 13.397374059454 15.2222814697118 12.8156101706808 13.3135379574002 17.2539064548743 17.5377567098391 17.9609920055094 20.0313427873028 16.3235978962558 19.3943636115125 18.7124994335067
TCGA-AC-A2FG 8.79626224818925 11.0222515779531 7.51137055061507 15.2273662853512 15.2140930860669 13.4382564556591 15.3603142158864 16.7666730387691 16.7711484979799 17.8990733895314 19.9171389468596 16.7215154070501 19.3679905419735 18.3483552707362
TCGA-A8-A06O 3 3 3 14.6039834843006 17.8641751864443 16.121166727037 13.5829469253036 19.5929689317584 15.8580923570414 17.1311640736704 20.415577133989 16.4584399442819 19.8258459615586 18.5464091349022
TCGA-BH-A0BZ 8.68988097657868 3 3 15.8298001248673 19.4830896889054 15.9114920280405 14.1021287407883 19.384586636311 16.6657310458311 17.5307730463441 21.1752349166372 17.1906285337927 20.0176130946914 19.081488937557
TCGA-AO-A0J9 3 9.28467373727941 6.28514823397497 15.2349118324773 16.9179444004344 16.1953507745379 16.329286918479 18.9213140029232 17.3404946122161 17.8833608887315 19.9181377735324 16.9475808848848 20.4132918367943 19.329162714615
TCGA-D8-A27P 7.4409084051026 8.48224873411364 6.21403064174684 15.8767289047015 15.5752463578124 13.7050551256997 14.179723452261 17.622163976333 16.7908558959627 18.1404549059814 20.0967201399275 17.1283174951418 19.378657135512 18.7081010245376
TCGA-A8-A07J 3 3 3 14.3572246455007 15.8625078324753 13.3922229834359 14.8603844100328 17.154941043697 17.294493155894 18.5778054645452 20.0453432041355 16.748697758146 19.7520572105821 18.7737528212659
TCGA-A8-A07I 3 3 7.38673600238012 12.5385565283633 17.5837477592856 15.6767696853216 13.5099355054138 19.2960951954564 17.2354669564523 18.2792064778101 20.0649842039973 17.2782496407397 20.2595689971742 18.6184314684019
TCGA-A8-A08B 12.8295612876752 3 3 13.6948966502951 18.2056708690753 15.7796252999525 13.4211539201495 19.9139277204395 14.7261151213207 17.8242951514835 20.4319799073293 16.3587852060933 20.0907015945495 18.1960745507139
TCGA-E9-A247 7.05206567457477 8.48664109650691 3 11.9868225136854 17.8483035576266 16.3059924466417 14.7897498893102 18.8188210209933 17.0817164893432 16.5435547770566 20.7139176552719 16.8595516137027 19.9950222945403 18.5492193742193
TCGA-BH-A1FJ 17.2580338202108 3 5.77818659463708 11.2671002290282 17.7167580338708 16.5484474533275 14.0575885885942 19.2895924068598 15.8037058611036 17.3994215551081 20.3583796586721 16.8995413223334 19.3974726889436 18.199032962544
TCGA-A7-A4SD 3 3 3 11.378757816866 17.5205438002223 15.3761525064673 13.1188258600971 18.6793993980993 16.5194728178354 17.4208254793643 20.1064265678437 17.2963783329995 19.2936510008042 18.4069636826814
TCGA-A2-A0CU 8.37270650848098 6.92728861652813 3 17.416124835045 17.6526418003241 15.4171353756662 15.1759648972197 18.8617186471564 16.436097485439 15.8532095437418 20.4709110557151 16.9205370282725 20.3516370072889 19.2719690530332
TCGA-BH-A0B8 9.30120199513592 3 6.50725422214882 13.2447123788842 16.779566696078 15.7437015868796 14.1865156879181 18.4568794403544 15.8154245734092 17.1852583075447 20.3041786797954 16.6665852335225 20.0996136260495 18.7730148084547
TCGA-AR-A2LR 3 11.817487926977 13.3106426416731 14.845229573888 18.1392119396561 17.3459118976713 14.9163848111075 19.2956825735592 16.1475970619122 17.7333205065544 19.9334387431328 16.1541557573231 19.6016326946751 18.5855110243128
TCGA-BH-A0HI 3 3 7.63974357289312 16.254885785725 15.9552269168655 14.4156199686366 14.5709394345016 17.7141593913338 16.3436227357517 17.716699162963 20.5553057158269 16.3541211052149 19.538753770196 18.8631335391124
TCGA-AN-A0FW 8.12379016375304 7.63289967623104 12.5931862124326 13.8648135097901 17.9640202062173 15.6155651821274 14.5938791109235 19.3931387077481 15.9853478410068 18.1446388625259 20.8575162999369 16.2067522707835 18.9100557782533 18.2415842963729
TCGA-AC-A23C 8.9762767951112 8.0733767631902 3 14.4029750396895 16.0153586725575 14.7832456320758 14.5839571414894 18.3763781707064 16.5827851168983 18.1344225832798 20.2080525411933 16.1873711998298 19.7342886326372 18.5805550726037
TCGA-B6-A0RI 8.17998605579207 3 8.84162905924508 12.222079644315 17.544987104127 15.8180372141583 14.5325435878537 19.0746986387908 17.3320543006362 17.9330848695951 20.2942285983445 16.8247593113491 19.4385210342485 19.2941214089067
TCGA-E2-A152 9.06568059202353 3 7.21546353389658 15.1508002064486 17.2408339909282 15.6814492094181 13.3223370314729 18.9069442434739 17.1679450146874 18.1068111332636 20.3939070227824 16.7436134617325 20.8402954967238 18.1631784701035
TCGA-A2-A3XV 3 3 3 10.9436693259693 17.5041991069724 15.5124983477503 14.6858670626045 18.9790020922268 15.1344030707752 18.1263133473332 21.445273738146 16.9290909676644 19.8313289678284 17.9457838875637
TCGA-B6-A0RO 9.4294450603245 6.69809300807742 5.9650128004408 16.0390934285419 16.1307211457268 14.3870549037509 13.0936938065901 17.901522236146 16.0354123130892 17.9234145065059 20.7807440088799 16.3793655818355 20.6020575881852 18.4267468607882
TCGA-A8-A06T 3 3 3 11.5219551307063 16.5976407870392 14.7337995457145 16.8620890746826 18.5186275910961 15.8236322576645 17.1365979570386 20.037071877365 16.950186749495 19.6004435372118 18.3911490158986
TCGA-AO-A0JB 3 12.2299588846797 3 14.7194124820805 16.6369657294776 15.0712494523219 16.4265484125521 18.040861819924 16.567654920932 18.3004699767709 21.8851653318238 16.2186337375795 20.131111927416 19.2898574017866
TCGA-A2-A25D 7.4519583102961 7.92453192336851 9.08255336825632 18.1907483412617 17.2529821116209 15.1010619797796 16.2237622197303 18.5745707437547 16.5957195093637 16.9595372539549 20.2297184370391 16.362347438844 19.7927720615056 18.7164309301234
TCGA-A8-A07P 3 3 3 15.2237172993563 17.3327220521149 15.2522843002836 13.024581382403 18.7176878382909 15.675024221553 16.8122362071213 20.5348812900127 16.1269105320094 19.6900094694548 17.8823215961722
TCGA-A1-A0SK 7.17097466428431 7.63939369014913 9.48186526516687 11.5527247150687 18.7089768700827 16.2112685328729 13.1373518099151 19.7034213162759 16.2210567283106 17.5368098473279 20.3598249397737 17.2233939802164 20.0532863624938 18.9436324712837
TCGA-A7-A3J0 6.94198537670344 6.47283377500539 12.5008157786327 12.079627490312 16.632103990432 14.9288699407807 13.491209393565 18.0880822720346 18.3397984692049 18.0604700439881 20.6545763351267 16.7458385093143 20.3550032848524 19.2414615412812
TCGA-A2-A04N 3 3 3 14.6658892817715 15.6887551685954 14.354633029453 14.3223737704141 17.6164357233736 16.6983212057858 17.8389935378488 20.0838217051581 16.7188438210257 19.6078269764035 18.8766141808561
TCGA-A1-A0SE 7.24670163511272 10.2548103292891 3 17.3189177991943 17.2007618040085 15.4539170018963 14.5741523092101 18.8484013497886 16.6567767529485 17.725922734882 20.1824278673446 16.7464237931601 19.4130433864017 18.7151034469472
TCGA-A2-A3XW 20.4291852373682 10.0297921521207 7.67618812243232 14.7199669044811 16.4344720707048 14.4452893278884 16.0288558532153 17.3822634888987 16.5703874470604 18.4623738215927 21.1704857010875 17.0762335661119 19.8195974880231 18.8637002073889
TCGA-A2-A0CO 3 10.4799555079579 7.15510701075523 16.5587163499321 14.9051383953916 12.2122925670324 16.9085971908832 15.9399485888456 17.8057150444466 18.1031911007535 20.0094085416224 16.8315803446024 19.5013309431214 18.5994522806289
TCGA-BH-A8FY 8.99229252584443 3 3 13.6505278521769 16.4629982936003 16.4785462336557 15.6733361849316 19.2274728117976 15.6360612334628 18.4750275562735 20.7523710072123 16.5793968538995 19.6432570783371 18.7547559083592
TCGA-AC-A2FF 10.7786273745775 10.1584388636145 8.11246738153863 15.0264488638402 16.3627119770226 14.424270615227 16.2225373463061 17.9589089273435 17.9100099146784 17.6936997526978 19.7429449630547 17.0856454632367 19.9359945756977 18.6473235845015
TCGA-3C-AALK 17.3564409357393 7.08698167290865 3 15.3181423359837 16.3573494770351 14.6287222273253 15.4641077163105 18.4314624535104 17.1509393719642 17.8685095282557 20.740142558578 16.8551602409543 19.6420798576283 18.9396441345067
TCGA-A7-A0CJ 3 3 3 12.1078711720755 18.3019746162845 15.9898560676529 13.5830710103134 20.0377593791432 14.3488939496677 17.6965523051138 20.2259438451784 17.0979316879851 19.1103293673735 18.4413069843224
TCGA-A2-A0T5 7.41228668034194 9.43634626639519 3 15.4288952795079 16.3761990271256 15.0594729075702 14.1573087489416 18.5237435371219 16.6127036217438 18.4476879811711 20.3044045824204 16.0397413209295 19.5078463974915 19.0096727751452
TCGA-AR-A0TT 3 3 3 16.8860606440653 17.2541703472664 15.457674996338 14.3408007052429 17.9382979014624 17.2823163815933 17.4179511181865 20.1744675595065 17.7820232668913 20.0806439054742 18.5003368458138
TCGA-BH-A209 8.01707651177417 3 5.86193287415726 11.9104630859646 18.7126811537547 16.4273068442051 14.0860693925809 19.8516268080444 16.5619456539776 17.5793962806459 20.5274856984918 16.6264722234524 20.5596292172975 19.3171452347306
TCGA-AC-A8OR 3 3 3 10.7246895196215 15.8572870207695 13.6956925733489 14.1010120896972 17.8369052078781 16.1435188011326 18.3549061917566 20.6177324361888 16.6765177638291 19.3236410982347 18.5657065289514
TCGA-A2-A04U 3 3 10.7038987864051 11.5630139008954 18.178209426865 15.3058701610748 13.1285076916696 20.1545097289871 14.5559919150801 17.1934360879998 21.2592210427805 16.8719815093502 19.9396021075023 19.827983278268
TCGA-A2-A3KD 3 9.7110401611767 3 16.5194153899357 16.6174948690653 14.6291456457807 14.8055137857913 18.2686812273001 17.0775163500157 17.86763415426 20.7661725690851 16.5966645137276 19.3756154848279 18.5887301761792
TCGA-A2-A0ST 3 8.06021896468354 6.35010239779199 15.7962034547685 17.5420449461399 15.5446418806194 14.9173760760079 18.7340764124758 16.5823215325741 18.0615597504461 20.5690039088938 17.0434566282978 19.6205034673026 18.4974534346225
TCGA-BH-A1FU 7.61614210811789 8.66157114213224 7.86793539802678 13.7785960676907 17.1994641844196 14.6851199184851 15.1715753809791 17.9350846667995 17.4994344721183 18.3094854484969 20.1477227772463 17.3768343247115 20.5303003752314 17.8615510335425
TCGA-A7-A26H 3 7.32119642628206 5.67729351693726 15.6633293199231 16.4017888684445 14.2336909351779 14.0863350384451 17.9299085563963 16.3347038378067 17.5996463853105 19.8877443897789 16.745758587769 19.1718096318495 18.1273899731527
TCGA-AC-A2BK 3 3 3 13.7874911473655 18.1878222900189 15.4631744530186 11.848747912351 19.4086895712465 16.7621930499453 17.673693764334 20.5065426060145 17.5123894157142 19.7501056223959 18.7892868559902
TCGA-BH-A0B0 12.4625852672185 3 7.81992808397869 17.5209219829539 16.3198773236634 14.5003528448803 14.9947649132638 18.1783258158378 17.0530533969811 17.9065340794215 20.3422408842555 16.9831618667997 20.1910256525985 19.081139947774
TCGA-A7-A6VX 3 7.02032081178577 7.75292146177571 12.6075076698706 16.5358005891239 15.7506947100222 14.1853718982873 18.6904528682204 16.5906493957258 17.0593143127506 20.2415187639444 16.8555798979877 19.3819870946529 18.3118302833837
TCGA-AO-A03L 3 6.78818318109136 3 16.262484903128 18.7851442545964 16.8399526520624 15.3187309460054 19.8851008396077 16.151257958237 17.2344332811675 21.0300798738633 16.6634608747775 20.0137001118288 18.4716730517647
TCGA-A8-A07S 3 3 3 12.0596312625916 16.8725871187986 15.4181951410994 14.0369367195522 18.7708945343429 15.7358211503099 18.2665166083451 20.5063229838505 16.9704877535216 19.3732298590557 19.0871858004711
TCGA-C8-A3M8 6.96218212651323 6.49249404509881 6.66187309868866 17.4882291445095 17.7788875948639 15.6042886929839 15.8466335745783 18.5446530626143 16.7958655504453 16.574634891821 21.5690866832615 16.4822976785309 19.6655751534412 18.715222609093
TCGA-A7-A0DA 3 8.31208611376597 9.5907102247174 12.246248479994 17.7957313030516 14.3674969582154 13.7794171663259 17.945994649285 17.1758711495226 17.4141747543152 19.9196066964187 17.1174108733908 18.7341291009142 18.3249904214543
TCGA-A2-A3XU 9.61685362788645 11.6210490744328 11.0913521398296 11.0677691301073 17.0186690130993 16.9491265272523 12.3363065482207 20.5321501483915 13.6699494183076 18.9013365708222 20.9294070634553 17.3368056051174 19.427986931926 18.3889761855849
TCGA-AN-A0FY 6.92875850641022 3 9.33275696960895 14.1338381780786 20.6462909144692 16.7224034694134 13.5272185354421 19.2564019049057 16.5372503871757 17.5145396728599 21.0670446482484 16.926769446553 19.9526454146734 19.0525032756184
TCGA-4H-AAAK 3 9.65866026542894 3 13.2639896707476 16.2386813376954 14.4320820739842 14.6661735627171 18.091427546235 17.331270181445 17.4651711979849 20.1078226900963 17.0265287192982 19.6201995781235 19.6025632394092
TCGA-A2-A0YM 3 3 5.91120017949335 11.4025996729037 18.4289190562878 15.7181842837675 14.6003149003979 19.6196683492057 16.1455970692584 17.9959672576389 20.0333646614498 17.2066947489749 19.8327229679672 18.309056419166
TCGA-C8-A1HI 9.3977811430502 9.6239757724239 5.71127258884684 14.4706188939577 16.9888038330447 15.4264943027059 13.8694089116674 18.5754360976716 16.6134422416719 18.2193660518311 20.4892156299086 16.186761290173 20.3356880968228 18.5379728425676
TCGA-AC-A3HN 6.91313891046172 9.90285732371986 8.52240219400971 16.9582075179227 16.2392631064722 14.938980172738 16.089841607096 18.0286614362093 17.4624278000988 17.5869666578866 20.6334669516695 17.1287824686614 19.6492003248829 18.6887563104982
TCGA-E9-A54X 3 3 14.2203831931927 9.66712996982938 16.9270623362745 15.215858828404 12.1367728778699 19.2850365693512 16.3103007852408 18.4890598714919 20.7297892905343 16.5305070480261 20.3107196618472 18.924078850979
TCGA-BH-A0H7 3 7.73319340463979 3 14.947493392986 18.1669116794469 16.2823049872169 13.5253176159283 19.0599075346149 16.3422142641435 17.6056866394156 20.664634197739 16.8878198057341 20.0722235655976 18.1195534278809
TCGA-A2-A4S2 3 8.2658793485548 3 17.1849362644436 15.8394819058855 14.188904713799 15.1811707490554 18.155925958206 15.5490187809804 17.6800994899741 19.5645774782454 16.6386600097478 20.0035346213921 18.776701988132
TCGA-OL-A66L 9.36921401792895 3 9.7784422203266 15.4751772682939 14.9611657350132 13.3194968607563 16.4998132311591 17.1172018732863 16.6097156453673 17.9738665569014 21.0776488053645 16.2350106116984 19.5721846076555 18.2846578928373
TCGA-AC-A6IV 12.6987723742213 7.75149998941145 6.06534793804666 16.3045497549742 16.4370007256313 14.9001921812107 17.121802191591 17.8943635618732 17.953148021284 17.4197690001413 19.950202811297 17.0175217855713 19.9325192952953 18.4937394071439
TCGA-D8-A1JH 11.6029819889138 8.27088410929109 6.54694233530777 13.844821924536 15.7058544900818 13.8214954140761 15.48451055909 17.5513924017677 17.8369882566778 17.7870997683636 19.7924543136075 16.8172364214282 19.7966035519506 18.6492695715635
TCGA-E2-A1IF 3 8.60733375795426 7.25496205314925 15.7922739936691 16.4462914060259 15.3056705528535 15.3279918721657 18.3433659934243 16.5886686184257 18.5191919531738 20.6992737226714 16.5813872944075 19.6343663944682 19.1169175647234
TCGA-BH-A1F8 8.5568215220726 9.03968159009222 3 11.2578064719229 18.2569647925314 16.2296709264479 13.7132628296944 19.430744719676 16.2295195414231 16.358347785739 19.3485708165281 17.7699996514264 19.5572476919048 18.3358773997673
TCGA-B6-A0IE 3 3 3 14.5761682994874 19.6656745299107 15.2733963306127 14.3319938482096 18.5942452225985 16.2508848243535 18.0387692649551 21.0654626704646 16.9303651755685 20.1469702177997 18.6328824946401
TCGA-A8-A09K 3 3 8.53326315845019 17.5507456263652 16.9198184748244 14.8557543621741 13.2602398270808 17.5678567066398 14.516849361839 17.0052355344186 19.5704326165105 17.1993691650766 19.6594104235271 18.2825038483205
TCGA-A8-A08S 3 7.65906792778124 3 17.5641954104141 17.6291629697323 15.8573312058612 13.1706374392669 19.096024288836 15.9320430539539 16.1915356902639 20.1618725533339 16.2120521821962 20.4062205870076 18.4209133185878
TCGA-A8-A08G 8.51049708924338 8.419385122108 9.28915975175291 14.6224519915972 17.7160833916445 16.1177962124495 13.5775630967927 18.8544476703785 16.9768403863758 17.8895963008294 21.6360518169264 16.9016937103827 19.8557348728105 18.8919185392189
TCGA-A2-A3XS 8.18600719197712 10.7318272300155 3 12.9224862772366 18.2382862154364 14.9151009179167 15.3155047021477 18.408788023441 17.6107974051019 18.1648552785421 20.3683046122066 16.8752109678348 19.4910494695462 18.7357643153801
TCGA-A2-A0CQ 3 3 3 12.3883991546771 16.4762947171503 15.2112205552287 15.3173628463228 18.5229217370739 15.0414602509905 18.493070222068 20.7051722387003 16.7548386623161 19.7447030991869 19.8752047888265
TCGA-C8-A12Q 7.10677842215843 9.98313431758483 7.75170368011323 13.4774248278056 17.8228271264006 14.8205152208752 14.7648957765021 17.7865450139963 16.8949488058537 17.6407594087688 22.151736900762 17.3184253461852 19.6331822539451 18.8442846308623
TCGA-A8-A07Z 3 3 8.54509430571318 10.5913492146572 17.9036808541718 16.4039992250152 14.1812916266445 19.3431326286676 16.6656591695135 18.1724493990951 20.6630464752862 17.0980495267872 19.5880022413841 19.2559117057841
TCGA-BH-A18U 8.30691705571171 7.81396687235497 7.0372811749747 16.7060189762662 18.9599040258444 17.4266063022919 13.4060268142682 20.1962856212209 15.3966477967695 16.9527353892286 20.4825047829478 16.9581996995034 19.9396391643788 18.651429975899
TCGA-BH-A0C3 8.53957341846672 3 9.01468057218772 15.7262263803338 17.1835335425789 14.9477833864087 16.3896425476515 18.3279949848316 17.5814672684648 17.7673192189355 19.5733597099665 16.8795510319952 19.6279914465301 18.5538133950554
TCGA-AC-A2BM 3 3 10.8720141379477 11.7334896162321 17.0984992764723 15.3313022913126 13.6658813005459 18.7307287785482 16.1201502856882 16.9410232924979 20.3307488478447 17.4264206695029 19.3891650560525 17.8571107340967
TCGA-EW-A1IY 7.9366359652943 11.5542487219572 6.6823548236408 12.2699558513367 17.3240847304139 15.5533558847875 14.5429938655087 19.3199756489817 16.6365323686109 17.3991670849861 19.2840142779913 16.1085635513954 20.7489654661964 18.579080755411
TCGA-A8-A07G 10.3652423341324 6.78678944753243 6.04894598244961 13.8253626653019 16.6554391177211 14.4611928555965 13.3761348755891 18.2498977932898 17.0367788929365 17.2998407500886 20.3508366483692 16.6127089003723 19.3916316238708 18.5883696323109
TCGA-A8-A09B 3 3 6.06982192633896 16.5509412681164 15.8166018384071 14.7743212065504 14.6257855730938 18.5008408570992 16.9705835300112 17.634890869724 19.7307671035 16.6977323480526 19.2104732361304 18.9444351903872
TCGA-BH-A1ET 6.64858005983019 8.37749241450615 3 13.3973889665302 14.7705255431993 13.117293740824 15.0557336991464 16.9396724305263 17.0004699572056 18.2119069767119 20.0014936643947 16.4205950243487 19.439643784135 18.7003921126324
TCGA-A8-A08L 11.3663608653862 9.54730257395983 3 15.0694375954468 18.3987705658112 16.5382691900446 13.812379564713 18.8244570742636 17.2221136442533 18.2700131945836 20.8061502896006 16.0885719218511 20.3940764536629 19.2210474978362
TCGA-AR-A24P 3 8.47060368676185 5.83965396915967 12.9081907485249 17.0902033578432 15.1983773036187 14.2146104271138 18.6732598570722 16.5312072499413 17.7927167903654 19.8035403216002 16.8070873491564 19.6303726017925 18.6480934274131
TCGA-AR-A2LH 7.89064900526764 10.7988405493683 3 14.9638794441861 16.8266215910531 15.2544396146866 15.8562988608578 19.1074056661657 17.4127379482037 18.5485084116656 20.3395007997243 17.3607295688998 19.7435244244411 18.2931887433694
TCGA-A1-A0SP 7.38076708898191 3 14.9811271890961 11.7014213008694 18.1593000197951 16.0235332722348 13.8034119042259 19.6271926307371 15.5931766903273 18.5573926543313 20.5925408503386 16.2986809705437 19.6543376331873 18.3394325858607
TCGA-AO-A0JL 3 11.4673972131934 3 12.1242206831965 18.4595906901501 16.0225255727746 14.9309048595462 19.7175780016585 15.9302989330123 18.040875047039 19.6898233144209 18.1330424294515 20.7454306262886 19.2601798357671
TCGA-AR-A2LE 3 3 10.4909742543537 13.6679786443997 15.9604478301268 13.7220404333638 15.0886055942968 17.4394394671005 16.1029437347909 17.2792587851581 19.793424595713 16.5707039447439 19.5101927904267 18.0440676200539
TCGA-E2-A1IU 3 7.99842595240755 6.29273454905708 15.9795037740648 15.3921768795704 15.0307731649709 14.8561803811981 17.8678123262438 16.7817260158317 18.3509994607761 21.7648463418621 16.5377428277117 18.3727238983474 18.489392614806
TCGA-BH-A18H 3 7.3967910774036 6.63276711151673 13.7586488965884 16.1483270992023 15.0191758659754 15.0001914075873 17.8843752234585 17.0140825413393 17.8601065462364 20.7837892009998 16.6353634041275 19.8881050750663 18.4597888385948
TCGA-BH-A18P 3 6.93392655005615 3 15.6036295625849 17.4370550863554 15.9408153529795 15.3247662450523 19.3528732846214 17.144233875993 17.9736748885752 19.2533270196088 16.6755527038691 19.7946564518926 18.2961370926653
TCGA-BH-A0BP 9.39213389617048 7.35396472092852 8.09433375565996 16.6061448525896 16.5610467045312 14.0352755373329 15.2201593114798 17.0090639428642 17.1819877335175 17.2830012576866 19.979376047419 16.7896663740804 19.7787284901969 18.9903893520834
TCGA-A8-A06Z 3 6.4194014753658 3 17.8843066266533 17.6451229359819 16.0197658983387 13.335690649472 19.3025715786705 15.391970772696 18.9043465108152 19.9059426384635 17.0113553646065 19.2943842068695 18.5163287480956
TCGA-A8-A07L 7.33011303873929 3 3 16.1009246120191 19.1882388290932 16.4425520820352 13.6774733930653 20.2413370031291 16.7654298868813 15.9992182553515 20.2527593622494 17.1800497263382 21.0021074891175 17.2915552259595
TCGA-B6-A0IH 7.81369678254716 9.27199388506352 10.6153838280283 15.7683038083314 14.6440815036691 10.996868980775 16.1297601608944 16.5805795667535 17.5643851169754 16.5926659508657 19.836331650288 17.1227974437993 19.1401622600496 18.7727795339604
TCGA-A8-A09D 9.04557447916945 3 6.2727904553574 18.1698399472557 20.5267317243683 15.690936250962 14.52472476634 19.2709442671737 17.6303017643318 17.8091051680355 20.4096231374208 17.1463173867414 20.3034119129719 19.0675637956271
TCGA-GM-A2D9 9.32894740778711 3 7.07570841688076 15.259424472703 16.052235401382 14.1657540927699 15.6753717307672 17.6153710880184 16.1012573777297 18.101702915306 19.7590610523907 16.65831395408 19.7609822182023 19.2255430197386
TCGA-AO-A03V 12.6565413855243 6.9571049503925 7.13076843759541 14.4355189037536 16.684586410509 14.9686906928397 14.4648705002082 18.2847439463863 17.5606946998271 17.9071239423981 20.1779456766468 18.6118114862058 19.9312117048648 19.2296795475312
TCGA-A2-A0SU 8.63524561013255 8.71044394800185 3 14.031292032614 16.4089758456322 15.2396899380736 14.8771148831478 18.3634254298122 17.3213049778271 17.9843382612467 20.6414694967183 17.1164830976211 20.5506317480151 18.8751136454294
TCGA-BH-A0BQ 3 7.28837055567229 3 14.1817670747039 15.6664962120219 14.1864244984112 14.7196346487251 17.6180569629355 16.8435819292999 18.3332526034591 20.3324687571006 16.5792632081444 19.4234406938352 18.8432084198361
TCGA-A2-A1FW 3 8.51992978946502 7.72849230407397 15.6297860025323 18.2906841932438 16.0863652179862 13.9061786844607 19.1078972698255 16.7942206847142 16.8069210574166 20.8359326356544 19.1847100882064 20.614889202165 18.1277866736147
TCGA-A2-A3XZ 9.20880866068623 6.7892295037279 3 17.4919640862008 17.5621447695391 14.834350063229 14.9765646706504 18.7252431838967 16.4039325973181 17.843873753046 20.8194092125037 16.9736204918285 20.0555942999947 17.9264836764342
TCGA-A2-A0EM 3 6.89600434830028 3 15.7523141972045 16.2255254068345 14.1490400929688 14.3487738423748 17.80941061215 17.6738243605394 18.0821804893341 20.2984579016098 16.7476826696991 19.8742682156724 18.6887241583907
TCGA-LL-A5YO 12.1526045144346 7.46092261396577 9.40326045529017 12.7614419630635 18.5694901257478 16.2544305301194 15.0614818005683 19.2102972848923 16.3897276440579 18.8578718192057 20.6733226037926 17.2028726154612 20.540422502509 18.1059803856122
TCGA-A7-A0CH 3 3 3 11.399464881212 15.9322924881816 14.3494024209763 15.1865077757125 17.8561826144241 16.4513664911948 17.9797515474474 19.9389231369308 16.6600669516724 19.2586590851079 18.5462676285769
TCGA-3C-AALJ 3 8.22579334305592 7.43965831289219 15.3754285140735 18.2078443125284 15.7745947442916 14.9298411112711 19.6622687009981 16.675580348529 18.4071943526719 20.5744215795583 17.7978624292416 20.0366804942107 19.548062921584
TCGA-A2-A0ET 3 3 3 12.0692160127418 16.7871516147969 14.6634528224737 13.8441127748786 18.5863683569418 14.3725437500826 17.2748407374566 19.2513794323559 17.0055581277434 19.9930521425098 18.7606986937632
TCGA-A8-A076 7.09069894854058 3 7.33817042997234 16.1737800617837 18.4246896956025 15.4033758724177 13.5019623421233 18.5171748800325 16.1682486819877 17.0879906591581 20.3903236723824 16.7226504290923 20.2021792230041 18.4000940369107
TCGA-B6-A0IK 3 7.59111953970427 3 16.4528749877467 18.009674831396 16.3836051883123 13.7221854985626 19.918052491607 15.9922613828412 18.4379911963262 20.0561765895556 16.5236106479449 20.7882872464228 18.5466372986948
TCGA-BH-A0BL 14.1660941586612 8.08562046987432 7.30241055440751 14.5984411765805 16.9361008323441 15.6303960361181 14.5836156727215 18.9196119820521 17.1045079482519 17.4806139080906 19.8112004153772 17.0524905879215 19.9215523836387 18.3171431896629
TCGA-A2-A0D3 3 7.71822614478034 7.89649832713883 12.1214440951646 15.3966973794689 11.9881626882158 13.5097730778751 17.0408325294765 16.6886309868366 18.3836892952197 19.9612495241687 16.3586030184639 19.3638452632066 19.0094203112691
TCGA-A2-A4S1 8.64677332512175 3 10.3034674861633 11.8528446384422 16.5295196884183 14.0445132777348 15.4279450532717 17.8680386713718 16.5341711208647 17.3899454166951 20.7998203341256 16.6025460297625 20.1921778777163 19.0648845786001
TCGA-AC-A3TM 8.71489722994651 3 3 16.1498246436472 16.8793664489507 16.1962886649458 15.3412120392849 19.0756950023955 15.9131641451277 18.5474781090759 21.5557993705711 16.3556102125703 19.4946497419033 19.034641768399
TCGA-AN-A0XP 3 3 3 14.7723344173739 16.3919399526436 14.0470800629358 14.7073908161139 17.7042582820081 15.4154110823679 17.0871577579741 20.181388731801 16.2821385186976 19.2574396912798 18.7117042142658
TCGA-A7-A4SB 3 8.4677077234787 3 14.1859154226133 17.0820458160916 15.458398224234 16.6074162692007 17.551016909774 16.8927160435733 17.835635425834 20.1606946631495 17.9880349121241 19.2469225797477 18.6104723548317
TCGA-BH-A28O 8.86683475768248 12.3358724175811 6.11101585805525 17.4581127933288 14.3084910732887 12.5475054335263 16.5388576546459 16.3141062680322 17.3967442627248 17.3901315530384 19.6669539540234 17.1594140947602 19.3044833439384 18.4039388681495
TCGA-E9-A22B 7.19798138574536 3 6.89421697823782 14.3953655426799 17.475898769428 14.9272140656912 14.0162021141454 19.0446535065425 16.0895345395112 16.5388682814834 20.3001073179412 17.8190664607294 19.9914983357699 18.2810781443063
TCGA-A8-A0A6 10.8472576292401 10.3416406286648 6.63837036909842 14.6990520117646 16.0941487191709 13.4175555356165 14.4653348489654 17.7268741209844 16.6397471816348 17.8994420837813 19.5928189152421 16.6707142386512 19.8874663922401 18.7703427747862
TCGA-AR-A1AU 3 7.87091426056374 3 14.4684426916324 17.0879868361939 14.8383725010363 15.5192220638907 17.7575991070733 17.0193941187051 17.9529484435224 20.4495655829365 16.8725607949381 19.7353231576959 18.9120360507949
TCGA-C8-A8HP 11.8707615615831 7.6122853026857 3 17.6281860936993 17.8944836986132 15.7605957719867 15.2694217097974 19.5555461366897 16.7309109893529 18.530515216442 20.2875711554591 18.3678274764297 19.8301089985587 18.8453090829904
TCGA-A8-A075 8.93403784578841 3 6.17161631424199 12.25058438895 18.3233455295496 15.6602883176206 13.6695985234868 19.5398684523061 15.8291064855774 17.2423212778481 20.6777975394295 17.2048035951289 20.5239278550913 18.8601126845346
TCGA-A2-A0D0 3 3 3 11.1271128514312 20.0726563012325 17.4337635650056 12.227793951771 20.178781458924 16.0297195541965 18.9763574093638 20.7345362513759 16.1977110330221 19.5404693521221 18.9211739015191
TCGA-BH-A0DS 3 8.82485556253028 6.52975015434274 16.2123182588395 15.6489587279042 13.4557489319846 14.9797812320271 17.7489671136621 16.6224638778492 17.5821879739251 20.4079288342068 16.8373427488468 20.4661579083662 18.637428079244
TCGA-A2-A04Y 8.09515362232985 6.66272216781493 7.78233868513822 17.5552075908972 17.8374387925321 15.6973184656397 14.9456692299894 19.515543902121 16.1241201928635 17.7250266788 20.2624133480648 17.2570952195334 20.9489083862963 19.4199327520911
TCGA-A7-A26G 6.92519989710322 6.45649975840074 8.98595791306592 12.6729500623821 17.742377897552 15.0034799705089 14.2199941196227 18.2773059356472 16.8815527442061 17.5224006551053 20.0264542264102 17.1967454381833 19.7432837737953 18.8983840224909
TCGA-AC-A23H 3 6.6345845768005 3 16.4284048176554 18.2991018626794 16.0992319814086 12.7554061600176 19.0414247784489 15.7387513991471 17.2348621372654 21.6860616259878 16.5392745261876 19.9535550495046 18.8343597745789
TCGA-AR-A5QQ 10.1481186154155 10.1254472345251 8.52429481526872 11.8990397501085 18.7791862453052 16.0793193113083 14.2266515081432 20.848054027008 16.4461292436841 18.8667346045427 21.2709362742046 16.427240190506 20.2822420415484 18.3388973752329
TCGA-BH-A0E0 9.75932944687037 3 3 11.5894177234011 19.1271219158237 16.467677246246 13.741821774187 20.2227471773311 16.2451217451531 16.3503576409548 21.0613069570746 18.6697560277567 19.7755759970514 18.5514031287478
TCGA-E2-A1IN 3 8.39055971469514 3 12.2637329648113 17.3403026425871 15.2772707624496 13.6247032946721 18.5741780527825 16.8061318236235 17.3000835920195 19.9081429093172 16.4596268222392 20.1718082823362 18.4908613245553
TCGA-E2-A1IO 8.88228932779408 7.81652704106284 3 17.7105750959821 16.6650255774785 13.7384662465562 14.6705893989562 16.9231254490109 17.1563752654934 17.136787050263 19.8383999315658 17.0588263084898 19.8032775763391 18.579654851447
TCGA-BH-A0C1 7.26521643011196 7.73512135921112 7.91347064207214 16.0173119895628 16.657066821121 15.3170508141721 14.7928508400148 18.8805773942207 17.145864050259 17.4876971924942 19.8401420063637 16.7146502738385 19.8070878796374 18.7381890060536
TCGA-E2-A106 16.186792999055 3 11.6033111833081 13.8761627835371 18.056427364732 14.7905614709889 14.3795979561294 17.8508509371408 17.206199539092 18.3188290112284 20.6694089278946 17.0572055440361 20.3763046197522 19.0042833874599
TCGA-AR-A5QN 10.3631044646541 6.64437517003404 8.90324005845096 15.0662117600055 16.0363123153634 14.7597355782483 15.6575347362528 17.4541496581061 17.4260214303999 17.3038458928335 20.0361875707618 16.8643341623417 19.7434540399313 17.9921363420443
TCGA-AR-A254 12.4824720708034 6.54666769633999 5.82238636937704 17.4565172125178 18.6072196270499 15.6043036133476 13.6825840575221 19.5568998261959 16.9515436852196 16.7298718076225 19.859139214658 17.7702273066454 20.1353350618529 18.9482454641351
TCGA-B6-A0RU 3 11.0554434794682 11.3836058328826 14.2210540094514 18.7666792544871 16.5607259811568 14.2164266595313 20.0561338254139 16.4233602420721 18.0194343688904 20.0896664030731 16.405917444451 20.241469266117 19.114691873718
TCGA-A2-A3XY 7.86855800333375 9.13803482260192 5.73053103857549 15.1822896749195 17.609412066515 14.9830848346228 15.7248865350436 18.7193613721891 17.0235191653541 18.1460378688545 20.5445534327645 16.8705806577271 19.6354032433266 18.4636107199039
TCGA-BH-A0AV 12.0755069642065 3 9.08283626380971 13.3243510528699 17.110714178614 15.9123885183108 14.4861607031876 19.0806941644019 18.2785632432781 17.4994708279953 20.3540738978984 16.4723933944107 19.727492429655 18.3591374240733
TCGA-A1-A0SG 7.38518657481187 3 6.16198002456202 15.1403183652119 16.3206194083359 13.9711697850866 14.2932481770371 17.8635939316431 16.9565982083514 18.0112678243327 20.2681477142761 16.9132923443911 19.9808534076584 18.9032900192521
TCGA-AC-A5EH 3 8.0596053077009 7.83691028527915 12.6397327898832 18.13987967218 15.2931371345528 12.955364026316 19.3026158070679 16.9862938213261 18.1213592531182 20.8888867810363 17.4411621770214 20.058550892735 18.6568134350044
TCGA-C8-A138 9.75726010348341 3 8.04967275654147 13.6548632187518 18.6254352474068 16.4331702145687 15.1839853269944 19.2362950617183 16.623636216508 17.8305310154083 22.0102261299534 17.4714255945152 21.1474131527813 18.8957795961918
TCGA-AR-A251 11.5971219644447 5.96144162034221 6.12386933329847 13.3119882930687 19.5768988622484 16.8149489750964 14.6074641784659 18.5004085498924 17.972490683953 17.6084977020746 19.4192412936541 17.2908777940053 19.533552538589 18.30163428977
TCGA-A2-A0EX 7.6796701038783 8.15505809046758 7.3703643772991 13.6024461697201 15.6466604945772 13.2905536107919 14.1298212009478 17.50531066212 17.4917577302294 18.3031475889174 20.3537243038562 16.4193310646631 19.4412612323598 18.4984498858179
TCGA-AC-A62X 15.2136916493012 8.68184665851801 3 11.438566490471 17.6021338972036 15.2879248962583 13.8289250260625 19.2748385116166 15.291866477601 18.0568166074087 20.2132892405069 18.0200720789799 18.9314813825884 18.2048571313396
TCGA-GM-A2DI 8.49737232114974 8.00253748342401 7.22119722495073 16.5206914879068 16.301903079586 13.9434827336538 15.1233930912636 17.7373254365092 17.807272487024 18.3754123304615 20.0190592423171 16.4073080853295 19.6360417389649 18.8732939961642
TCGA-D8-A1J9 3 3 6.60072851447738 11.7390252684557 16.9972050322813 15.1798078740229 13.3220427434059 18.7829904762203 16.7698305153852 17.8890856643927 20.4992464384966 16.6600549628896 20.4516911466312 18.1603202835523
TCGA-A2-A0EU 10.2186005253976 3 3 12.7538774918432 17.297381484721 15.3639968413138 13.6481915754621 18.9622644604966 16.8820891134521 16.7685472251328 20.1198959015374 16.4652425472369 20.0439340695243 18.8185680954989
TCGA-BH-AB28 3 8.5670801868751 3 14.1290713867298 16.2521397630364 14.69729706855 15.2981017597013 17.8988905211416 16.6904087022389 17.4536974751332 20.8316359569745 16.5551828346119 18.9431310024372 18.2641430413506
TCGA-AN-A0AS 3 3 10.0478082724323 11.2907321708757 17.0257068941415 14.6448889337665 12.9126704161931 18.4103042617112 17.2379350220868 17.333245858307 20.4423674510331 17.3436711787665 20.3276557295021 18.225790166728
TCGA-A1-A0SI 16.703157280371 8.8382526759305 3 13.1530131884487 17.7942113104101 14.683287187359 13.9369902916981 19.316280538335 16.2054816701 17.6186492332068 20.4832685861781 17.0475825735333 19.5240268546379 18.7828656067229
TCGA-BH-A0B9 3 8.45389114691742 6.42458184117874 11.1410634013451 18.0418196137066 17.0846845127719 12.6880225516232 19.6082064269511 15.6210981616834 17.3532416110176 20.8647791792388 17.7843673411865 18.8626097968784 18.9622192345062
TCGA-A7-A5ZV 3 9.29605815351497 7.92576063938231 15.1145267654375 18.3687366708374 15.9699633599103 11.8703701885818 18.4188689397758 15.2836157278231 18.1718361154731 20.8913249175294 16.7211605093148 19.4728765630171 19.2135416085414
TCGA-BH-A0HP 7.20182132351541 9.94662479489904 7.84878815092787 17.629163477375 16.7907995541493 15.4315946412426 15.0109605680902 18.4839686704567 16.9578421081167 17.8685266878868 20.1310204316153 17.278398382694 20.1194547708043 18.6665645839455
TCGA-B6-A408 7.26414791458511 6.78725385244074 6.04938616998687 12.8535952846811 16.0366756953492 14.6396322811741 15.0749752169151 17.9226608886611 16.972619221156 18.356157523803 20.3882806200248 16.7024847009152 19.8646638852467 18.6274198309411
TCGA-A7-A3IY 3 8.77203964465349 7.02193277859607 12.2291767960414 16.2251899376064 14.535549338343 14.0336430680959 18.2095182078078 17.294829277754 18.3737560695032 20.5914296185004 16.4425088268238 19.8181699986166 18.1660095593882
TCGA-E2-A570 3 3 3 12.4386887499854 16.8186231254913 14.7614649316386 15.0978891114372 18.5223535087234 17.3914256524332 17.512143039546 20.3804497868239 16.5506063836951 19.9159990181817 18.7316174811066
TCGA-A1-A0SD 3 9.84304067746543 3 16.8603176871471 16.9861450138806 14.9585592826645 15.4912953816878 18.0062691800159 17.362245478058 16.6249649112952 20.3768420026945 17.3527629879181 20.0480807242015 18.1516235209445
TCGA-S3-AA14 12.1138342272864 9.76826659083387 3 13.9396068472887 16.4510445108243 15.193725118577 15.4601495676086 18.3669482965448 17.0421760387558 18.3336815260333 20.0403530911809 17.1508032301348 19.5046426419408 18.7237543434997
TCGA-A2-A4RX 8.12153111839779 11.0361599994662 8.37622404557915 14.2052127407655 16.8533000194016 15.5254108569137 15.3085925790544 18.8850559233377 17.5512284681154 18.3404713899756 20.0010393355063 16.4393228922874 20.2002525397589 18.5886399883997
TCGA-Z7-A8R6 3 3 6.16222299052185 14.0976033541476 18.3236377023141 17.5083810269267 14.6160100910759 20.2579804988895 15.2485275855487 17.6035385432153 21.5293449500551 16.1905395199622 19.9627608559801 19.2407676279139
TCGA-A2-A0EW 7.29975869032364 11.0437271078515 7.5491416781825 17.4544245594909 15.2490641656395 13.4850825006259 15.8550866530099 16.9227317592789 17.6191379804435 17.5007498591769 19.906378608392 17.0408610012292 19.7239598431876 18.5697037199405
TCGA-C8-A12W 7.65949027939675 3 6.41942887489189 15.1820645544162 19.4849808183133 15.9570161429095 13.5218471963667 18.587881271165 16.4278466531135 17.2988038755539 21.5835817618741 16.5048264532051 20.0014639761985 18.1851986215511
TCGA-A2-A0CV 9.55653251117835 11.5392464333276 7.29326732714081 13.9544572798135 15.3275844001722 11.1296670532905 15.0358494175314 17.2065411413899 17.1764699480246 18.2299472544932 20.0385004039809 16.6480599870953 19.7889290244044 18.8271376818679
TCGA-A8-A09E 7.50492883891307 7.02325749027783 3 12.4274370508551 17.8252479377231 15.8760845163573 13.8153141423983 19.4596234378801 16.0425111791113 17.8679616471843 18.9892953141395 16.0158165248149 19.5025833571054 18.987161446926
TCGA-AR-A24N 3 6.60326926768578 5.87559680649486 11.0956866221452 16.7054325540768 15.6326627448948 14.2562886967543 18.884480371622 15.9904361570363 17.6890577780592 20.0908850725994 16.4765514794511 19.5017463593497 18.6162660684403
TCGA-BH-A0HA 8.68482939012629 3 8.68340478252751 12.6314434978529 16.3304487131975 14.7363422843229 14.8714480787499 17.8946745104044 16.4748166179366 18.3216648806482 20.7213446210097 16.6818080450138 20.0826477970792 19.0823135188457
TCGA-A2-A0YC 7.04864721507467 3 3 13.3617796467665 16.3615580242786 14.9258062330638 14.5678462985169 18.1026621207881 16.1228123276003 18.1616857996283 20.3671045220146 16.7071072316855 19.5225786580524 18.8210129504736
TCGA-OL-A5RZ 3 7.46741252160899 8.61529198895604 15.1283554103948 19.3020844551012 15.6414103068849 14.199541014959 18.9166015140162 16.5200105921469 18.53286270443 21.0996372830702 17.6299032108141 20.5855341293547 18.9802273021936
TCGA-A2-A0CR 9.62016189384708 7.17908563645129 7.35435400817088 14.9493286256879 15.531924152635 15.1634087773199 16.3613990793739 17.7010773467253 16.6458447132899 18.66742030554 21.5625547994458 16.4093246994105 20.0002674563017 19.0469995268915
TCGA-OL-A5RX 8.50690521450239 10.8795932405094 6.30530503115433 14.9486278980273 14.3674525810871 12.8760315431481 15.7999758720524 16.6644139137974 17.1148844201405 18.2015950611082 20.1236407330477 16.7455365509312 19.1065283704169 18.6643530440923
TCGA-AC-A3TN 3 3 8.09826138353595 17.8425472262489 15.2210110279795 13.4676461845423 14.627925291443 17.2873561506504 15.3530508901094 18.1984354406254 21.078425976192 16.8035792883276 19.0269574592705 18.5945363981481
TCGA-AQ-A04H 3 3 5.92726892519131 14.9202703132965 18.040780103295 16.2000406133573 14.9513723455779 18.8532581460422 17.3069127500062 16.1617490818369 21.4446840272087 16.9359635706426 20.284387381399 18.8387804616917
TCGA-AC-A6IX 12.1449283442672 7.82785008318317 6.13532466082495 16.3276020254839 16.5642024426488 14.3220615882642 16.3360520147757 17.8846398730275 17.1449804191264 16.7314229440894 20.1936460293516 17.1852834671783 19.7202324835314 18.250863754981
TCGA-AR-A0U2 10.8838079450123 9.57725960828543 3 12.0087767297313 19.6950019051095 17.4164882267542 14.1216922704277 20.4019952748315 16.2416577815471 17.7967706378018 19.6481511858007 17.241654015254 20.4243111094175 18.1071788799175
TCGA-AC-A3W6 7.55832950369486 3 6.32413671440358 15.3113221032187 16.1050719791266 15.0892420504549 16.7239820815304 18.2839772751106 18.0449346447175 17.78083833927 20.5261646314189 16.9725795990197 19.8705926870096 18.6481736068517
TCGA-A2-A0ES 7.37107060897262 11.8818744937894 9.98764275752832 16.553498666146 15.1417391910964 13.5452732132876 14.9195026862381 17.1437538117616 17.773988120076 17.4611272763557 19.3724250337512 16.5082990647396 19.4244878608789 18.4262439518092
TCGA-AO-A03U 8.13479998882195 7.64377823389266 3 12.0565861285368 15.5900494901076 13.3240140881858 14.3700017142976 16.9748069749015 16.8040837276791 18.882124435831 19.9643238818797 17.5505954696512 19.9072027298432 18.7238723612762
TCGA-AN-A0AL 3 3 6.31482175405105 11.3205994096815 18.0960995335216 14.8585007993289 15.0273908521846 19.2268972826379 17.5356437159628 18.97013636329 21.4885846435503 15.7741634956146 20.1628921176669 19.0824036389451
TCGA-AR-A1AP 9.22527182391924 7.19371068649177 3 15.7912853509824 17.2759678409162 15.3534184812597 14.1378019809839 18.7988492346445 16.8812044830644 17.5737191811435 20.4989948612073 16.6529927664862 19.4322338749666 18.4667233984725
TCGA-AC-A4ZE 8.23552408651959 7.74334629088572 3 17.1668218527881 16.7492626968106 15.2554201691339 16.1129742714524 18.1211257432041 15.9450589137755 16.7195390515234 22.342729677585 17.0169241388621 19.7180312537046 18.6267904574641
TCGA-E2-A15C 3 7.94565878968551 3 14.4164980134023 16.0005456975748 14.0060099870532 13.8664107506624 17.2254014869779 17.3040907441864 18.0664481507526 19.8193692860421 16.7738361703546 19.3768373964436 18.3844849973296
TCGA-B6-A1KI 7.99376324352313 3 5.84120424205909 17.2563763333245 15.6753759069121 13.4515534469371 15.1307353232509 17.1770295048018 17.1593041275871 17.6172475133397 20.2967550721917 16.5459837612748 20.0817375831469 18.6290981575826
TCGA-AR-A24T 7.19033554061614 9.20545080782723 7.43875292328473 13.8528417350783 15.3468752636437 13.3696496575833 15.0447760009987 17.0547938540372 16.8636129440548 16.9241236556164 19.8957638075491 16.800952885491 19.8530127291064 18.4485885322644
TCGA-AN-A0XR 3 8.65319658829252 3 11.2987346074217 17.3037932735641 16.4708986386889 14.4570775856489 19.201270814382 15.0142787503437 17.6207244244262 20.9165599185214 16.7967509304662 19.7440990548853 18.7542066831057
TCGA-AC-A62Y 3 3 6.3064044879497 12.9725526782168 16.6782609584815 14.6604356370676 14.9162339800679 18.2793795750765 16.7199569572818 18.063249162634 20.6370238996061 15.8063405055491 20.0718066076946 18.6074218568105
TCGA-A2-A1FV 7.07830772107394 8.8295334857701 8.03355213378654 17.3252135655683 16.005587006286 14.3429692965774 14.8307208757132 18.5295100952927 16.0043879276958 16.1716325922479 18.7494548252126 16.7374732124085 20.1000338534143 18.1179121368834
TCGA-B6-A0RT 11.9790455144551 9.16622519212314 7.40083919166587 14.1355819401247 18.515153948855 15.3796836676895 15.221128437764 19.6208768253486 16.8871090908051 18.2902260738647 20.5895763472838 16.685704195735 20.1372327902017 18.3031660881874
TCGA-AN-A0FN 7.25574917283741 3 6.04159819151571 15.6098371468311 16.0021471925488 13.911176080559 16.4177483416304 17.5419839230805 17.4465929497213 17.2718383193445 20.1031632509867 16.6712904646416 20.4200079707824 18.8083797756264
TCGA-A2-A25C 14.1529863353876 3 6.34867648456013 12.6331899010831 17.7206626975443 16.8135385643252 14.9959113590335 19.1493688681124 17.3700513680608 17.1845945726553 20.0117610046404 16.9306024705916 20.3847209605732 18.594292427314
TCGA-BH-A1FG 7.42631810403309 7.89854571259353 9.50958033011251 16.8940396111235 16.4241317295547 14.816573089996 13.5175968391939 17.1420655203334 15.5906001447544 17.7668519539333 20.2028392946968 16.2926194255415 19.620830606061 18.8466640358351
TCGA-BH-A18M 9.32195959165328 8.41473759665019 8.02542269842399 14.4542022731715 16.1303527197424 15.1337929604694 14.8274391811894 18.7627610048783 17.1697665695141 17.6760825281594 20.4504641381742 16.675159887134 19.5957808081847 18.9716292544925
TCGA-AR-A24M 11.3179810201572 9.46794627737378 3 12.8071432600696 16.0040773299626 14.3421215281932 13.7313209608299 17.75184339842 16.8083618865691 17.6763816738665 19.9635492079318 16.5459289068005 19.8698845505711 18.4955526996079
TCGA-A2-A04T 3 11.8574819946925 11.8438454195159 13.3030239025656 18.7807271974521 16.2002110560518 12.8500903399034 19.7639652365364 15.6857426382731 18.2063380791362 20.6886397154484 16.5187726796735 19.5095758382351 18.5207839019265
TCGA-D8-A1XM 3 7.90587379460963 3 15.1882093693458 17.196807285543 15.1118375050449 14.0012118361208 18.3968064908917 17.0734586951547 17.7679765898553 20.0463420680278 16.7063724930048 20.0434007293078 18.7672219674735
TCGA-A2-A0YI 3 8.11576125381369 5.88353612255971 14.8142370550679 15.3287343721189 12.7518220938006 15.0446770149449 16.7333062905064 16.6872476132238 17.3979148003838 19.9755770232697 16.7766964285822 19.632047227557 18.4733948587747
TCGA-BH-A0HY 3 3 7.16346046927092 17.4826605303322 18.4072136501727 16.1496031230234 14.2704322492125 18.6140669690654 16.1060202792039 17.3009570874373 20.6961228122933 16.5567840641173 19.6027441273536 18.694562260594
TCGA-A2-A04X 3 3 3 11.1445784544346 17.8780187506481 15.9392467217604 14.5727905611753 19.2962372762169 15.4129958364582 18.3138113408942 20.7239103647178 16.6297690700461 20.0673745837589 18.6728133054221
TCGA-A8-A0A9 3 3 3 11.612147639152 17.424591397888 15.4788611863772 13.777364763689 19.5248282560385 15.6443990928764 17.5152931088964 20.01532090403 16.4059340740372 19.4007740616791 18.6555291601711
TCGA-AN-A0XN 3 3 8.49283801463323 11.9119373637461 16.9019137547201 14.5889435329014 13.7113223037356 17.5984072622541 17.0297704980165 16.6417002526275 20.1959281925055 16.9542790063492 20.0057152558451 18.6990618865807
TCGA-D8-A1JF 7.10782953966613 8.86034725650318 5.90499230478298 11.2583837286851 17.8331151113768 13.609852024325 12.9356704980219 18.0461794521182 17.4501695605698 17.9062601060865 20.1237104360843 17.6132381649223 20.5910649659025 18.2375102915525
TCGA-GM-A2DK 3 8.77015321870162 7.41276421302111 16.4403081061519 16.443299465798 15.3616772247777 15.9958766383504 18.5821573541857 17.690411568266 18.1938883745225 20.0495105124035 17.8087607173584 19.9765024814817 19.0376683378633
TCGA-GM-A2DH 8.76449204100757 9.56667387399701 5.66236473176406 15.5051525181133 17.3744594249675 16.2107781750864 13.8643172438899 19.5972311072059 16.6865995503987 17.5259000632989 20.4613298482795 17.9531530722917 19.9641224713424 18.6432129774911
TCGA-BH-A0BO 8.1773968784742 9.6432134109994 9.41554970205563 15.8435418948696 14.1066665937138 12.176564479819 15.9836923017725 16.2166708704176 17.6460945058951 18.0527647499235 19.6401098635207 16.0321053293724 19.7589334286894 18.3610520598907
TCGA-B6-A0WX 8.40106492643988 3 3 13.9974465131211 17.236262961831 14.7996034364843 14.0039608199821 18.4172543518721 17.3233598956333 17.3398264908461 19.9424616212013 17.098273931867 19.4058166355238 19.0291612994664
TCGA-A1-A0SF 8.57303259574168 9.85402390593038 3 16.8607854673344 16.4370848034878 15.0330222991929 14.4730507691082 18.2827332966584 17.0575542657178 17.493461509052 20.3951938799161 16.6174299228371 20.0174654931122 18.8513806767865
TCGA-A2-A0CT 11.9590829149591 3 9.25943875042857 17.5903725648362 18.5942646697271 15.51267531332 13.6058308724956 19.011789521106 14.8817744774904 15.8443985993223 20.5023103619029 16.1841899192832 19.8998863343315 18.1067929196453
TCGA-A2-A04Q 7.45772461414144 6.97692927077459 3 13.3831044908532 18.0243064680696 15.2499283419867 14.314231501455 19.2080581438458 16.0774581806287 18.1614237654921 20.6705980756883 17.0280722584024 19.6695422407412 18.6139061790783
TCGA-C8-A3M7 8.7356629135579 9.43918512475984 5.99355530639524 15.2557018779042 16.2541338699754 14.2033922451711 17.2723501123258 18.3146070273229 17.6995679978249 17.0074207817248 19.8533545702304 17.4136040332642 20.1347949861859 18.1037488731101
TCGA-AO-A0JG 7.10825022763346 8.54505118319215 5.90537927530277 15.1709007197532 14.9678687475755 12.4502841262874 15.5559291195469 16.3245159612076 16.3403974309778 18.259070324194 19.3765385788682 17.3268162451211 20.0069012041657 18.5377452815986
TCGA-BH-A0BC 3 6.66787918317041 3 16.200424823447 16.4983903772581 16.2458798399897 15.4016112104919 18.6244292982109 16.8453902138998 17.9985914030717 20.8218260088762 16.2623370766457 19.956061464713 18.7216046178558
TCGA-B6-A0IQ 10.3265769626243 10.6644263973549 3 11.8429964948804 18.8675267922047 17.4851855049432 13.1853808346684 19.8455435658613 15.9069973718946 17.3044094463971 20.4629538477387 16.0335875864821 19.0988827263184 19.0692587649324
TCGA-A2-A0EN 3 3 3 16.7770334218942 15.9498684902957 14.0227860465767 15.5150007707398 17.5616414444143 17.3630427431183 17.0625817534978 20.2440077001178 16.5270033179562 20.0898812460109 18.7157226504171
TCGA-AC-A2FO 7.38857626370363 9.15209780544028 6.16514258284465 17.8426020317538 17.0203443072574 13.6219108145971 16.0299884922454 17.3119428615174 17.048198349378 17.970522768215 19.9425333479231 16.6832103793545 19.6463263899738 18.1659602518798
TCGA-BH-A0B5 7.20476545475165 3 3 15.7693494079858 17.123581659832 16.2730821632926 14.7678937049862 19.3011123618985 16.5170891322135 17.698957493828 19.8827649986406 17.2230829882159 19.3608128567466 18.4560587240497
TCGA-5L-AAT0 8.07014688908602 10.3346103723083 7.75751600629907 14.9208366519242 15.5745346300734 13.9009075104968 15.1281005765813 17.3604874621166 16.9000957579684 17.5204595397358 20.118067656598 16.5890177675359 19.4705761247288 18.7350509816081
TCGA-A7-A4SC 3 10.0282555238635 8.64617654465486 17.8465828065153 16.0691489667908 13.3936701362667 16.3074464211133 17.6353338395572 16.9135981029016 16.0432733217056 20.0945017378829 16.9598912654031 19.167395482767 18.721956946801
TCGA-AC-A3BB 3 6.89031845746342 7.06344834766944 15.8856171979221 15.3535325870989 13.7248485424488 15.8668614384923 17.2049143690629 17.0087808316382 17.8899867042787 20.5184759532327 16.8441208858493 19.9068099325342 18.9045682877708
TCGA-AR-A1AY 7.36605666558075 6.88704492876837 6.14414131323974 12.0722011635879 17.6584334149264 15.5796062234851 13.1430895553841 19.7185004006604 15.6042396406869 18.6143136139366 19.6070520536084 16.6269082022712 18.9206976928239 19.136200886396
TCGA-A8-A06Q 9.43757045840199 6.46459441850536 5.74545751564864 12.3245741954364 18.5910613375865 16.6914309369793 11.6494606217854 19.9948359240969 16.3776021588443 17.900614658766 21.5180895369627 18.788643340373 20.1579313300989 18.7535674675405
TCGA-A2-A0T0 7.28002827927762 10.4045080702465 14.9003755916887 10.484543079299 17.7515885835215 16.2128589004119 12.9048668500279 18.8203592747671 15.7617281952089 16.2721754374697 20.6485481420898 15.8433494165686 20.1852514291791 18.9277461294569
TCGA-A7-A4SA 3 12.9009784528396 3 18.8526762864108 18.0863124081136 15.5952734539829 15.1744690308709 18.9822452306567 16.8721658012563 16.9393847535425 20.4038039686949 16.8458121946158 19.3587648199436 18.6435724012346
TCGA-A2-A3KC 3 10.7501457568576 7.97492826886718 15.8594540502943 17.323615044014 14.7361001561268 16.537711614197 18.448086915225 17.4688354292953 16.6759467261865 19.9241958708611 16.9792791464399 19.5173608168331 18.5350936915569
TCGA-BH-A0H0 6.99102790454554 7.45632042579028 3 17.556396238774 17.8493311635408 15.8754496378688 15.0295883439634 18.9929426842093 14.8431169570752 16.5257697599938 19.3870813924322 16.8756401123102 19.969667489435 17.3280452426202
TCGA-A8-A07O 3 3 3 12.439032230588 18.9469081356552 17.1050584008396 14.1119621853596 19.7789750501959 15.2350656012871 19.304290952273 20.1246986441443 17.0819235225664 19.0367064229101 17.646775535796
TCGA-A2-A25A 7.59445236483352 10.8892814633548 7.59305966781344 14.7134597234944 16.0891959865922 14.8928718613756 16.7599057577706 18.0826103479186 18.1195823869295 17.5226594819414 19.8934765083869 16.8221122897082 19.9750408845864 18.6431060462029
TCGA-LL-A441 7.06532288659473 10.7966358546264 6.7634337835295 14.4151351427859 16.9572629749285 14.1454478456619 15.8997894828085 17.8183840965852 16.1870317698975 17.6275480228733 20.6215235052506 17.245093671791 19.2620189767361 18.2887563502822
TCGA-A2-A0YT 3 3 12.4462879437693 14.541044838746 18.6418998081088 16.1780737108824 15.0049518882452 19.788845619328 16.2047382218421 17.6869899616454 19.695110992794 17.4392400121379 20.5221826268723 18.8147257215127
TCGA-E2-A14U 8.09128487109339 10.3562580632255 3 15.7049286428715 14.4305925290387 10.8692241968128 15.3602097541115 16.3528946265255 17.3727725728207 17.9014178461752 20.052749936681 16.950292362035 19.2053069079097 18.6284444630817
TCGA-A8-A083 3 3 3 12.587455994369 15.8360001958555 13.6340951149613 13.6627838515807 17.7882834330113 16.4777962672412 17.915029634961 20.1255312775109 16.726770833289 19.4647225196962 19.0237318485272
