X63928 X114 X2903 X6196 X6195 X5499 X5908 X818 X801 X369 X5566
TCGA-BH-A0HW 7.11934283749634 3 8.4897697353694 16.6125657489716 16.6104547803203 20.2099728582034 15.3433194299674 16.4600305200804 19.8079095558819 18.331240019648 18.6187042554512
TCGA-BH-A18S 3 11.2656892744342 8.38736122471999 15.096619192701 18.0346816148888 20.2012489646898 15.9159944985183 16.8039324005034 19.0632019991675 18.6463032225399 18.4718681754503
TCGA-D8-A27E 3 10.892073566505 8.67429091884486 17.0824462539527 18.0779569620419 19.8766704271901 16.2808368165409 17.3666208447764 20.1215868467701 18.6679147148628 18.7199024879425
TCGA-E2-A1IH 8.18305233681117 3 9.76716848023457 16.8876441558395 16.8955693824062 19.810038838747 16.6546113389728 16.6958266737697 19.9525023579274 18.7109053641984 19.3662660399495
TCGA-A8-A091 3 7.70414187409255 11.0374702111352 16.0889495408212 17.4732375107948 19.1849074007248 15.5367194654282 17.1156182725393 20.491519337285 18.0722485195471 18.6931627950941
TCGA-A2-A04W 3 6.74266179726588 9.47182922494314 17.9668053961406 17.861949899509 20.5374291822927 15.7632182669649 17.3329690798559 20.3249905147091 18.9061160302836 19.33313595392
TCGA-D8-A1X5 3 3 7.52012485723658 16.8229259830108 16.3504102795872 20.8145428456873 15.366579294569 15.9397280372309 20.2365488836515 19.4853199520721 18.4089870635851
TCGA-BH-A5J0 3 6.52313870618241 14.3765718642391 16.7651202866986 18.6890877500244 21.0852141001552 15.3889706855079 16.6293527208443 20.4457220175046 19.5904687249062 18.9404763767419
TCGA-A2-A1G1 3 3 13.9598028495114 17.4053990126372 18.3194262769601 20.2133784502144 16.6040206331694 16.4168879110686 20.1011583830785 18.6617080955551 18.871086021287
TCGA-A8-A097 3 7.54653045189876 11.3128146868766 16.3197422339559 17.229762787531 20.0778125687304 15.8225387922266 16.4284060317111 19.6746756643904 18.9314429462857 19.1804551259893
TCGA-C8-A130 7.42779677010587 3 10.5033019479613 17.0184298164119 17.6334360339515 21.2018853056605 15.8848922227625 17.4975676479563 20.3660937969976 18.8807505783202 19.3135360539366
TCGA-A8-A0AD 3 3 9.41482438853422 16.2350219309654 18.2786739304065 20.0365528391963 16.567742166187 16.0291597218525 19.6650003230071 18.4753880609603 18.4846746560628
TCGA-A2-A0YL 8.16533972156289 7.45354325003665 12.3802596008123 17.3205495708879 17.2992892715499 19.8180847574667 15.8737158093823 16.6253974383176 19.5861731652433 18.6083057196699 18.4920909571929
TCGA-A8-A09G 3 6.8187630498853 9.01259003931259 16.7911380922117 18.553681252668 20.4959049405718 15.9670595915188 16.676212974767 20.2627500592258 19.0197368177958 18.1983227049013
TCGA-A2-A25E 3 8.37214773696432 9.25474066243059 15.3452824230263 17.4858483500098 19.0877331334507 16.6861844960012 17.0696062011059 19.7726044896768 18.202339673516 18.6980769058058
TCGA-LL-A73Y 9.83052326158177 9.51032375515347 14.2926744046736 16.9412720147284 17.6502146349997 19.7201619308366 15.6357170114912 16.6582565229561 19.8654380842994 18.1893406652554 18.4368980162612
TCGA-AR-A1AK 3 11.1455136812917 10.7028846662791 17.0722506385063 17.3071912135981 20.8824066755949 15.936859439566 16.5599510487661 19.5713693449748 18.856323710693 19.1321712210009
TCGA-LL-A740 9.82505149842845 7.24512045384381 10.5842965424795 16.6753049646952 18.9324662735135 20.443410405044 16.0916468021749 17.6712842002402 20.1788145643735 18.6794731198981 18.279773402801
TCGA-A7-A425 3 8.58653319522621 10.5102693829032 17.20413148176 18.2358747310269 21.1077006240851 15.531930516819 16.8803327245878 19.2354793129539 19.1286394184036 18.4199934561384
TCGA-AN-A0XO 12.9648502888325 5.87427915478252 11.4336556423184 17.1945022697501 17.9927270906387 20.2785057348527 16.1353526802543 16.7573091356459 19.8554745057299 18.759800928779 18.5581792941473
TCGA-AC-A3W7 7.05630113428275 6.75454584410486 11.3229391256991 17.4636483081644 17.8521176619776 20.360012361369 15.8714114403334 17.2667936606083 19.4184787970421 19.2778896451879 18.6360652958727
TCGA-BH-A0H5 8.38018449256085 9.73578090976983 9.74147789092153 16.9123210722036 18.4320427942328 20.3372993226339 16.1050459208743 16.8033371880838 19.6417070595003 18.9177154323129 18.4987669076571
TCGA-C8-A1HL 3 3 9.23871670353009 16.7449227129027 18.179389821093 22.0042329598534 15.9671797909576 16.8472395562028 21.2947088535627 18.7362977275138 18.8167222083532
TCGA-A2-A0YF 3 6.68310606124205 10.9562581214231 16.5930321663377 17.6951434614443 20.5913693707682 16.0889949239316 16.7555877737359 20.0673688514616 18.9791453839167 19.0131731118139
TCGA-E2-A15J 3 7.61637788924084 7.7719918276008 16.2250000880152 18.3808626461566 20.1334172487022 16.1378565632572 16.3317041465046 18.7874192862667 18.8179916071712 18.9639376749251
TCGA-BH-A0BW 7.32103153563062 3 14.2050251476445 14.0639920186181 18.2578293786463 19.7167703092467 16.4621711150121 16.9775598587456 19.2659075167557 18.3401501054929 17.44037667576
TCGA-A1-A0SJ 16.9308590252956 7.10504225651548 12.7317027388458 17.4222568246115 17.0778013311643 19.9783805724465 18.481111196713 16.1242724323197 20.883440922299 18.2268521225554 18.4729307651209
TCGA-A2-A0EY 8.88660555868367 9.55406642718453 10.8038331764926 17.2339014244139 17.72485931993 20.5182418162607 15.4076818861288 17.2284684242248 19.4569839589758 19.3579082384159 19.3405143620118
TCGA-A8-A07R 14.1875842427521 3 11.3372460324861 15.240222635053 17.8129590262148 20.7661221611752 16.4359338508734 16.5291405598168 19.9357023957624 19.193082477587 18.5114213698996
TCGA-BH-A18G 10.8422977028725 11.8377013413036 3 14.437838965208 17.2695389613876 20.8348468793234 15.5895823071724 17.4354751945989 20.618538615852 18.0158150151057 18.7224729398465
TCGA-BH-A0BR 10.3792602656475 8.59198540090571 10.7541755462642 17.5932526488793 18.5575414925017 20.4701525385145 16.2580334141761 17.1316655433267 20.1182711064636 18.6532548596773 19.1137877697081
TCGA-A8-A06N 3 3 4.49404162645976 14.0318612542869 16.145734704516 20.0524986666517 15.5082079230228 16.4353739357429 20.2102928048373 19.3968427616226 17.9949407439065
TCGA-AO-A03M 6.99208403997003 10.2285724101007 10.6187623279093 16.898299515365 17.7076176098702 20.3770270010143 15.7003896687764 17.2159577996929 20.3919522624626 18.6070964920907 18.5039129692723
TCGA-A8-A09X 12.5888236132702 3 8.9465227512768 17.0890338371177 17.609076643507 20.6424976267198 16.1795523703638 18.3126195001722 20.5518614110692 18.7668144998564 18.4228210028821
TCGA-E2-A1LS 10.1412149906534 3 6.75827978545514 15.7204208258618 18.4831485605572 19.7555339883835 16.0827812892655 16.0928740104166 19.3927130610336 17.8551719493162 19.0234832816529
TCGA-AC-A5XS 11.0008158873323 6.48484964668406 9.33704542467597 16.2768564074186 17.2949883629955 20.9077429813934 15.8730552196997 16.3577953635458 19.9804263201704 19.1613806502543 18.1623153680293
TCGA-AC-A23E 3 5.93053066305973 11.907510413995 17.3568513752359 17.8346147764722 19.7892370834061 16.5039172145969 16.756982083201 19.9199345783104 18.9791514607783 18.9287430119105
TCGA-A8-A06Y 3 3 8.41338779715888 16.5897554019111 16.8672931555342 20.1051275076488 15.7280015808098 16.444230820124 20.6926657146222 19.125944871732 18.4639774039295
TCGA-BH-A0H3 8.12141826441337 7.41043696017499 11.8517187014506 17.413526691864 17.4542866585914 19.4328587685118 16.2307246179168 16.3427077160884 19.6763532417929 18.4878560846383 18.7192400644105
TCGA-AR-A2LJ 7.61598702717047 3 10.1770032253631 16.917302371586 18.5681734036699 21.1299936346227 15.381362634014 16.5236772085405 19.5678380626708 19.397646418546 18.9333520203658
TCGA-A8-A06U 3 3 10.3710632379753 16.4815503835169 17.3527979452593 20.6549997121887 16.0240368224776 16.5784277487977 19.5561437885511 19.6097885475039 18.9225029825248
TCGA-D8-A1X6 6.9783272107423 3 4.67792365749241 16.2215550899793 17.4172254792916 19.8121657992823 16.1353790584849 16.4054495572312 19.8590922735331 18.5547477068819 18.9645080583894
TCGA-A7-A6VY 3 7.56050651165988 8.60734231020099 15.8250327770533 17.9336339561443 20.9599798654921 15.9594232047201 17.4463653362652 19.550748418252 18.8715100672283 18.9047849830938
TCGA-E2-A15O 7.53245138341266 6.29982309498683 9.32531738257954 16.6093194104717 17.3107396489603 21.9523439272144 15.6158747137315 16.8703510205866 20.0188821645735 18.5922675096579 18.6532149578201
TCGA-A2-A0CY 17.3999859383508 6.8619272367126 11.8936585165606 17.2873498129986 18.2501028923427 21.2668192566138 16.0434814930998 16.972228190255 19.4441836612783 19.4613530076489 19.6713471134332
TCGA-OL-A6VO 9.21178013218682 6.96432182902543 13.8727441074853 15.7622418523286 17.9793699403909 20.7533114032148 15.0221670806966 15.9084664077465 19.9239858528318 18.6342514403919 18.1212746865394
TCGA-A2-A0CL 7.34202678615237 6.1217561373363 10.8144284870746 17.2022442333609 17.6873146957274 20.6748885457357 16.2070543355124 17.5495582618254 19.7448449056397 18.7975969246184 18.4441684143115
TCGA-AR-A0TQ 6.99102790454554 9.58900184484269 10.7123293576886 16.9217985489072 17.0185218972792 20.5580251726141 15.8688607359559 17.091760189064 20.3191151321874 18.3449726207499 18.2678087564678
TCGA-E2-A573 3 6.32805141719669 5.1283166081626 16.2561538973606 17.4930362862464 20.753293765308 15.6818948134316 16.9306677987436 19.7760657603883 18.6370955779744 18.5281322944382
TCGA-A2-A0CW 9.59407263850609 3 8.66858882004646 16.0713212338225 16.7167970457263 21.0375480099261 15.1513211552153 17.6480638079443 19.6365097798822 18.3247092520588 18.3013220307418
TCGA-AC-A3EH 3 9.3125050199229 11.0781277527165 15.5217484216689 17.6021498369389 20.6265926629101 15.9131188994475 17.3397978576934 19.6091110193218 19.4606679999026 19.5091956568429
TCGA-A2-A3XX 11.1624464002222 12.0996876806679 13.4965589790648 16.8248437969866 18.1953360088284 20.2664520676186 15.1728458598459 17.640435438739 19.4170235752294 18.8380305061803 17.9034920319361
TCGA-AO-A1KQ 9.34049032039207 8.44767438500349 8.03580387834577 14.8658676594732 17.4160496516808 21.0918219100776 16.0100618232622 16.8451489331446 20.0512055041684 18.766620801932 18.7693786328085
TCGA-BH-A0HN 3 6.64145401190871 7.48566322326037 15.9619090364989 18.6354628416933 20.6029481385155 14.4698087466589 16.5164951791165 19.7670421533723 19.3161294601715 19.4761093887164
TCGA-AR-A1AR 10.8329773199151 7.08817332465661 9.25958149477243 16.0285012398956 17.1237547268032 20.0100417027356 16.229765198965 16.3761293217258 20.1468398468278 18.510073941296 18.9522142566076
TCGA-AO-A0JD 9.39020959709957 3 9.54881560540088 16.1251034212456 16.963947926496 22.2183887017211 16.3803105552111 15.8021056740871 20.5286485062345 18.7594084766572 18.9020681094902
TCGA-A7-A0CG 10.7217604047535 3 11.6724165532755 17.0377417499935 17.5178261959374 20.2304402490555 16.1875730137696 16.8446939880297 19.9042487730672 18.8139285944399 18.4738667904532
TCGA-A2-A0T4 9.34702505254602 3 9.59769266770873 16.7198698631398 16.6935626555941 20.8431312544846 16.1350144668912 16.697729102389 20.3209127011912 18.6665741386838 18.8292338610481
TCGA-B6-A400 8.0218925343193 8.49315540929047 8.65162184824851 15.628964746117 18.107355929814 20.9084359511355 15.7074568619303 16.6929940712078 19.6202466705065 18.9320623784376 18.6131557552085
TCGA-E2-A576 3 3 9.15759509262773 15.8268755612288 17.3063277262529 21.2463190416259 15.0091958387907 15.7917226233054 20.0536032830871 19.6401235700539 17.8491698775314
TCGA-BH-A0WA 10.2379022613725 7.95230084196111 12.6978966713928 16.0466660334964 18.3736454267514 20.3103582307931 15.9919890263884 17.1254867292801 19.5932896117636 18.111572840831 18.7608797867333
TCGA-A1-A0SN 3 6.02295120314648 10.4411562177934 16.6122021332547 17.1709334197874 21.0389842014115 16.1737908265974 16.7066005327582 20.0265217599383 18.3757438594841 18.5144760967853
TCGA-A2-A0T3 3 5.95575978016336 9.93042913576765 15.8196732400465 16.7304690187422 19.5218725852876 15.6417109170986 16.1180083003613 20.0230206832786 18.6920167453883 18.4962927130006
TCGA-BH-A0AZ 3 6.5404040043093 11.483550156646 17.5761924068268 17.8293719107152 20.3982637428555 16.1654397001108 16.6566316940704 19.8618005264811 18.680817369998 19.0779567155965
TCGA-A7-A4SE 3 8.27503783126371 9.88534584489815 17.076578957123 16.9344453486361 20.3059961555022 15.4742774413507 16.9220161391573 19.4848380604999 18.748827527465 18.5556392564578
TCGA-AQ-A1H2 3 5.74220567714289 5.39078588549333 15.4790528444885 17.0530259872765 20.8013237637135 15.9240836106128 16.4217538433595 19.985588951069 19.7186183921578 19.5465378389453
TCGA-A2-A1G6 9.96706809764003 7.87478415470122 11.0365238812823 17.2897953701025 17.477478371332 19.537747144043 16.0196900458277 16.7186154963561 19.4210359002865 18.7432177674176 18.6142472477604
TCGA-A7-A13H 8.70727581445409 3 11.5612369740873 17.2725361752992 18.5128606100511 20.2878451200174 15.6926518925397 17.0677085979988 19.1487092439129 19.2105397180343 18.4386971042641
TCGA-B6-A0IP 3 6.69225137578995 10.3118530755267 16.487436909053 18.4991362547315 20.3832623531088 15.6055904922355 16.4619490190913 19.2638591678243 18.7778176365068 18.6614546384272
TCGA-A2-A0CZ 7.7436414049711 3 10.2000585518192 17.076511601766 18.1180387787048 20.402605434618 16.2652834668796 16.8163720943629 20.0638426298698 18.8899101737704 18.8878323522453
TCGA-AR-A2LK 7.09443978459098 5.89268045363607 9.4474894253278 16.0391580379893 17.2636718680848 21.6067270451666 15.7120572478858 16.4075758449001 19.9861715440832 19.0063281929612 17.8871952887035
TCGA-A8-A06R 3 3 9.3589798817649 17.5594494944153 17.2396121192807 20.7877234232997 15.6826510935398 16.9919033844282 20.0466046971514 18.3117203813801 18.1099382870999
TCGA-AC-A3YJ 3 3 8.24875568646713 17.5860340929326 18.9421952683576 20.7974236657182 15.0269601486019 16.7756951871754 19.7214618271944 19.6991285286295 18.4950236207768
TCGA-5T-A9QA 13.1547055834486 6.76996531331549 3 16.0016584177531 18.0572277443004 20.2144610327929 15.4526209433982 16.8817658886254 19.6145097308273 18.9857524799624 18.271629520363
TCGA-A2-A0CM 3 3 7.53309582995719 16.1810303151367 18.2101113130298 20.093972160453 16.3533563621457 17.2848893394015 20.2624608041704 18.1666644846874 18.0424340925597
TCGA-A2-A0D2 7.43278270579492 3 8.81371849478778 15.7334742675198 18.2511680256777 21.6658300990487 15.4568693174659 17.1068394750628 19.7552548883781 19.1764127820113 19.4610504267755
TCGA-A2-A4RW 8.05587680307147 7.7433523787487 11.897751134216 17.0202124216082 16.4572139259962 20.3100201218894 16.0847759189524 17.4460402235569 19.9240568305604 18.7849590983581 18.6762193953247
TCGA-A8-A095 17.7736314558178 3 10.0220340807882 16.3142961851738 17.6605894217364 20.1804119613269 16.0312467729966 16.3121910012949 19.777562601778 18.5721127801677 18.5892256716153
TCGA-A8-A09R 3 3 9.26844528655843 16.9039368121302 17.6628826506314 19.5709958491729 15.6174131384376 17.1663149323546 19.8882310720092 18.9586575775328 18.5653874610954
TCGA-A2-A1FX 3 5.71882010297424 9.46675796251088 16.0066274059283 17.1812020799515 20.6643922937292 15.6352650170006 16.2728236744812 19.977598856208 18.3790277607637 18.5073214047473
TCGA-A2-A0T6 3 5.92116667508023 10.0858262546614 17.5766154933341 17.5531002030135 19.7987195429559 16.1500268943096 16.942771341985 19.7540726561043 18.6658361066946 18.6244068954486
TCGA-E2-A15F 7.57401236169618 11.7770078861413 11.3699407057546 16.0193740910551 17.0068792605248 19.8448849312043 16.092921358559 16.3351981266769 19.4087650296075 19.0009490573344 18.8969059267082
TCGA-A7-A3IZ 3 3 9.20544537824965 15.9586498465913 16.8022538065156 21.7120366659319 15.5212714754162 17.0869010027561 20.0085893729654 18.7066795925696 18.5609185112317
TCGA-BH-A1EU 3 7.16428505063954 10.5966082597131 17.4026602640441 17.2990711037363 19.2908727765917 16.5173333344913 16.7338874949787 19.8396190418174 18.8129973503075 18.4292771572954
TCGA-AN-A04A 3 3 11.017361730327 17.6441848435068 17.7365914889851 20.2537009668251 16.1916768768959 16.5808836435456 20.7664051663732 19.0391560214857 18.8184833233876
TCGA-A7-A0CD 3 3 9.1730086515367 15.8687653390771 17.6829484678756 20.2670380591095 16.2229449415657 16.1399298276092 19.0551001956504 18.7605680727213 18.2509697302814
TCGA-E2-A156 3 3 12.4126191185641 17.0025587429287 17.9467856085527 19.8255997497897 16.1582818484794 16.614810404701 19.1716095318986 18.9533052691742 18.8308068197185
TCGA-A2-A0D4 6.95050878944953 6.65038569897188 9.82082339477295 15.397583423769 16.918014649794 21.3113604457203 14.8990390875391 16.709716495264 19.877087981212 18.7943024046153 18.3124258085013
TCGA-A2-A04R 3 3 9.25936773653612 15.3851917196418 16.851481318896 20.5878813021307 16.2672855278539 17.1406274554565 19.8399380123241 18.2578475187934 19.1630856471381
TCGA-AO-A0J4 6.87237858929547 7.82086258236713 14.3598118711192 16.4337794865012 17.9973913037074 20.2132879852195 15.5138808957139 17.2464386342174 19.396060382399 18.1852662699004 18.6083995219262
TCGA-A7-A6VW 9.67279895595313 6.47150914838889 8.93587661189248 16.6894759021045 17.1916699975572 21.7288124975362 14.6678771731417 17.6814006190733 19.4942914146109 19.408458455458 18.461854011556
TCGA-E2-A14Z 9.6228140922437 8.32126239190002 8.79474311022782 16.2868904971471 17.5621022453678 20.4608898659325 15.4191535605522 16.8176213428297 19.5374609710704 18.9507272358838 19.0132257548858
TCGA-A7-A5ZX 9.01997632760881 3 9.76690668873954 16.9598823245702 17.7927842313248 20.0134623198503 15.8142712379566 16.6229999325257 19.0692566534579 18.9922059374999 18.2419357882184
TCGA-3C-AALI 7.93614364563484 6.68188553224045 7.99507655434565 15.5873185958744 17.0110086667214 20.9674942056846 15.4418370105631 16.9538048578784 19.9368263804169 19.8395719502806 18.8383820146179
TCGA-AC-A2B8 7.7651431499378 7.0617548082755 10.3994502156047 18.2752044085899 18.2395895579416 19.7093254684497 16.1142122831918 16.5847179596114 19.5983287573311 18.786334680452 18.4867007280324
TCGA-A1-A0SB 3 3 7.23364476030167 17.0825233253412 17.3596431141474 19.6519070110764 15.6326652361683 16.6591042370041 18.8730564389924 18.7003147827458 18.2581816039499
TCGA-E9-A229 3 5.75560998441476 10.3003241858302 16.5721204207676 17.4609761636121 19.9966802704641 15.993815102123 16.9880241197817 19.4500979744478 18.455705849934 18.3103462631803
TCGA-D8-A1JC 3 7.75303613354481 11.7316813167081 15.9630804471515 16.1428594726449 20.6503163858535 15.9805991169393 17.6171802634715 20.2703235650939 19.0271655779908 18.1849480866468
TCGA-A2-A0D1 9.32697296935377 3 9.00017080778755 17.4077171118417 17.6535776909028 20.484189311475 14.5324910103502 16.6906575559543 20.7630622180914 18.7552582646547 19.1162064207801
TCGA-AC-A2QJ 9.82082154602761 6.99322217451582 10.3434590468787 16.5406901867735 18.1388352239979 21.9002878633729 15.5401290353245 16.0977977503917 20.1765500351761 20.1310193079265 19.2111307017721
TCGA-A2-A0CK 8.46075304653703 7.18577135877067 10.6425777799363 16.2170309065375 18.0504431940243 19.9252871022046 15.5237990210522 16.74991700832 19.363710590726 19.2469231862255 18.7636764173939
TCGA-AQ-A7U7 11.3547134657903 7.66970767021694 11.1786694787577 17.0932024540348 17.3777800831785 19.8949787666751 16.0269170243383 16.8483128251951 19.417934088035 18.9330706973119 18.1641756526761
TCGA-D8-A1XU 6.99979151156906 3 11.7928080104508 16.8432653580152 17.6654949721664 19.5686542901044 16.301960909561 16.5192127506494 19.7030962457875 19.2976943277165 19.1380849056968
TCGA-D8-A1X8 8.74805946411637 6.00460782992167 11.7058694361393 16.5337151952315 16.7087688295695 19.9362692025493 16.475693549036 16.5614362962501 19.9158429872744 18.8691270000389 18.6845293277295
TCGA-A2-A0SY 8.3018855089583 3 9.48871983511101 17.2658960162478 17.5955411401579 20.31779770136 16.5852998378935 16.4131808895413 19.691715025426 18.7734818037209 18.4450051124711
TCGA-BH-A42V 7.99366051893809 8.81996289619695 11.9046316273353 17.0367077088939 18.0137590491519 20.0572100129498 15.6859431389096 16.8033227807213 19.4874410112223 18.734318359393 18.3482454146168
TCGA-A8-A08R 3 6.81844879694199 8.41106501012413 17.1415589667381 18.2603638349983 20.0958636028964 16.1318622599678 16.7941260411795 19.986291912171 18.5031191151843 19.6933069133498
TCGA-A1-A0SH 3 3 10.5405122280376 17.7498273759177 17.1879526151917 20.0500096596275 16.385146783491 16.6379513961894 19.7145525968463 18.7697803780213 18.7469930170182
TCGA-AC-A2QI 3 3 11.5559384155207 17.1337721575563 18.0636651941108 20.3647270398206 16.0707717576901 16.5481753299302 19.3941399208078 18.5374948608892 18.6572467678443
TCGA-AC-A2FM 9.49786213870476 6.93411162132992 8.44686865938618 17.1990814048696 16.5135927693985 21.5083877734865 15.2789103672344 16.9454820917175 20.7616410511189 19.1893472292657 17.9974922000211
TCGA-AQ-A0Y5 9.29487618056727 7.04327238155669 10.371538183617 17.2332353640446 16.5819790168239 19.7270488541124 16.4461535264634 17.1177391712937 20.4956119633909 18.7275056829366 18.6309332251494
TCGA-BH-A1EV 10.2287362639319 6.24872100718853 10.4807119174607 16.1424945328078 17.2695711633761 19.7789609912316 16.5533944975099 16.4942661351043 20.0638020540291 19.0326573567967 18.8363203866248
TCGA-AC-A2FK 9.10325771823532 3 11.787374493532 17.7611552967641 18.1974932468765 19.6120149046214 15.8400463605908 16.963982398116 19.328216135453 18.4745453510705 18.4683622761501
TCGA-A8-A07B 3 3 5.94178547964323 15.721459454022 16.8461345812072 19.2539380648713 16.4722537136451 16.7279662401451 20.859576054642 18.1631575662261 18.030033743685
TCGA-B6-A40B 14.0016595661234 3 9.67114632850031 16.3461754594323 17.5728546912461 20.7156499089607 16.0378054020764 16.6513886588494 20.0085687401679 19.545040340631 18.6588535157032
TCGA-AC-A2FB 10.555578021472 3 11.0199779752589 17.6575410611246 17.5122409198461 19.9901080389421 16.0828257465809 16.8238087705069 19.7484092422491 18.6479095467782 18.4275494992807
TCGA-A2-A0CP 3 6.96490990783501 9.91775159880864 17.5873689463713 18.2869674420596 20.4714790444263 15.7069643178277 16.5308788798347 19.7275710259727 18.5173653015278 19.3530565558557
TCGA-BH-A0BG 8.6638559505822 3 12.2660260731678 15.3038357877692 18.2167335766285 20.4035159317326 16.0473066567313 16.7949895186426 19.5681298472788 18.442097689586 17.8680711739694
TCGA-BH-A18K 9.59179837507752 7.02304058265154 10.3501213164913 17.0582482678579 16.8067375486157 20.3115151103338 15.8159199768661 16.6676751185299 20.4187169549742 18.5675890072607 18.6454568720112
TCGA-A2-A0SX 12.2495733677396 5.95333218042098 10.4682560961613 17.2905726473525 17.6310788932084 19.9008147633449 16.0894332702147 17.2803339663863 19.5974570022793 18.5778899079152 18.7741978200324
TCGA-A8-A07F 12.9382929697104 8.57787641492361 11.0721442871555 17.339843495262 17.4280365365327 19.9455996185383 15.7983829139478 16.9569689246471 19.4069228241509 18.7203926646027 18.0177455402763
TCGA-BH-A1F2 3 6.78435442723443 10.1454316754019 16.3986151706891 16.5478418265624 19.8629249421997 16.6241182443242 16.7182482646813 20.3131510629763 18.9689225031073 18.6406627659016
TCGA-E2-A1BC 3 3 10.4472823989471 17.191367395352 17.9477738967176 18.7358059312204 16.0412595433191 16.6323862850671 19.3895942921335 18.4290300727489 18.8701470032589
TCGA-LL-A440 11.0112763718528 10.177719032729 11.5161271859794 17.9220833786733 18.3678407344135 20.0993392377489 16.2636315571206 16.883238530965 19.5355865868943 18.8854471229945 18.6081324286998
TCGA-BH-A0W7 11.7809067908898 7.21232078801837 9.96871354315772 16.8869853704312 17.8341152237628 20.6061149499929 15.8811461994956 16.8399831381918 20.4998567943175 18.9489018530964 18.6490511881204
TCGA-A7-A3RF 7.29015876460447 9.49216428558641 7.34798993294294 16.8901518564924 18.6193860629835 20.4919855208531 15.0926597769154 17.3870997050459 20.2460075174411 19.130527654475 19.705456267987
TCGA-AN-A0FK 3 9.25294722329074 7.86131972187526 17.114115837771 18.0908570890177 21.2666350013783 16.3535853903019 16.3581669743469 19.8217464025578 19.428404230878 19.146596737019
TCGA-AC-A2FE 8.67270146167679 5.9375810539152 9.28551246169431 17.4431696989331 17.1693150394739 19.6722238065358 16.3556585661339 16.721972533075 19.6574578840958 18.892940613963 18.7171637934951
TCGA-GM-A2DD 3 8.73606031774229 10.8767569045704 16.604933088678 18.6365141095851 20.0392473829975 15.4221570880253 17.0036808715338 20.0249188853083 18.4563994771133 19.0213653781771
TCGA-D8-A1XD 8.59229477742687 7.31315934431401 11.6137067837318 17.0789340495379 16.8207488768438 19.6755053232728 15.5206817199958 17.4378136284258 20.1783675326086 18.1947022218437 18.7033889522018
TCGA-AN-A0FZ 8.80022730562869 3 10.5273234382385 16.498437795359 17.9847298713145 21.0611615022346 17.7954454896867 16.5195513234246 20.4286982655945 18.6655608954614 18.6777122395046
TCGA-A2-A04P 7.88589819774202 10.9112014851465 8.13153967598179 16.4494692730265 17.6725204300769 20.9279175825861 15.0682824838535 17.0023102221387 20.7373771158043 18.1960192864462 20.1748965797898
TCGA-AN-A0XT 3 3 11.0094374156698 17.6302148988197 15.5120135369104 20.1075507615821 15.7167370729498 16.6240476757475 19.4729065743151 18.7624093773232 18.163237390985
TCGA-A8-A0A1 3 8.49654550207765 8.97121034185466 16.5541990150701 17.896662846158 20.1020607783776 16.3940981386829 16.6644731089775 19.7144522774417 18.8396932912404 18.6017879185834
TCGA-A8-A084 3 3 10.1383344031763 15.1942665849289 17.5498469581751 20.4911374521129 16.3140778253927 17.2734749217731 19.5181410482376 18.9547627953771 18.8325494665976
TCGA-A8-A0AB 3 3 9.76958549390894 16.2025748121006 17.346816964042 20.0077790832464 16.4334704918454 16.7721534546734 19.5663854067551 18.7498255127935 18.5214598779134
TCGA-AR-A1AM 8.83012634042316 3 10.4356597108077 17.2210424298571 18.1578713464026 20.3486519501088 15.8681830634003 17.1586626801624 19.6880480388335 19.0794701219197 18.9413857107554
TCGA-BH-A0B4 3 3 9.89139351414528 17.0562238242008 16.8099363346972 20.5140525715426 15.9519908623864 16.9579442286263 20.1004255475949 19.1927706231461 18.6933138252582
TCGA-A8-A09I 3 3 8.25233464865241 14.6631480239497 16.3388102321506 21.5544159848921 16.0400279474611 16.9756741447608 20.4345575604121 19.1485795540819 18.3515608992865
TCGA-A7-A5ZW 7.62719933589921 7.87906761115638 10.2231397764661 17.3950638044923 17.6596441111121 19.9661642837392 16.2687761875538 16.7805516981451 19.5787688552147 18.6045047882756 18.0055841476576
TCGA-E9-A1R4 3 3 9.0485659645897 16.6485442673233 17.7547882404442 19.9793673208341 15.7973441561117 18.0016188015929 19.681063303007 19.0075395917854 19.0338882884907
TCGA-A8-A085 3 5.60967304355024 9.87154875340438 16.3592793101887 16.9740034907307 21.1358354806593 15.9775523335859 16.5895576932781 19.5069484171464 18.6712182739471 18.4900217954002
TCGA-B6-A0RN 3 3 7.83051164992821 17.5377567098391 17.9609920055094 20.0313427873028 16.4387114666345 16.3235978962558 19.3943636115125 18.601518862856 18.7124994335067
TCGA-AC-A2FG 8.79626224818925 7.51137055061507 11.5033058555906 16.7711484979799 17.8990733895314 19.9171389468596 15.7684456829811 16.7215154070501 19.3679905419735 19.1322087463824 18.3483552707362
TCGA-A8-A06O 3 3 8.25130481011217 15.8580923570414 17.1311640736704 20.415577133989 15.6353581700183 16.4584399442819 19.8258459615586 18.9567506428674 18.5464091349022
TCGA-BH-A0BZ 8.68988097657868 3 9.10620610422326 16.6657310458311 17.5307730463441 21.1752349166372 15.7424029943477 17.1906285337927 20.0176130946914 19.213890314858 19.081488937557
TCGA-AO-A0J9 3 6.28514823397497 9.92726374483858 17.3404946122161 17.8833608887315 19.9181377735324 16.1801198214612 16.9475808848848 20.4132918367943 18.1141060213911 19.329162714615
TCGA-D8-A27P 7.4409084051026 6.21403064174684 12.817856683215 16.7908558959627 18.1404549059814 20.0967201399275 15.6414632247563 17.1283174951418 19.378657135512 18.9879570404864 18.7081010245376
TCGA-A8-A07J 3 3 10.3350827573781 17.294493155894 18.5778054645452 20.0453432041355 16.0318628122937 16.748697758146 19.7520572105821 19.0689503445658 18.7737528212659
TCGA-A8-A07I 3 7.38673600238012 7.94073129048093 17.2354669564523 18.2792064778101 20.0649842039973 15.5906827366041 17.2782496407397 20.2595689971742 18.9414543821194 18.6184314684019
TCGA-A8-A08B 12.8295612876752 3 7.48446912431237 14.7261151213207 17.8242951514835 20.4319799073293 15.7846919019881 16.3587852060933 20.0907015945495 18.4451711100049 18.1960745507139
TCGA-E9-A247 7.05206567457477 3 9.68936671298362 17.0817164893432 16.5435547770566 20.7139176552719 16.1058635561051 16.8595516137027 19.9950222945403 18.7990549142022 18.5492193742193
TCGA-BH-A1FJ 17.2580338202108 5.77818659463708 8.90691706576898 15.8037058611036 17.3994215551081 20.3583796586721 16.2344887333239 16.8995413223334 19.3974726889436 18.6677864346005 18.199032962544
TCGA-A7-A4SD 3 3 8.21103951582211 16.5194728178354 17.4208254793643 20.1064265678437 15.7237019066283 17.2963783329995 19.2936510008042 19.1754128306733 18.4069636826814
TCGA-A2-A0CU 8.37270650848098 3 10.0283450769551 16.436097485439 15.8532095437418 20.4709110557151 15.7676389728719 16.9205370282725 20.3516370072889 18.8316794857867 19.2719690530332
TCGA-BH-A0B8 9.30120199513592 6.50725422214882 8.88290262325542 15.8154245734092 17.1852583075447 20.3041786797954 16.2157955168859 16.6665852335225 20.0996136260495 19.1610452897205 18.7730148084547
TCGA-AR-A2LR 3 13.3106426416731 10.4639740087022 16.1475970619122 17.7333205065544 19.9334387431328 17.1227910369594 16.1541557573231 19.6016326946751 17.8765589007426 18.5855110243128
TCGA-BH-A0HI 3 7.63974357289312 10.6459336315329 16.3436227357517 17.716699162963 20.5553057158269 16.1150657919377 16.3541211052149 19.538753770196 18.9829022867966 18.8631335391124
TCGA-AN-A0FW 8.12379016375304 12.5931862124326 9.83983750568972 15.9853478410068 18.1446388625259 20.8575162999369 15.8846352212183 16.2067522707835 18.9100557782533 19.2497484479281 18.2415842963729
TCGA-AC-A23C 8.9762767951112 3 11.3301344727665 16.5827851168983 18.1344225832798 20.2080525411933 16.0511363240183 16.1873711998298 19.7342886326372 18.8070439357233 18.5805550726037
TCGA-B6-A0RI 8.17998605579207 8.84162905924508 9.79849363354586 17.3320543006362 17.9330848695951 20.2942285983445 15.7503501887676 16.8247593113491 19.4385210342485 18.906065759896 19.2941214089067
TCGA-E2-A152 9.06568059202353 7.21546353389658 12.3585989028541 17.1679450146874 18.1068111332636 20.3939070227824 16.3187971247397 16.7436134617325 20.8402954967238 18.2914621247735 18.1631784701035
TCGA-A2-A3XV 3 3 7.43442256210365 15.1344030707752 18.1263133473332 21.445273738146 14.8014751927271 16.9290909676644 19.8313289678284 19.6823524509203 17.9457838875637
TCGA-B6-A0RO 9.4294450603245 5.9650128004408 10.2119521270857 16.0354123130892 17.9234145065059 20.7807440088799 16.8929573608693 16.3793655818355 20.6020575881852 19.5137434813049 18.4267468607882
TCGA-A8-A06T 3 3 6.25820493141361 15.8236322576645 17.1365979570386 20.037071877365 16.5204972507931 16.950186749495 19.6004435372118 19.3108698040121 18.3911490158986
TCGA-AO-A0JB 3 3 10.0006515097803 16.567654920932 18.3004699767709 21.8851653318238 15.3104944472504 16.2186337375795 20.131111927416 19.3704214639345 19.2898574017866
TCGA-A2-A25D 7.4519583102961 9.08255336825632 11.1821483257952 16.5957195093637 16.9595372539549 20.2297184370391 15.6576395022777 16.362347438844 19.7927720615056 18.869239715402 18.7164309301234
TCGA-A8-A07P 3 3 8.02530749860515 15.675024221553 16.8122362071213 20.5348812900127 16.7451553961646 16.1269105320094 19.6900094694548 18.9780309836929 17.8823215961722
TCGA-A1-A0SK 7.17097466428431 9.48186526516687 10.5199079115068 16.2210567283106 17.5368098473279 20.3598249397737 14.9839378145746 17.2233939802164 20.0532863624938 18.074627003634 18.9436324712837
TCGA-A7-A3J0 6.94198537670344 12.5008157786327 8.82457441980147 18.3397984692049 18.0604700439881 20.6545763351267 15.2442823058064 16.7458385093143 20.3550032848524 18.765511958396 19.2414615412812
TCGA-A2-A04N 3 3 9.79705370593532 16.6983212057858 17.8389935378488 20.0838217051581 15.5416803001568 16.7188438210257 19.6078269764035 18.2083963578691 18.8766141808561
TCGA-A1-A0SE 7.24670163511272 3 10.1601999205319 16.6567767529485 17.725922734882 20.1824278673446 15.9668978610379 16.7464237931601 19.4130433864017 18.4625380968374 18.7151034469472
TCGA-A2-A3XW 20.4291852373682 7.67618812243232 11.2004463828495 16.5703874470604 18.4623738215927 21.1704857010875 14.9741274470511 17.0762335661119 19.8195974880231 19.5135283087625 18.8637002073889
TCGA-A2-A0CO 3 7.15510701075523 11.4078175993054 17.8057150444466 18.1031911007535 20.0094085416224 16.0638082372507 16.8315803446024 19.5013309431214 19.0332585849462 18.5994522806289
TCGA-BH-A8FY 8.99229252584443 3 8.57548051698045 15.6360612334628 18.4750275562735 20.7523710072123 15.003628422774 16.5793968538995 19.6432570783371 18.3800863825003 18.7547559083592
TCGA-AC-A2FF 10.7786273745775 8.11246738153863 12.1478535871361 17.9100099146784 17.6936997526978 19.7429449630547 16.0186728091018 17.0856454632367 19.9359945756977 18.5928689585953 18.6473235845015
TCGA-3C-AALK 17.3564409357393 3 10.0938042584403 17.1509393719642 17.8685095282557 20.740142558578 15.5472252386729 16.8551602409543 19.6420798576283 18.7371155951075 18.9396441345067
TCGA-A7-A0CJ 3 3 9.24542405580461 14.3488939496677 17.6965523051138 20.2259438451784 15.412566898496 17.0979316879851 19.1103293673735 18.3334979188481 18.4413069843224
TCGA-A2-A0T5 7.41228668034194 3 14.5755983924849 16.6127036217438 18.4476879811711 20.3044045824204 15.897502559806 16.0397413209295 19.5078463974915 18.4122732611084 19.0096727751452
TCGA-AR-A0TT 3 3 5.11415331500641 17.2823163815933 17.4179511181865 20.1744675595065 16.2113659928162 17.7820232668913 20.0806439054742 19.1407189738099 18.5003368458138
TCGA-BH-A209 8.01707651177417 5.86193287415726 7.97248663153423 16.5619456539776 17.5793962806459 20.5274856984918 16.0173848126148 16.6264722234524 20.5596292172975 18.5637601584405 19.3171452347306
TCGA-AC-A8OR 3 3 12.8966146090803 16.1435188011326 18.3549061917566 20.6177324361888 15.88413513072 16.6765177638291 19.3236410982347 19.125168409824 18.5657065289514
TCGA-A2-A04U 3 10.7038987864051 8.3911268787218 14.5559919150801 17.1934360879998 21.2592210427805 15.8650973826893 16.8719815093502 19.9396021075023 18.7932991796434 19.827983278268
TCGA-A2-A3KD 3 3 12.1433680520367 17.0775163500157 17.86763415426 20.7661725690851 15.6009464706539 16.5966645137276 19.3756154848279 19.2135847793964 18.5887301761792
TCGA-A2-A0ST 3 6.35010239779199 9.60040377181919 16.5823215325741 18.0615597504461 20.5690039088938 16.1279647831913 17.0434566282978 19.6205034673026 18.9008734098358 18.4974534346225
TCGA-BH-A1FU 7.61614210811789 7.86793539802678 12.5730551603037 17.4994344721183 18.3094854484969 20.1477227772463 15.949907173459 17.3768343247115 20.5303003752314 18.5883453013898 17.8615510335425
TCGA-A7-A26H 3 5.67729351693726 10.1887919556266 16.3347038378067 17.5996463853105 19.8877443897789 15.999041996017 16.745758587769 19.1718096318495 18.6563135980318 18.1273899731527
TCGA-AC-A2BK 3 3 4.89969445553123 16.7621930499453 17.673693764334 20.5065426060145 16.202322310564 17.5123894157142 19.7501056223959 18.305622208523 18.7892868559902
TCGA-BH-A0B0 12.4625852672185 7.81992808397869 10.261157927528 17.0530533969811 17.9065340794215 20.3422408842555 16.2426624579286 16.9831618667997 20.1910256525985 18.755414155115 19.081139947774
TCGA-A7-A6VX 3 7.75292146177571 8.62673158900704 16.5906493957258 17.0593143127506 20.2415187639444 16.2509125563348 16.8555798979877 19.3819870946529 19.1375950027068 18.3118302833837
TCGA-AO-A03L 3 3 11.0616892640132 16.151257958237 17.2344332811675 21.0300798738633 15.9362409772338 16.6634608747775 20.0137001118288 19.2854140517191 18.4716730517647
TCGA-A8-A07S 3 3 12.4591108497453 15.7358211503099 18.2665166083451 20.5063229838505 16.0578415767118 16.9704877535216 19.3732298590557 19.0501280739369 19.0871858004711
TCGA-C8-A3M8 6.96218212651323 6.66187309868866 10.68167536174 16.7958655504453 16.574634891821 21.5690866832615 15.2950102004925 16.4822976785309 19.6655751534412 18.7224840002943 18.715222609093
TCGA-A7-A0DA 3 9.5907102247174 7.51658003111991 17.1758711495226 17.4141747543152 19.9196066964187 15.761307929994 17.1174108733908 18.7341291009142 19.4200439401262 18.3249904214543
TCGA-A2-A3XU 9.61685362788645 11.0913521398296 8.69115719135027 13.6699494183076 18.9013365708222 20.9294070634553 14.9269085154193 17.3368056051174 19.427986931926 18.9152083043348 18.3889761855849
TCGA-AN-A0FY 6.92875850641022 9.33275696960895 8.36759990987365 16.5372503871757 17.5145396728599 21.0670446482484 15.6818713266951 16.926769446553 19.9526454146734 18.3766381634404 19.0525032756184
TCGA-4H-AAAK 3 3 9.92055538454257 17.331270181445 17.4651711979849 20.1078226900963 15.6872940064705 17.0265287192982 19.6201995781235 18.8154790639307 19.6025632394092
TCGA-A2-A0YM 3 5.91120017949335 6.71824972973663 16.1455970692584 17.9959672576389 20.0333646614498 16.0569721585547 17.2066947489749 19.8327229679672 17.984331186224 18.309056419166
TCGA-C8-A1HI 9.3977811430502 5.71127258884684 11.2729730346843 16.6134422416719 18.2193660518311 20.4892156299086 16.1287437529119 16.186761290173 20.3356880968228 18.6765351302403 18.5379728425676
TCGA-AC-A3HN 6.91313891046172 8.52240219400971 11.3294548760239 17.4624278000988 17.5869666578866 20.6334669516695 15.8805917700666 17.1287824686614 19.6492003248829 19.1949045765386 18.6887563104982
TCGA-E9-A54X 3 14.2203831931927 11.6146787617346 16.3103007852408 18.4890598714919 20.7297892905343 15.6129349906044 16.5305070480261 20.3107196618472 18.7064273558245 18.924078850979
TCGA-BH-A0H7 3 3 10.4921216561042 16.3422142641435 17.6056866394156 20.664634197739 16.1328111305188 16.8878198057341 20.0722235655976 18.5617361653329 18.1195534278809
TCGA-A2-A4S2 3 3 10.2089124015652 15.5490187809804 17.6800994899741 19.5645774782454 15.6939091941788 16.6386600097478 20.0035346213921 19.128804123204 18.776701988132
TCGA-OL-A66L 9.36921401792895 9.7784422203266 9.42937417742702 16.6097156453673 17.9738665569014 21.0776488053645 15.2596830172134 16.2350106116984 19.5721846076555 19.6286679438944 18.2846578928373
TCGA-AC-A6IV 12.6987723742213 6.06534793804666 10.4213461564371 17.953148021284 17.4197690001413 19.950202811297 16.01840250833 17.0175217855713 19.9325192952953 18.8698881869432 18.4937394071439
TCGA-D8-A1JH 11.6029819889138 6.54694233530777 11.7859870238357 17.8369882566778 17.7870997683636 19.7924543136075 16.1731779972889 16.8172364214282 19.7966035519506 18.5010158804121 18.6492695715635
TCGA-E2-A1IF 3 7.25496205314925 10.5170422073569 16.5886686184257 18.5191919531738 20.6992737226714 15.5402075045496 16.5813872944075 19.6343663944682 18.7719972099197 19.1169175647234
TCGA-BH-A1F8 8.5568215220726 3 8.91889190813921 16.2295195414231 16.358347785739 19.3485708165281 16.8485006324403 17.7699996514264 19.5572476919048 18.3843512011727 18.3358773997673
TCGA-B6-A0IE 3 3 8.34574444124741 16.2508848243535 18.0387692649551 21.0654626704646 14.7239319611082 16.9303651755685 20.1469702177997 17.7562735313185 18.6328824946401
TCGA-A8-A09K 3 8.53326315845019 9.52736169935307 14.516849361839 17.0052355344186 19.5704326165105 15.6596392661444 17.1993691650766 19.6594104235271 19.1837068549188 18.2825038483205
TCGA-A8-A08S 3 3 7.03815536706217 15.9320430539539 16.1915356902639 20.1618725533339 15.7455026172465 16.2120521821962 20.4062205870076 19.1124856410124 18.4209133185878
TCGA-A8-A08G 8.51049708924338 9.28915975175291 9.68471527919796 16.9768403863758 17.8895963008294 21.6360518169264 15.6417736298267 16.9016937103827 19.8557348728105 19.3366392198577 18.8919185392189
TCGA-A2-A3XS 8.18600719197712 3 10.654454669038 17.6107974051019 18.1648552785421 20.3683046122066 15.2472362117183 16.8752109678348 19.4910494695462 19.3496478401714 18.7357643153801
TCGA-A2-A0CQ 3 3 9.69438227132333 15.0414602509905 18.493070222068 20.7051722387003 15.1858268164745 16.7548386623161 19.7447030991869 18.0991196203599 19.8752047888265
TCGA-C8-A12Q 7.10677842215843 7.75170368011323 11.1858941718146 16.8949488058537 17.6407594087688 22.151736900762 16.1121592686474 17.3184253461852 19.6331822539451 18.3221478605947 18.8442846308623
TCGA-A8-A07Z 3 8.54509430571318 9.27938681266932 16.6656591695135 18.1724493990951 20.6630464752862 16.0636886249986 17.0980495267872 19.5880022413841 19.6994767748713 19.2559117057841
TCGA-BH-A18U 8.30691705571171 7.0372811749747 8.46349391762062 15.3966477967695 16.9527353892286 20.4825047829478 15.81434179975 16.9581996995034 19.9396391643788 17.9087486795405 18.651429975899
TCGA-BH-A0C3 8.53957341846672 9.01468057218772 11.4523700261386 17.5814672684648 17.7673192189355 19.5733597099665 16.0106303679086 16.8795510319952 19.6279914465301 18.6313254820569 18.5538133950554
TCGA-AC-A2BM 3 10.8720141379477 9.59105955291199 16.1201502856882 16.9410232924979 20.3307488478447 16.449191529061 17.4264206695029 19.3891650560525 18.2880360003138 17.8571107340967
TCGA-EW-A1IY 7.9366359652943 6.6823548236408 10.4175178709306 16.6365323686109 17.3991670849861 19.2840142779913 16.6465066935441 16.1085635513954 20.7489654661964 18.263953134521 18.579080755411
TCGA-A8-A07G 10.3652423341324 6.04894598244961 11.074784520528 17.0367788929365 17.2998407500886 20.3508366483692 16.2405012551773 16.6127089003723 19.3916316238708 19.3534228962675 18.5883696323109
TCGA-A8-A09B 3 6.06982192633896 8.66248242314104 16.9705835300112 17.634890869724 19.7307671035 15.7847171242462 16.6977323480526 19.2104732361304 19.4406302432457 18.9444351903872
TCGA-BH-A1ET 6.64858005983019 3 11.5868792590329 17.0004699572056 18.2119069767119 20.0014936643947 16.2210696203501 16.4205950243487 19.439643784135 18.7090554257555 18.7003921126324
TCGA-A8-A08L 11.3663608653862 3 9.01648072939673 17.2221136442533 18.2700131945836 20.8061502896006 16.07095014576 16.0885719218511 20.3940764536629 18.8228618903316 19.2210474978362
TCGA-AR-A24P 3 5.83965396915967 12.3412599226121 16.5312072499413 17.7927167903654 19.8035403216002 16.1845304488694 16.8070873491564 19.6303726017925 18.6944243011428 18.6480934274131
TCGA-AR-A2LH 7.89064900526764 3 10.3132558626835 17.4127379482037 18.5485084116656 20.3395007997243 16.1136118709812 17.3607295688998 19.7435244244411 18.9781576416257 18.2931887433694
TCGA-A1-A0SP 7.38076708898191 14.9811271890961 8.76011792784447 15.5931766903273 18.5573926543313 20.5925408503386 15.7528607752117 16.2986809705437 19.6543376331873 17.9816929625047 18.3394325858607
TCGA-AO-A0JL 3 3 14.4684682172534 15.9302989330123 18.040875047039 19.6898233144209 15.1638992738752 18.1330424294515 20.7454306262886 17.8885865307646 19.2601798357671
TCGA-AR-A2LE 3 10.4909742543537 10.8612376381278 16.1029437347909 17.2792587851581 19.793424595713 16.1809682565179 16.5707039447439 19.5101927904267 18.8270578002822 18.0440676200539
TCGA-E2-A1IU 3 6.29273454905708 12.8908046348606 16.7817260158317 18.3509994607761 21.7648463418621 16.0828805717532 16.5377428277117 18.3727238983474 18.800463444731 18.489392614806
TCGA-BH-A18H 3 6.63276711151673 9.56318164530502 17.0140825413393 17.8601065462364 20.7837892009998 16.3472953915707 16.6353634041275 19.8881050750663 18.6587670737714 18.4597888385948
TCGA-BH-A18P 3 3 9.82036554240283 17.144233875993 17.9736748885752 19.2533270196088 16.3559063147757 16.6755527038691 19.7946564518926 18.6158330803664 18.2961370926653
TCGA-BH-A0BP 9.39213389617048 8.09433375565996 10.3377660636729 17.1819877335175 17.2830012576866 19.979376047419 16.566981514341 16.7896663740804 19.7787284901969 19.171658650282 18.9903893520834
TCGA-A8-A06Z 3 3 9.22890930133494 15.391970772696 18.9043465108152 19.9059426384635 15.4878547090262 17.0113553646065 19.2943842068695 18.9930119767107 18.5163287480956
TCGA-A8-A07L 7.33011303873929 3 10.1350787113089 16.7654298868813 15.9992182553515 20.2527593622494 15.4411604622109 17.1800497263382 21.0021074891175 18.8873145659213 17.2915552259595
TCGA-B6-A0IH 7.81369678254716 10.6153838280283 12.0064828338233 17.5643851169754 16.5926659508657 19.836331650288 15.9171333065622 17.1227974437993 19.1401622600496 19.0413534028482 18.7727795339604
TCGA-A8-A09D 9.04557447916945 6.2727904553574 9.10555317743787 17.6303017643318 17.8091051680355 20.4096231374208 17.2926271500151 17.1463173867414 20.3034119129719 18.7786108015407 19.0675637956271
TCGA-GM-A2D9 9.32894740778711 7.07570841688076 10.3283078753098 16.1012573777297 18.101702915306 19.7590610523907 16.4209749616658 16.65831395408 19.7609822182023 18.6040182171969 19.2255430197386
TCGA-AO-A03V 12.6565413855243 7.13076843759541 11.9832824803098 17.5606946998271 17.9071239423981 20.1779456766468 15.6173720236532 18.6118114862058 19.9312117048648 18.6836298895814 19.2296795475312
TCGA-A2-A0SU 8.63524561013255 3 11.3716066244851 17.3213049778271 17.9843382612467 20.6414694967183 16.4347983810555 17.1164830976211 20.5506317480151 18.7983782115504 18.8751136454294
TCGA-BH-A0BQ 3 3 11.129277858 16.8435819292999 18.3332526034591 20.3324687571006 15.8729565035676 16.5792632081444 19.4234406938352 18.8228715952491 18.8432084198361
TCGA-A2-A1FW 3 7.72849230407397 9.12867550828469 16.7942206847142 16.8069210574166 20.8359326356544 15.7102554436883 19.1847100882064 20.614889202165 19.0931084114897 18.1277866736147
TCGA-A2-A3XZ 9.20880866068623 3 11.0480716018643 16.4039325973181 17.843873753046 20.8194092125037 15.2734887034675 16.9736204918285 20.0555942999947 18.9474903452351 17.9264836764342
TCGA-A2-A0EM 3 3 10.9209920479144 17.6738243605394 18.0821804893341 20.2984579016098 16.0764554134301 16.7476826696991 19.8742682156724 18.9155871902198 18.6887241583907
TCGA-LL-A5YO 12.1526045144346 9.40326045529017 8.64423661665253 16.3897276440579 18.8578718192057 20.6733226037926 15.9423289886202 17.2028726154612 20.540422502509 19.1607592159456 18.1059803856122
TCGA-A7-A0CH 3 3 11.6670842575657 16.4513664911948 17.9797515474474 19.9389231369308 16.0063771195278 16.6600669516724 19.2586590851079 18.6598968610821 18.5462676285769
TCGA-3C-AALJ 3 7.43965831289219 7.59445501244407 16.675580348529 18.4071943526719 20.5744215795583 15.3263782042167 17.7978624292416 20.0366804942107 18.5475347851146 19.548062921584
TCGA-A2-A0ET 3 3 6.34445656646555 14.3725437500826 17.2748407374566 19.2513794323559 15.9812073709203 17.0055581277434 19.9930521425098 19.3195262606122 18.7606986937632
TCGA-A8-A076 7.09069894854058 7.33817042997234 7.7702562513915 16.1682486819877 17.0879906591581 20.3903236723824 15.9138902451995 16.7226504290923 20.2021792230041 18.9550336758927 18.4000940369107
TCGA-B6-A0IK 3 3 10.0575319230144 15.9922613828412 18.4379911963262 20.0561765895556 16.3860647795965 16.5236106479449 20.7882872464228 18.5314609849961 18.5466372986948
TCGA-BH-A0BL 14.1660941586612 7.30241055440751 11.1313652596355 17.1045079482519 17.4806139080906 19.8112004153772 16.0349637929141 17.0524905879215 19.9215523836387 18.315528205821 18.3171431896629
TCGA-A2-A0D3 3 7.89649832713883 9.64804723186888 16.6886309868366 18.3836892952197 19.9612495241687 15.9964055406125 16.3586030184639 19.3638452632066 18.9241511548595 19.0094203112691
TCGA-A2-A4S1 8.64677332512175 10.3034674861633 11.3990550538449 16.5341711208647 17.3899454166951 20.7998203341256 15.8908053531555 16.6025460297625 20.1921778777163 19.5075967526924 19.0648845786001
TCGA-AC-A3TM 8.71489722994651 3 9.76140612021418 15.9131641451277 18.5474781090759 21.5557993705711 14.9578310670127 16.3556102125703 19.4946497419033 19.8119985154787 19.034641768399
TCGA-AN-A0XP 3 3 9.76405352517403 15.4154110823679 17.0871577579741 20.181388731801 16.3875407167511 16.2821385186976 19.2574396912798 19.1633821047403 18.7117042142658
TCGA-A7-A4SB 3 3 9.12424214059211 16.8927160435733 17.835635425834 20.1606946631495 16.4779896464717 17.9880349121241 19.2469225797477 18.8395574878339 18.6104723548317
TCGA-BH-A28O 8.86683475768248 6.11101585805525 10.4257684337876 17.3967442627248 17.3901315530384 19.6669539540234 15.7777218867478 17.1594140947602 19.3044833439384 18.7815026187685 18.4039388681495
TCGA-E9-A22B 7.19798138574536 6.89421697823782 11.0764735305099 16.0895345395112 16.5388682814834 20.3001073179412 15.9990671416044 17.8190664607294 19.9914983357699 18.0405133592657 18.2810781443063
TCGA-A8-A0A6 10.8472576292401 6.63837036909842 10.8014270321991 16.6397471816348 17.8994420837813 19.5928189152421 16.6268235712332 16.6707142386512 19.8874663922401 18.0642746825117 18.7703427747862
TCGA-AR-A1AU 3 3 11.82412632601 17.0193941187051 17.9529484435224 20.4495655829365 15.8066209547208 16.8725607949381 19.7353231576959 18.3682225761509 18.9120360507949
TCGA-C8-A8HP 11.8707615615831 3 8.51565807913977 16.7309109893529 18.530515216442 20.2875711554591 15.6149763804754 18.3678274764297 19.8301089985587 18.6494224650901 18.8453090829904
TCGA-A8-A075 8.93403784578841 6.17161631424199 7.63795041047019 15.8291064855774 17.2423212778481 20.6777975394295 16.2041613632969 17.2048035951289 20.5239278550913 19.3674802705263 18.8601126845346
TCGA-A2-A0D0 3 3 3 16.0297195541965 18.9763574093638 20.7345362513759 15.4502017972513 16.1977110330221 19.5404693521221 18.4076676732345 18.9211739015191
TCGA-BH-A0DS 3 6.52975015434274 9.69047709717523 16.6224638778492 17.5821879739251 20.4079288342068 15.7291675281717 16.8373427488468 20.4661579083662 18.3799857763785 18.637428079244
TCGA-A2-A04Y 8.09515362232985 7.78233868513822 8.5841620871887 16.1241201928635 17.7250266788 20.2624133480648 15.5265542969497 17.2570952195334 20.9489083862963 17.9761803964687 19.4199327520911
TCGA-A7-A26G 6.92519989710322 8.98595791306592 15.7073271435688 16.8815527442061 17.5224006551053 20.0264542264102 16.1179763133108 17.1967454381833 19.7432837737953 18.1286018378817 18.8983840224909
TCGA-AC-A23H 3 3 8.22135800214757 15.7387513991471 17.2348621372654 21.6860616259878 16.126340823001 16.5392745261876 19.9535550495046 18.9575429800497 18.8343597745789
TCGA-AR-A5QQ 10.1481186154155 8.52429481526872 7.15297520707426 16.4461292436841 18.8667346045427 21.2709362742046 16.4890786579818 16.427240190506 20.2822420415484 18.8957262368401 18.3388973752329
TCGA-BH-A0E0 9.75932944687037 3 6.54384231050631 16.2451217451531 16.3503576409548 21.0613069570746 14.8623979846814 18.6697560277567 19.7755759970514 18.483266276568 18.5514031287478
TCGA-E2-A1IN 3 3 9.68620536543614 16.8061318236235 17.3000835920195 19.9081429093172 15.8702905857319 16.4596268222392 20.1718082823362 18.1953803181128 18.4908613245553
TCGA-E2-A1IO 8.88228932779408 3 11.6590416593965 17.1563752654934 17.136787050263 19.8383999315658 16.2270851119628 17.0588263084898 19.8032775763391 18.8288829871779 18.579654851447
TCGA-BH-A0C1 7.26521643011196 7.91347064207214 11.4117218270824 17.145864050259 17.4876971924942 19.8401420063637 16.0837679460714 16.7146502738385 19.8070878796374 18.8971046632064 18.7381890060536
TCGA-E2-A106 16.186792999055 11.6033111833081 10.6212557527906 17.206199539092 18.3188290112284 20.6694089278946 15.5999852661672 17.0572055440361 20.3763046197522 19.1340008552067 19.0042833874599
TCGA-AR-A5QN 10.3631044646541 8.90324005845096 10.8314199094037 17.4260214303999 17.3038458928335 20.0361875707618 16.0227788859035 16.8643341623417 19.7434540399313 18.6829531113724 17.9921363420443
TCGA-AR-A254 12.4824720708034 5.82238636937704 7.56365384804376 16.9515436852196 16.7298718076225 19.859139214658 15.9094748351799 17.7702273066454 20.1353350618529 18.118750779502 18.9482454641351
TCGA-B6-A0RU 3 11.3836058328826 10.0343494065711 16.4233602420721 18.0194343688904 20.0896664030731 15.9080085938976 16.405917444451 20.241469266117 18.6003701738657 19.114691873718
TCGA-A2-A3XY 7.86855800333375 5.73053103857549 10.8853045341957 17.0235191653541 18.1460378688545 20.5445534327645 15.7135304409184 16.8705806577271 19.6354032433266 18.9176797391633 18.4636107199039
TCGA-BH-A0AV 12.0755069642065 9.08283626380971 17.8495621862403 18.2785632432781 17.4994708279953 20.3540738978984 16.0080899554493 16.4723933944107 19.727492429655 18.6856296986891 18.3591374240733
TCGA-A1-A0SG 7.38518657481187 6.16198002456202 11.3273523631696 16.9565982083514 18.0112678243327 20.2681477142761 15.5524275664044 16.9132923443911 19.9808534076584 18.6637940042568 18.9032900192521
TCGA-AC-A5EH 3 7.83691028527915 7.43091956940386 16.9862938213261 18.1213592531182 20.8888867810363 16.0224338791694 17.4411621770214 20.058550892735 18.2177146843116 18.6568134350044
TCGA-C8-A138 9.75726010348341 8.04967275654147 11.1723230449914 16.623636216508 17.8305310154083 22.0102261299534 15.6594002135004 17.4714255945152 21.1474131527813 18.3272786095613 18.8957795961918
TCGA-AR-A251 11.5971219644447 6.12386933329847 14.4157825707475 17.972490683953 17.6084977020746 19.4192412936541 16.2660110510826 17.2908777940053 19.533552538589 18.990094051892 18.30163428977
TCGA-A2-A0EX 7.6796701038783 7.3703643772991 10.6379250511753 17.4917577302294 18.3031475889174 20.3537243038562 15.8193051704454 16.4193310646631 19.4412612323598 18.7118435816647 18.4984498858179
TCGA-AC-A62X 15.2136916493012 3 10.6190070811996 15.291866477601 18.0568166074087 20.2132892405069 15.9121267148601 18.0200720789799 18.9314813825884 19.4844945237517 18.2048571313396
TCGA-GM-A2DI 8.49737232114974 7.22119722495073 11.8714334213059 17.807272487024 18.3754123304615 20.0190592423171 16.138702873066 16.4073080853295 19.6360417389649 18.7636160204964 18.8732939961642
TCGA-D8-A1J9 3 6.60072851447738 9.1188345973971 16.7698305153852 17.8890856643927 20.4992464384966 16.1478457775707 16.6600549628896 20.4516911466312 18.5636516969168 18.1603202835523
TCGA-A2-A0EU 10.2186005253976 3 9.4268081136285 16.8820891134521 16.7685472251328 20.1198959015374 16.4443567126316 16.4652425472369 20.0439340695243 17.846059264515 18.8185680954989
TCGA-BH-AB28 3 3 9.77081478765633 16.6904087022389 17.4536974751332 20.8316359569745 15.7062942153969 16.5551828346119 18.9431310024372 19.1104835221056 18.2641430413506
TCGA-AN-A0AS 3 10.0478082724323 12.7415657503696 17.2379350220868 17.333245858307 20.4423674510331 16.9994586437695 17.3436711787665 20.3276557295021 18.6318766987878 18.225790166728
TCGA-A1-A0SI 16.703157280371 3 9.17960471183053 16.2054816701 17.6186492332068 20.4832685861781 16.1004271662563 17.0475825735333 19.5240268546379 18.7871862470979 18.7828656067229
TCGA-BH-A0B9 3 6.42458184117874 6.33314441811041 15.6210981616834 17.3532416110176 20.8647791792388 15.628935782264 17.7843673411865 18.8626097968784 18.4547479882479 18.9622192345062
TCGA-A7-A5ZV 3 7.92576063938231 7.12454399531311 15.2836157278231 18.1718361154731 20.8913249175294 15.6340156143257 16.7211605093148 19.4728765630171 18.6859731917629 19.2135416085414
TCGA-BH-A0HP 7.20182132351541 7.84878815092787 12.2413120859292 16.9578421081167 17.8685266878868 20.1310204316153 16.2132194002277 17.278398382694 20.1194547708043 18.5396816466016 18.6665645839455
TCGA-B6-A408 7.26414791458511 6.04938616998687 8.0691573614432 16.972619221156 18.356157523803 20.3882806200248 17.1315497776455 16.7024847009152 19.8646638852467 19.3673909013373 18.6274198309411
TCGA-A7-A3IY 3 7.02193277859607 13.4996999334994 17.294829277754 18.3737560695032 20.5914296185004 15.9799804922914 16.4425088268238 19.8181699986166 18.7539294329309 18.1660095593882
TCGA-E2-A570 3 3 7.58968528759662 17.3914256524332 17.512143039546 20.3804497868239 15.6412273434175 16.5506063836951 19.9159990181817 19.181179202015 18.7316174811066
TCGA-A1-A0SD 3 3 12.4957432659829 17.362245478058 16.6249649112952 20.3768420026945 15.7244713071137 17.3527629879181 20.0480807242015 18.6923324320054 18.1516235209445
TCGA-S3-AA14 12.1138342272864 3 10.1121857494918 17.0421760387558 18.3336815260333 20.0403530911809 15.5858986471479 17.1508032301348 19.5046426419408 19.014742108293 18.7237543434997
TCGA-A2-A4RX 8.12153111839779 8.37622404557915 15.5644682616072 17.5512284681154 18.3404713899756 20.0010393355063 15.8106122117132 16.4393228922874 20.2002525397589 18.7561183551279 18.5886399883997
TCGA-Z7-A8R6 3 6.16222299052185 8.84154833833398 15.2485275855487 17.6035385432153 21.5293449500551 15.608706734938 16.1905395199622 19.9627608559801 18.7384951286977 19.2407676279139
TCGA-A2-A0EW 7.29975869032364 7.5491416781825 11.7851630617431 17.6191379804435 17.5007498591769 19.906378608392 16.0808899757936 17.0408610012292 19.7239598431876 18.7201512212404 18.5697037199405
TCGA-C8-A12W 7.65949027939675 6.41942887489189 10.4775981194583 16.4278466531135 17.2988038755539 21.5835817618741 15.5800852750624 16.5048264532051 20.0014639761985 19.0750975578591 18.1851986215511
TCGA-A2-A0CV 9.55653251117835 7.29326732714081 10.8307482425696 17.1764699480246 18.2299472544932 20.0385004039809 16.4006047378441 16.6480599870953 19.7889290244044 19.3847024002986 18.8271376818679
TCGA-A8-A09E 7.50492883891307 3 8.53234165376719 16.0425111791113 17.8679616471843 18.9892953141395 16.0686740606131 16.0158165248149 19.5025833571054 19.1656235770177 18.987161446926
TCGA-AR-A24N 3 5.87559680649486 8.79103383846668 15.9904361570363 17.6890577780592 20.0908850725994 16.2225231954996 16.4765514794511 19.5017463593497 18.4662929578112 18.6162660684403
TCGA-BH-A0HA 8.68482939012629 8.68340478252751 10.5325567721369 16.4748166179366 18.3216648806482 20.7213446210097 15.615911851267 16.6818080450138 20.0826477970792 18.147706107718 19.0823135188457
TCGA-A2-A0YC 7.04864721507467 3 9.78002642165889 16.1228123276003 18.1616857996283 20.3671045220146 16.0816360747917 16.7071072316855 19.5225786580524 18.9490644140346 18.8210129504736
TCGA-OL-A5RZ 3 8.61529198895604 9.87524574191676 16.5200105921469 18.53286270443 21.0996372830702 15.2209881411188 17.6299032108141 20.5855341293547 18.8242486895537 18.9802273021936
TCGA-A2-A0CR 9.62016189384708 7.35435400817088 10.2261675496638 16.6458447132899 18.66742030554 21.5625547994458 15.4670604661997 16.4093246994105 20.0002674563017 19.6234416206616 19.0469995268915
TCGA-OL-A5RX 8.50690521450239 6.30530503115433 11.1258420619087 17.1148844201405 18.2015950611082 20.1236407330477 16.1686737410653 16.7455365509312 19.1065283704169 19.062971010988 18.6643530440923
TCGA-AC-A3TN 3 8.09826138353595 8.6612203089933 15.3530508901094 18.1984354406254 21.078425976192 15.3309999466748 16.8035792883276 19.0269574592705 19.6718202506822 18.5945363981481
TCGA-AQ-A04H 3 5.92726892519131 9.89794605020962 17.3069127500062 16.1617490818369 21.4446840272087 15.6025050375253 16.9359635706426 20.284387381399 19.0381262154662 18.8387804616917
TCGA-AC-A6IX 12.1449283442672 6.13532466082495 10.9015215148667 17.1449804191264 16.7314229440894 20.1936460293516 15.8309038509951 17.1852834671783 19.7202324835314 18.9622166159177 18.250863754981
TCGA-AR-A0U2 10.8838079450123 3 8.87226209821823 16.2416577815471 17.7967706378018 19.6481511858007 15.7265181355525 17.241654015254 20.4243111094175 19.283401920573 18.1071788799175
TCGA-AC-A3W6 7.55832950369486 6.32413671440358 9.0196245797519 18.0449346447175 17.78083833927 20.5261646314189 15.9170698511931 16.9725795990197 19.8705926870096 19.1529559968904 18.6481736068517
TCGA-A2-A0ES 7.37107060897262 9.98764275752832 11.1281586014536 17.773988120076 17.4611272763557 19.3724250337512 16.3717630312721 16.5082990647396 19.4244878608789 18.4962198520273 18.4262439518092
TCGA-AO-A03U 8.13479998882195 3 10.1383052855804 16.8040837276791 18.882124435831 19.9643238818797 16.05003932298 17.5505954696512 19.9072027298432 18.7272854363799 18.7238723612762
TCGA-AN-A0AL 3 6.31482175405105 8.57683640148968 17.5356437159628 18.97013636329 21.4885846435503 16.3231882936231 15.7741634956146 20.1628921176669 18.8272878618204 19.0824036389451
TCGA-AR-A1AP 9.22527182391924 3 9.35162947233489 16.8812044830644 17.5737191811435 20.4989948612073 16.0080641761282 16.6529927664862 19.4322338749666 18.8807094535237 18.4667233984725
TCGA-AC-A4ZE 8.23552408651959 3 7.12061802632615 15.9450589137755 16.7195390515234 22.342729677585 15.6834208735776 17.0169241388621 19.7180312537046 19.2001326121369 18.6267904574641
TCGA-E2-A15C 3 3 10.9137772103269 17.3040907441864 18.0664481507526 19.8193692860421 15.6663035816838 16.7738361703546 19.3768373964436 19.0617184613327 18.3844849973296
TCGA-B6-A1KI 7.99376324352313 5.84120424205909 11.5360930776786 17.1593041275871 17.6172475133397 20.2967550721917 16.11615196852 16.5459837612748 20.0817375831469 19.1070124064843 18.6290981575826
TCGA-AR-A24T 7.19033554061614 7.43875292328473 12.1530305988693 16.8636129440548 16.9241236556164 19.8957638075491 16.5406283618247 16.800952885491 19.8530127291064 18.8504494204736 18.4485885322644
TCGA-AN-A0XR 3 3 8.63769210961593 15.0142787503437 17.6207244244262 20.9165599185214 15.6591836176053 16.7967509304662 19.7440990548853 19.1306232460349 18.7542066831057
TCGA-AC-A62Y 3 6.3064044879497 13.4821267879447 16.7199569572818 18.063249162634 20.6370238996061 16.0001137658891 15.8063405055491 20.0718066076946 19.1443377431198 18.6074218568105
TCGA-A2-A1FV 7.07830772107394 8.03355213378654 11.9332520688583 16.0043879276958 16.1716325922479 18.7494548252126 15.9154035209916 16.7374732124085 20.1000338534143 18.5947524770391 18.1179121368834
TCGA-B6-A0RT 11.9790455144551 7.40083919166587 11.9107828031937 16.8871090908051 18.2902260738647 20.5895763472838 16.1373178177529 16.685704195735 20.1372327902017 18.5424718928632 18.3031660881874
TCGA-AN-A0FN 7.25574917283741 6.04159819151571 10.5686093287753 17.4465929497213 17.2718383193445 20.1031632509867 16.5686204505364 16.6712904646416 20.4200079707824 18.3160376534215 18.8083797756264
TCGA-A2-A25C 14.1529863353876 6.34867648456013 9.6241129804539 17.3700513680608 17.1845945726553 20.0117610046404 16.0293162727908 16.9306024705916 20.3847209605732 18.7075385380922 18.594292427314
TCGA-BH-A1FG 7.42631810403309 9.50958033011251 12.1135871936492 15.5906001447544 17.7668519539333 20.2028392946968 16.1531163087224 16.2926194255415 19.620830606061 18.851153524595 18.8466640358351
TCGA-BH-A18M 9.32195959165328 8.02542269842399 9.57257705054796 17.1697665695141 17.6760825281594 20.4504641381742 15.8123907313782 16.675159887134 19.5957808081847 18.7745912995471 18.9716292544925
TCGA-AR-A24M 11.3179810201572 3 12.0573555057506 16.8083618865691 17.6763816738665 19.9635492079318 17.1666250891832 16.5459289068005 19.8698845505711 18.919516293107 18.4955526996079
TCGA-A2-A04T 3 11.8438454195159 12.7739233827007 15.6857426382731 18.2063380791362 20.6886397154484 15.8512984224841 16.5187726796735 19.5095758382351 18.3887826935231 18.5207839019265
TCGA-D8-A1XM 3 3 10.0887852268196 17.0734586951547 17.7679765898553 20.0463420680278 15.9755329940218 16.7063724930048 20.0434007293078 18.5164978255982 18.7672219674735
TCGA-A2-A0YI 3 5.88353612255971 11.6203588310753 16.6872476132238 17.3979148003838 19.9755770232697 16.003101192871 16.7766964285822 19.632047227557 18.899509331402 18.4733948587747
TCGA-BH-A0HY 3 7.16346046927092 10.2815372995188 16.1060202792039 17.3009570874373 20.6961228122933 16.3097603507902 16.5567840641173 19.6027441273536 18.1676558452266 18.694562260594
TCGA-A2-A04X 3 3 7.7340663290468 15.4129958364582 18.3138113408942 20.7239103647178 15.6175236526061 16.6297690700461 20.0673745837589 18.3462996036536 18.6728133054221
TCGA-A8-A0A9 3 3 7.85574099025605 15.6443990928764 17.5152931088964 20.01532090403 17.4228103510291 16.4059340740372 19.4007740616791 18.7391100214403 18.6555291601711
TCGA-AN-A0XN 3 8.49283801463323 10.6296124507629 17.0297704980165 16.6417002526275 20.1959281925055 16.5483725431663 16.9542790063492 20.0057152558451 18.9125770387847 18.6990618865807
TCGA-D8-A1JF 7.10782953966613 5.90499230478298 8.82440570314041 17.4501695605698 17.9062601060865 20.1237104360843 15.9087068771597 17.6132381649223 20.5910649659025 18.7331804768785 18.2375102915525
TCGA-GM-A2DK 3 7.41276421302111 9.68923311436211 17.690411568266 18.1938883745225 20.0495105124035 15.9951981373738 17.8087607173584 19.9765024814817 18.3558342536361 19.0376683378633
TCGA-GM-A2DH 8.76449204100757 5.66236473176406 10.0465807303684 16.6865995503987 17.5259000632989 20.4613298482795 15.4079561805066 17.9531530722917 19.9641224713424 18.8333073167278 18.6432129774911
TCGA-BH-A0BO 8.1773968784742 9.41554970205563 12.3813439524954 17.6460945058951 18.0527647499235 19.6401098635207 16.6127857905818 16.0321053293724 19.7589334286894 18.7823827928074 18.3610520598907
TCGA-B6-A0WX 8.40106492643988 3 14.1733327002687 17.3233598956333 17.3398264908461 19.9424616212013 15.7621709522707 17.098273931867 19.4058166355238 18.4290945127022 19.0291612994664
TCGA-A1-A0SF 8.57303259574168 3 10.128208391368 17.0575542657178 17.493461509052 20.3951938799161 15.8568978981695 16.6174299228371 20.0174654931122 18.4399957308114 18.8513806767865
TCGA-A2-A0CT 11.9590829149591 9.25943875042857 10.4108556641277 14.8817744774904 15.8443985993223 20.5023103619029 15.5956003231494 16.1841899192832 19.8998863343315 18.4932074361009 18.1067929196453
TCGA-A2-A04Q 7.45772461414144 3 9.24812435544185 16.0774581806287 18.1614237654921 20.6705980756883 15.8393972034721 17.0280722584024 19.6695422407412 18.6665100699698 18.6139061790783
TCGA-C8-A3M7 8.7356629135579 5.99355530639524 12.1476250024033 17.6995679978249 17.0074207817248 19.8533545702304 16.2257437656341 17.4136040332642 20.1347949861859 18.5999612550224 18.1037488731101
TCGA-AO-A0JG 7.10825022763346 5.90537927530277 10.8517180144423 16.3403974309778 18.259070324194 19.3765385788682 16.0483136791536 17.3268162451211 20.0069012041657 19.0217051664812 18.5377452815986
TCGA-BH-A0BC 3 3 11.2703186736214 16.8453902138998 17.9985914030717 20.8218260088762 16.3128389558899 16.2623370766457 19.956061464713 18.9979284360839 18.7216046178558
TCGA-B6-A0IQ 10.3265769626243 3 12.8091892081401 15.9069973718946 17.3044094463971 20.4629538477387 15.326056788715 16.0335875864821 19.0988827263184 18.7455122538575 19.0692587649324
TCGA-A2-A0EN 3 3 10.284358001529 17.3630427431183 17.0625817534978 20.2440077001178 16.3178150356351 16.5270033179562 20.0898812460109 18.7696784529534 18.7157226504171
TCGA-AC-A2FO 7.38857626370363 6.16514258284465 10.1961082690854 17.048198349378 17.970522768215 19.9425333479231 16.1553539938682 16.6832103793545 19.6463263899738 18.9776044001294 18.1659602518798
TCGA-BH-A0B5 7.20476545475165 3 12.2194792671427 16.5170891322135 17.698957493828 19.8827649986406 16.1309680843239 17.2230829882159 19.3608128567466 19.1177681206037 18.4560587240497
TCGA-5L-AAT0 8.07014688908602 7.75751600629907 10.3762494850982 16.9000957579684 17.5204595397358 20.118067656598 15.7605487175971 16.5890177675359 19.4705761247288 19.0532243540273 18.7350509816081
TCGA-A7-A4SC 3 8.64617654465486 12.5709226076281 16.9135981029016 16.0432733217056 20.0945017378829 15.7369326031046 16.9598912654031 19.167395482767 19.128748479294 18.721956946801
TCGA-AC-A3BB 3 7.06344834766944 10.5590493550014 17.0087808316382 17.8899867042787 20.5184759532327 15.981892583566 16.8441208858493 19.9068099325342 19.2572762364685 18.9045682877708
TCGA-AR-A1AY 7.36605666558075 6.14414131323974 13.1303565608444 15.6042396406869 18.6143136139366 19.6070520536084 15.9570188589597 16.6269082022712 18.9206976928239 18.2571976300739 19.136200886396
TCGA-A8-A06Q 9.43757045840199 5.74545751564864 6.99049352028951 16.3776021588443 17.900614658766 21.5180895369627 16.9378144337254 18.788643340373 20.1579313300989 18.9385571153984 18.7535674675405
TCGA-A2-A0T0 7.28002827927762 14.9003755916887 9.17782163397215 15.7617281952089 16.2721754374697 20.6485481420898 16.3175507330666 15.8433494165686 20.1852514291791 19.294488307784 18.9277461294569
TCGA-A7-A4SA 3 3 9.73625208390695 16.8721658012563 16.9393847535425 20.4038039686949 15.594169691101 16.8458121946158 19.3587648199436 19.0425722166508 18.6435724012346
TCGA-A2-A3KC 3 7.97492826886718 11.034291682615 17.4688354292953 16.6759467261865 19.9241958708611 15.7691586504741 16.9792791464399 19.5173608168331 19.0245268257809 18.5350936915569
TCGA-BH-A0H0 6.99102790454554 3 7.3912144463667 14.8431169570752 16.5257697599938 19.3870813924322 16.3429318641762 16.8756401123102 19.969667489435 17.8176794897498 17.3280452426202
TCGA-A8-A07O 3 3 7.47528771668833 15.2350656012871 19.304290952273 20.1246986441443 16.386469702952 17.0819235225664 19.0367064229101 17.9696101256457 17.646775535796
TCGA-A2-A25A 7.59445236483352 7.59305966781344 12.6986199109232 18.1195823869295 17.5226594819414 19.8934765083869 16.0039183312644 16.8221122897082 19.9750408845864 18.4680321530657 18.6431060462029
TCGA-LL-A441 7.06532288659473 6.7634337835295 9.53107867644204 16.1870317698975 17.6275480228733 20.6215235052506 15.8999294660974 17.245093671791 19.2620189767361 19.3772307755655 18.2887563502822
TCGA-A2-A0YT 3 12.4462879437693 10.8401569828532 16.2047382218421 17.6869899616454 19.695110992794 16.5949474084937 17.4392400121379 20.5221826268723 19.0210360527753 18.8147257215127
TCGA-E2-A14U 8.09128487109339 3 10.5947432421433 17.3727725728207 17.9014178461752 20.052749936681 15.2877112695936 16.950292362035 19.2053069079097 19.1640014535818 18.6284444630817
TCGA-A8-A083 3 3 12.5295552730968 16.4777962672412 17.915029634961 20.1255312775109 15.3294191744866 16.726770833289 19.4647225196962 18.9835248677966 19.0237318485272
