X3456 X3576 X2353 X10333 X3725 X7099 X8503 X6416 X7187 X207 X54472 X4790 X6885
TCGA-BH-A0HW 8.53671069696515 14.1567049648157 18.8978594680386 12.2029137163718 18.6542858391382 13.9802346119734 15.8308541278585 16.5926151579158 16.6834462497819 18.4167874344729 18.2908564071939 16.8850108061581 16.7444792529357
TCGA-BH-A18S 3 14.7751102327261 20.9973575716865 14.3149679456984 21.3823486568548 15.6127384571278 16.2760020529295 16.9396503548286 15.0363446993208 18.1862390560455 18.843526004645 18.1574505269796 16.5429681043343
TCGA-D8-A27E 8.50351593909696 11.6554011508767 20.0831282804438 13.4926263953508 18.3937961861512 15.9337867366876 16.9767240317885 18.4868597899454 17.3558735784609 18.5321073220957 18.9876645753105 19.2518439363393 17.1009463676732
TCGA-E2-A1IH 3 15.5091803457617 23.0481686368442 14.5834332272226 20.4413878672822 16.9027071666704 17.9096075515413 17.3363666998368 15.8542978072971 17.3602928694928 17.1236451985703 17.7942723811789 18.1424421916118
TCGA-A8-A091 3 11.9285175614193 18.3345810451335 13.8323321722215 18.3082396440509 16.1304950709175 15.2118354678718 17.8355133899073 17.6937281870007 19.3178210873771 18.8879680426869 18.3281965946207 17.2720102188577
TCGA-A2-A04W 3 20.0244987909059 21.6365970577499 14.0811201687532 22.9478837629941 15.1612801909239 18.9201465665699 17.2454048524352 15.4862176008895 19.5896859301675 18.6425178388849 17.1182760353805 17.4640049261753
TCGA-D8-A1X5 10.0993519365051 15.0940111516177 21.5075786674122 14.4111248436397 21.2250648844587 17.1068159850571 16.1835519711617 17.5199897309063 16.1003084548561 19.0189462649585 17.5953430140465 18.4086499475883 18.3213675324792
TCGA-BH-A5J0 3 15.5637739969433 20.3477930431526 13.3524383246614 19.7661812681364 16.1864662179995 18.1206605555517 16.5055992964521 16.3544657564322 19.0236391298485 18.5264407975785 17.6948565851991 16.4924313810259
TCGA-A2-A1G1 10.9636176656695 17.2008594267406 17.6000178059001 16.9353718936794 18.3174994233671 17.052035436341 19.1266812649443 17.6711941301424 17.2897052207128 17.1106440614316 17.3582462406653 18.4475508823095 18.4146233320821
TCGA-A8-A097 3 13.6428445416687 20.5366344912603 14.2475892890351 19.450637940338 16.68124626565 16.4665599907942 16.7990282043942 16.1424107030727 17.4784527432378 17.7762347919534 18.04200707275 17.1514818429537
TCGA-C8-A130 3 12.9194435240108 18.197618045485 13.5887710440312 18.9743384619235 15.8650186707186 17.3047774983855 17.3706947913299 15.9135816043773 18.7746904024251 16.6416007497048 16.9820620178179 16.6330301414192
TCGA-A8-A0AD 10.1027052189244 14.5336448307076 19.1672114379652 15.183738528512 20.5519902703284 16.6211566031486 18.4944693814345 18.4708705570054 17.2309190820622 18.4882995219545 17.9191556624278 18.8138249563071 17.7073704163312
TCGA-A2-A0YL 3 14.7465164621492 21.683444370661 15.1101420121064 20.9110294271666 16.7658764345988 18.2985765182075 17.2979807774868 16.1959612818275 18.0181170059042 17.6169049766152 18.1688000006503 17.4415257259516
TCGA-A8-A09G 3 12.3531788964509 16.3212344741462 14.3211950638511 18.9369866789159 16.6459673759523 18.1869477228992 16.713461626152 16.8860126339045 19.6438168403384 18.2720693032402 17.6382753653896 17.3339282149958
TCGA-A2-A25E 10.1419623009744 15.3904426994944 20.4706027460041 13.6419187112704 19.9302677480166 15.9889733400307 16.9523170916353 17.7573757975446 14.9482897023984 17.1616170311389 16.6936248121007 17.1125416049885 16.8739898681279
TCGA-LL-A73Y 3 13.7924366752316 22.6916398683163 15.7294887684536 22.3692071539327 15.7512420435223 15.8155023179107 16.9797192179824 16.5450201407438 17.7983356389775 18.0878099070699 17.7498513762639 17.8902188092132
TCGA-AR-A1AK 12.3094784789867 13.7295212727369 22.7064104451266 15.5451639904641 21.7150233036603 17.7698630993251 16.8977320278779 17.7379346077825 16.1221255512557 17.8797688545459 17.6434123603028 17.7819582313028 17.2549585182806
TCGA-LL-A740 8.98474962113938 16.528949566831 19.6436170688608 13.2378205400813 20.0136801626311 15.8624722649437 17.9359030307546 16.7516817244827 15.9427743856785 18.9771189358539 18.4923152676621 17.8457062779056 16.839773611532
TCGA-A7-A425 3 12.4510780630581 21.078851698945 13.501321169661 22.021136547449 15.564568707762 17.2821791463227 17.016077057546 16.185898818223 18.9202761873885 18.653538135257 17.845342639962 16.9620203320637
TCGA-AN-A0XO 3 14.1622212886599 18.1111932784631 13.3042985526867 20.2289416468542 14.8419066968951 18.6805400990956 17.0167821849382 16.9428509581707 19.2170342049203 18.2749342174391 18.1808790157158 16.9075779471668
TCGA-AC-A3W7 8.4712057201001 13.8290184757027 20.5538371809058 13.2043399633065 21.8455399690512 15.4345156776677 17.6553510052166 16.7297862920723 16.9156206570636 19.3527273644559 18.503356858994 18.3867840819654 17.1918729809217
TCGA-BH-A0H5 3 11.6635527682103 22.1028636213648 15.38791500923 20.4453161937936 16.9185271915147 18.0713140081785 17.5366400074721 17.1631160530287 18.1341421608442 17.8548909839403 18.6602893377122 17.3614343978875
TCGA-C8-A1HL 3 14.0753881626266 19.1673285776569 13.108477930124 19.0734691386418 16.5901299409392 18.0463770265701 16.9705068916365 15.4440114981723 18.9895996922305 17.2036168516411 17.3165755168344 17.4572450037696
TCGA-A2-A0YF 10.3697486064615 14.731708376323 19.1106494669137 14.6703517531814 18.6777570245075 16.6749115085596 16.8894284879694 19.1893707195455 15.4251223205128 18.0185261957053 17.3549387352167 18.0687635649438 17.6889996679777
TCGA-E2-A15J 8.79245717648906 16.4439659607769 19.5650032863215 13.2308913612234 20.9545472301643 14.2303706303046 18.1480861108403 18.1066010259667 17.0331830059416 18.5312275084215 17.8838433774993 19.0260762298175 17.3004621521952
TCGA-BH-A0BW 13.6735070508233 15.5089293067925 18.0877627761566 18.0273801114923 19.5173805831823 16.7089259778787 17.3229257035192 16.526842908978 16.4589457043876 17.329316385854 17.5481602674304 20.1244294832483 16.8818700339988
TCGA-A1-A0SJ 3 14.5793896911744 20.5788298113856 13.0896590896145 20.8114569323679 16.4660026966364 16.9069696267214 15.1937745364215 16.3084219221045 18.5311892274098 17.8247807665269 17.7645896941402 17.6292481988452
TCGA-A2-A0EY 3 14.2753099018801 19.6206078180509 13.5067164217841 19.5539156096012 16.0073378301225 16.9441919508511 16.8540228270262 16.7778546458636 19.2309569015164 17.3939528119038 17.5411305018323 17.6198629622363
TCGA-A8-A07R 13.6278427403067 13.3455282543329 15.0220466149098 14.3494489575048 18.1203705322339 14.8425049041382 16.9366279223237 17.1461829254799 16.1517416803574 18.0658274149146 17.3248311915442 16.3726991753877 17.3711273711429
TCGA-BH-A18G 3 16.7692905828396 18.8353449715522 13.1206044662627 20.4787485563997 15.9038472471967 16.7711849824727 17.1283392752141 15.5442471252232 18.5717770303022 17.7216743521673 17.4286071548676 16.7610510930066
TCGA-BH-A0BR 3 15.0398884209689 19.5214456159025 14.1415353042479 19.8932707330259 16.6988177088803 19.0014146822174 17.0083327293547 16.6674336903216 19.7099842218528 17.7183873159809 17.8074968435161 16.951475758483
TCGA-A8-A06N 8.12134663398892 12.5835623105604 15.8690158580584 12.4286349939248 19.441164718357 14.3461946428459 16.3238364013209 17.0853849802789 17.178389935657 18.0875463279419 18.8975624826771 17.425592544642 17.2900753230223
TCGA-AO-A03M 10.3785844925122 12.2157424569983 19.0582357929752 13.9800441953191 20.6337214351922 16.5951861531828 17.4533482123208 17.1305537767286 16.2230450667832 19.4720719041049 17.7525066860393 17.6600215040103 17.2239639012413
TCGA-A8-A09X 3 13.8526098684497 16.1362015311605 14.5075294697362 18.8875736814429 17.3436055358558 17.3103732544935 16.8137429831245 16.5513878990736 19.5280231809819 17.8366197523058 17.987346752036 17.3381631264896
TCGA-E2-A1LS 3 13.0867522312584 18.9463822790949 13.7448154711854 20.3136108739055 16.3202246086212 16.1513140861844 16.8855345253628 15.2745726540126 17.3852820255023 17.6640257421721 18.1971308642573 18.321258805751
TCGA-AC-A5XS 10.7364313545384 14.454945112527 21.8892544921775 13.2521107843683 20.8709958216284 15.9704241870953 17.7545293694007 17.4375052696773 16.1826880935668 18.6955158887244 17.7613982525561 17.8715172129265 17.7699089460637
TCGA-AC-A23E 3 16.5104457588445 18.4583528510007 14.2878891344406 18.6705744697336 16.9612507899549 17.0623786655485 17.0485643248898 16.5004648128407 18.2925182446935 17.2420785993239 18.492465703834 17.5762809498298
TCGA-A8-A06Y 9.03426939522902 12.2538058822349 18.9642425970389 16.6279371713963 19.4089149083845 14.4437636556627 17.7557298448163 18.0202474551492 16.6501452066923 18.0838241701246 18.5534965635454 17.6665459649843 17.0623322387144
TCGA-BH-A0H3 3 15.5769959659994 21.6630066928913 13.8104516997965 20.4805086654327 16.8505612645198 17.9444463297509 17.8216599358823 16.8876679210823 17.9201764837384 17.2913548352815 18.484774192993 17.4904806638611
TCGA-AR-A2LJ 3 13.4818517059664 21.0839107304454 13.7312887500447 21.7614488301516 16.3241622562251 18.2930164563181 16.5475607152116 16.4348674643691 18.6888558777186 18.5952145618899 17.9271259400312 16.857922725062
TCGA-A8-A06U 3 14.3742194462696 17.508216366931 14.3995045121824 19.556334437247 16.1604689619738 17.6916671797441 17.9348083609428 16.7247986212187 18.5108323408477 17.4092368272501 17.8005128489524 17.1689392449696
TCGA-D8-A1X6 9.37272041873046 12.0826488214114 19.826167331743 14.4165529389376 18.2484922839134 16.8956161463165 18.7680261357404 19.1540529116221 16.7440102408434 18.4056278844953 17.2412029117608 18.1723999166241 17.4086632818865
TCGA-A7-A6VY 8.73523546303575 18.686044211665 18.5588380749165 15.2242477765844 20.3584801508839 15.7260498065731 17.2435328723051 16.5124364344187 16.3846088154506 17.9597956854576 17.6387072148968 18.4574357618538 17.6510477426945
TCGA-E2-A15O 9.95186793936407 15.730634103131 21.2222474015789 15.5498488396731 20.41334860797 15.1053365365206 18.4338071834729 17.7838761609876 16.459812078014 18.444365638932 17.9061899064411 17.7121044944462 18.1549636870375
TCGA-A2-A0CY 3 20.0627217173531 19.0335252005802 13.151985733963 18.5891107174494 13.4175034002973 17.5625845080791 16.4090262418721 15.3597512082491 17.8535004770008 17.9156193628123 16.6022142503859 17.5339119779354
TCGA-OL-A6VO 14.0905530407035 16.9717411320289 19.9026590695803 16.8727730343195 20.8558796401924 14.9516223960861 16.9014910574795 17.0259982741391 17.1124472004931 18.2666512392227 17.6980128531224 17.2640149811808 17.0386452803543
TCGA-A2-A0CL 12.0651436626276 13.8445968854571 19.8173267403319 15.62682873835 20.0523113261438 17.3300905430786 16.8624939817736 17.264799040839 17.0147992570383 18.0467440617715 17.0895754113529 18.5838141273621 17.2080571029369
TCGA-AR-A0TQ 9.9653160007007 14.4242162250472 19.9582258677412 13.3054713502996 20.0840801401276 16.1882229875984 17.3938696707535 17.4671532944905 16.1022855702164 19.0392682921445 17.7584993322407 17.6230189300335 16.8636724768719
TCGA-E2-A573 12.2957767961431 16.1408561353806 20.2007307104991 15.0781246238666 20.4448558021825 15.35011438623 17.4539269825157 17.1529920748287 16.4345169636058 18.4749845327262 17.7384705508818 17.1587778970305 17.9309764832403
TCGA-A2-A0CW 13.5109253853831 11.5883550227712 16.8470361057726 12.4099283612052 19.7621075476917 15.3120223381039 17.1398768366084 17.1036298117458 15.0810535584353 18.427225448273 18.1107175178254 17.4254277443154 17.5747079173591
TCGA-AC-A3EH 3 12.4091496692268 19.4732261009792 12.5711182201083 20.4102954055869 14.8991106214875 17.4152215581469 16.5432591001474 15.2463294125991 18.6432625518494 18.7773917008542 17.5046901377718 17.1255232750171
TCGA-A2-A3XX 9.73555737911008 13.5851787233941 20.0963142405518 16.5433555028513 20.9352975484134 14.8505774376459 17.3849275402235 16.9889769832647 15.8897948933861 18.4555181050168 17.4936311390286 17.6291729268697 16.8943412653128
TCGA-AO-A1KQ 3 14.4915567257153 20.3750107217936 13.3400615183923 20.3905003168606 15.1697823886735 16.5634463738192 16.9652244574723 15.699894831039 18.1454749273546 17.8241815974238 16.6332958402435 16.8863551352482
TCGA-BH-A0HN 3 10.5042039398978 20.1291199337641 13.2856672763595 19.9820661143386 14.1543840037877 17.4362158358674 17.3167843587083 16.7311839156844 19.0626981393672 18.3133329731312 18.0491290275703 16.8281698800552
TCGA-AR-A1AR 9.80850788666157 17.8194870654953 20.5591535514576 15.9039927734279 18.9717508597145 17.5563565102724 18.425875509565 17.3607030942036 17.3402847724168 17.6052886195826 17.124374551006 18.9529974826194 18.0482603908616
TCGA-AO-A0JD 3 17.4856698990313 18.0898893243921 13.524558677401 19.1442581972626 15.5282747803182 17.2274771150798 17.1509475991308 17.5413704476832 19.3483035963282 17.0100822708011 17.5328186414026 17.6654189689989
TCGA-A7-A0CG 9.8767539313528 12.7470050763465 20.9519938171063 14.7140090345837 20.101606890255 17.0169774395404 17.8303744196356 17.0717855533428 16.4107993150514 18.5175333646902 17.8801175242696 18.4529868936862 17.4143338354134
TCGA-A2-A0T4 10.2253469815797 12.9001447480713 22.7748810671488 14.2801469241144 21.2028087660527 16.9840702307682 17.2301564826369 17.2476771375527 15.6829725816028 18.4394255371682 18.0531074451926 18.072073487084 17.4638710190411
TCGA-B6-A400 8.48090421490176 18.219941664653 19.1925370373267 15.0538010783722 20.500206248399 14.9412731006829 15.2489289033795 16.7732332278917 16.168295964258 17.6583881961427 17.7152457254599 17.7320214607677 16.9596795668087
TCGA-E2-A576 3 12.6893713961291 20.1779498111379 11.9301602741647 18.7977713221691 13.7724967022306 17.9607068532711 15.74169309976 16.551505544264 18.5502138187414 18.6079193613214 16.6459115383444 17.2218209495668
TCGA-BH-A0WA 11.0272251365674 16.3397873020155 17.4893495901905 15.0064242751938 19.5728177658833 15.8482678866388 17.1304389578441 16.8812133032619 16.2372939347977 18.0982003744661 17.5636795522589 17.5506083541065 17.7185782790641
TCGA-A1-A0SN 3 14.0949018475872 19.9497331443498 13.5240950615863 19.8004508322462 16.7061233251185 17.451730637664 17.2367579996906 16.5374909921971 18.979392278666 17.6812150758856 17.7587510432211 16.8760451474185
TCGA-A2-A0T3 3 15.4781743263811 19.8967418268287 12.7517846630783 19.4764499942327 15.4183154046442 15.0439470916533 17.2261408127972 16.6355186183286 18.2071024168977 18.4142916606361 18.4963641156716 17.1023462490937
TCGA-BH-A0AZ 9.22499467572492 11.7114118369531 20.2950828592467 14.9285993859264 19.65692784702 16.8533593793082 16.6672751004678 17.8277578555109 15.5819289942406 18.1043427624873 17.9172378606227 17.7240541075947 17.3779369041198
TCGA-A7-A4SE 11.0376146759096 17.3396347824738 20.7629553274501 15.5174166115917 21.1485502585815 15.4959438457863 15.8912667071757 16.7942992875044 16.5563747684118 17.9381542033465 17.8698552679515 17.5132091750838 17.9716506798133
TCGA-AQ-A1H2 11.116051778264 12.1110500248669 18.4379744727761 15.0088832628492 20.0403008204568 15.5973756855232 18.9573044391273 19.0266058586477 16.1598904220084 18.0597054445208 17.4323021784649 17.9258791304949 16.1235251352374
TCGA-A2-A1G6 8.64862805159846 14.4539957946272 21.7593895612804 13.7964512901493 20.5274875910962 16.9073043970941 16.7007683344618 17.8069553470573 16.3516664436432 17.5090301610388 17.8095941041079 18.2374310977614 17.6989341852294
TCGA-A7-A13H 8.5960154300346 15.4424038094473 19.2588517949064 14.4816773219352 20.5480037989321 15.9429279851055 16.8043010344313 16.6870828032951 17.101730821916 18.5286700629913 18.323475204373 17.9825300441728 17.2688925388282
TCGA-B6-A0IP 8.40536273955827 14.3506686484532 16.7942645389664 14.0588126433184 19.1971221601018 14.9404402575535 18.3564475833331 17.6602600000225 17.196821165677 18.3425856368765 18.2069845896077 18.3630217491647 17.2557857706236
TCGA-A2-A0CZ 3 13.4006243376573 21.7791626898741 13.8078156268598 20.5364928285531 16.5329311212286 16.496081353742 17.1484647592499 16.5974218594831 18.4137292088179 17.7753287196984 17.8648909426146 16.7087797101552
TCGA-AR-A2LK 3 15.3553991537166 18.6309363436193 14.1786067272436 19.6836288451734 16.6771048619893 17.3947989953272 17.6595251407109 16.2932146665645 18.4825642079802 17.6106194442332 17.7762421786071 17.6890418802165
TCGA-A8-A06R 3 17.9341715481386 17.8103549194921 13.8751124575165 19.6226005774399 16.4152233064069 17.4663089234874 17.015352986568 17.2271518208101 19.5428183568634 17.4672628814255 17.2462893316731 17.4562359785013
TCGA-AC-A3YJ 3 12.2484848104714 19.5652226629595 13.7952122444539 19.1082190390426 16.345638793428 16.8830867842482 17.8504411345057 16.4873413010801 18.5309739440887 18.5469750635426 18.4379812680449 16.5866255709861
TCGA-5T-A9QA 3 13.0518153843052 18.4179019224974 11.5042936018947 18.0486056488713 14.2260292479583 16.0700429950049 17.1538078358825 16.1110261632078 18.5179921818441 17.8770578392865 18.0502030858633 16.6793171097713
TCGA-A2-A0CM 11.1075917001668 15.7424541056504 20.1400018635704 17.4145615248202 20.2389397927841 16.968986655022 16.390347302827 16.7642184870566 16.0350329645162 18.2183794365929 17.5760672992363 18.3759163201986 17.0891120449571
TCGA-A2-A0D2 9.84840502214516 14.0467203105694 19.5965470590233 14.8115107897675 19.182730773203 15.6448853341781 17.2687407746326 16.8249664774471 16.9909963628351 18.5216604015254 17.3355416897721 18.078348238205 17.7383479117836
TCGA-A2-A4RW 3 11.9885148883581 18.984146332602 13.1637710290037 21.3519412731604 16.0326116996256 18.5518337518287 16.5277117202992 16.5051842614612 19.1586847576853 17.4784355687527 17.7632524811412 17.292567169798
TCGA-A8-A095 3 15.0644694019411 18.0874400205244 16.3313769446455 18.8832974743412 15.9483867992173 18.2090314886235 18.8604527315964 16.7353802164727 18.6280825978378 17.5580115403564 18.4542675468299 17.4261785935964
TCGA-A8-A09R 3 14.1382098397861 17.4179667624432 14.8081260926569 19.2348037608506 16.9610025257198 17.3343952454038 17.6695546945926 16.5225465762709 17.8123411177576 18.2905828320348 17.5260373671254 17.2135645488603
TCGA-A2-A1FX 9.29445173893853 11.9618100925541 18.925991134026 14.1469604206573 19.6598677237951 16.3958671526146 16.5636660603019 17.7134127159548 16.104259110386 18.5744269935315 18.0485569853924 17.8108073112992 16.6987502554331
TCGA-A2-A0T6 8.54300375137161 15.2419459419114 23.0239774950221 14.2921326997675 21.3171363972709 17.2423040921494 17.6814848272878 17.4918316693627 16.4801332775779 18.203212192664 17.946448067538 18.3297931121513 17.0707727599358
TCGA-E2-A15F 3 14.3478129551038 19.148042078025 13.8011188852762 19.078850529613 15.4231727256926 17.2189278033138 18.4792574820228 16.134599538258 17.6043600455079 18.4778033585943 18.1453993923183 16.9499205099653
TCGA-A7-A3IZ 3 13.9859484949664 17.9373882886999 13.1207299927043 18.3541762826994 15.6562809789294 15.4963660340847 18.6212207313837 17.5386828160448 18.370757344294 18.320460024071 17.9146918452539 17.3349775993981
TCGA-BH-A1EU 10.2080335568753 15.289084476866 23.3277100183478 15.8053595912156 20.7882705436487 17.9331179356972 17.3355971287002 17.9916021370049 16.9102532592407 17.4245142918122 17.593411365822 18.3356484707346 17.6336255713348
TCGA-AN-A04A 3 13.3949300057269 19.7519343498524 13.0407448619514 19.9006288349086 16.6346998570142 17.0464541578975 17.3108610909182 15.8479758375413 19.0385234830831 17.73892366498 18.3647394659789 16.8317802737156
TCGA-A7-A0CD 11.0543004548009 11.3856463356887 19.6092242904451 12.7821990474047 20.203376976004 15.4526932929329 16.8282006831042 17.298632147145 15.8329735199758 17.8197780126961 18.0485876548518 17.4572044291914 17.0387776521999
TCGA-E2-A156 9.85953522118509 15.2242168336721 18.9777842430027 15.4140767827819 17.9487423243306 14.7578011659649 17.279483443164 17.5322544051815 16.9087686037861 18.108392906216 18.2231296263849 18.5205363416575 17.5962231569905
TCGA-A2-A0D4 3 12.5667398058895 19.5186686402259 11.6250416310753 19.3458752700418 15.0876178876082 17.2240165889262 17.289619590783 15.9778432579898 18.1325321830238 18.5177812313632 17.7753758140036 16.9846476241511
TCGA-A2-A04R 3 13.9805390265268 19.8109411317171 12.0919567484774 20.4757960135567 14.9531441649267 16.4515310586494 18.2186900217486 16.0644040895926 18.1851729821703 17.6591457797155 17.4010081839502 17.0626894557818
TCGA-AO-A0J4 11.0545807242098 16.5221583060854 18.7291224050881 14.9744885145731 19.8618953647838 16.3718415260179 16.6545127094066 16.5200671478212 16.9600065390026 18.2519780101698 16.9235425231997 17.9230244102227 17.4916765732562
TCGA-A7-A6VW 13.8312639508694 18.5134633570986 19.2460000684264 14.3623506429232 20.2975409566844 14.4715013852277 17.5935735341127 16.4745387316111 16.2338436530987 18.1573475990571 17.7619649188057 17.4308915669906 17.1228623178753
TCGA-E2-A14Z 11.0848671660481 13.0339703181801 21.1087896355253 14.311881766644 20.3074126454318 16.7143433937039 16.757990738993 15.5963041911852 16.0770443102274 17.6164198080693 17.4304866311192 17.9440443403954 17.5436702205136
TCGA-A7-A5ZX 3 13.7092304597555 17.8454774002568 12.4996872818657 20.0626303289076 15.4258970702182 17.0506450496883 16.8324966565607 16.2467103371686 18.3243244383164 18.0997175408 17.8897231698585 17.4090384919619
TCGA-3C-AALI 3 12.4807560121347 18.9555950680845 13.1182061511183 19.9677192676367 15.3203697010948 17.2576825074076 16.677223723247 15.5472516995482 19.3275655538066 18.4728317727613 17.5550148672055 16.7091812775174
TCGA-AC-A2B8 3 16.3153894563203 21.4178703408906 15.3517513235399 20.9892651220206 17.0552105594218 17.5019488258547 17.6731191727532 16.884998266316 18.1848412979654 17.6733307509904 18.8654323918901 17.0454836183867
TCGA-A1-A0SB 3 12.6481302461876 21.7246512705413 15.3286024966446 22.0030539009476 14.0005448403234 17.4713398226859 17.5143406515683 16.196562351948 18.1182301747135 17.4374925938875 18.2260770431705 17.5617790366719
TCGA-E9-A229 11.3237441789634 13.1639177963132 16.849973992348 15.2634604355642 18.6285628965235 17.1598630247947 17.5106192002783 17.3940924261445 16.208901865166 17.8896376032127 17.6416562874779 18.1386244207958 17.075977405562
TCGA-D8-A1JC 10.1813871669581 12.1270456739958 17.5174334247243 13.777464281514 19.0035893598574 16.5575931457271 17.3432200555317 17.2953063812461 16.5303950998211 18.5033519906135 17.5060834833674 17.9262508349939 17.9035296043414
TCGA-A2-A0D1 3 17.8677318798744 18.1856706287117 12.9233918035314 19.5330977468651 14.4955240912279 18.0264328127913 16.3776141840011 14.9577033554334 19.7509134062311 17.2266137194297 19.6167680747826 16.8751800496192
TCGA-AC-A2QJ 9.70834675338334 14.9627687156797 20.9219048198256 13.8826247346982 21.5001894186143 16.366787678661 15.8597303170067 15.9381768741892 16.7186743517091 18.6365448009472 19.2680442059739 17.3464972557327 16.3171869102944
TCGA-A2-A0CK 3 13.7807805523002 23.5094748440133 13.1429954766729 22.1329675263638 15.5387329492928 16.6719236977714 17.5338565589902 16.4301061559929 18.3717282019168 18.3217513789564 17.5116332978301 16.9225425721155
TCGA-AQ-A7U7 12.6309186582497 12.5066882065564 21.6619478867547 15.5072189123821 20.5941142378037 17.1385857899948 16.7851576813123 17.4003544396191 17.0351683103692 18.3721337326473 17.7593258324037 18.1858593034758 17.01125833511
TCGA-D8-A1XU 8.41239087756707 10.3046916598832 19.1333081688465 14.1168844000257 19.4064036227987 16.5455367764815 17.6227099572119 17.4828196712592 15.9018981117126 19.034516297725 17.6397377792401 19.2174011355489 16.9475877345349
TCGA-D8-A1X8 9.62216450053447 12.9323396737134 21.5277929489897 15.691370954227 20.2571584989888 17.1522665985526 18.5245629197115 19.0281964324289 16.2081671868828 18.0645657597482 17.2719238046637 18.2172074213354 16.9218105000944
TCGA-A2-A0SY 3 15.032567318048 22.767563666574 14.2142878663049 21.4601612879093 16.7831484120759 17.9427372851723 17.2247809096067 16.1804505798246 18.6999658292804 17.9547397647786 18.2999402865756 17.5208834025851
TCGA-BH-A42V 8.45242544584215 13.2252521154052 23.4503157328418 13.5499486629886 21.9595435348695 16.3207150706832 16.8736441265797 17.0642451779402 16.3615310490171 18.3972748787424 18.1210826034007 17.820897778835 16.7785508986088
TCGA-A8-A08R 9.52298147782424 17.3695602626169 16.425855948665 15.4278612203945 19.3030162871728 17.021408844347 16.3614973640895 16.2853339505368 16.7307245193575 18.2151181980944 16.3627364437596 17.5350703011953 17.8071842811439
TCGA-A1-A0SH 3 13.17155840414 17.939017636323 13.5318346933094 19.7026557214519 16.5522117698326 17.3415147695558 17.0627990852029 16.1916707837682 18.6100048521646 17.8901948579505 18.17166241537 17.5352181204012
TCGA-AC-A2QI 3 11.7838289944556 19.5867888882144 13.6085712807678 21.2111537402656 16.3942582775853 18.2670979786934 16.9551998216488 16.8390735532132 18.7797155795081 18.3998989325072 18.1878879894634 17.4907449127287
TCGA-AC-A2FM 3 13.2053253380152 20.0509566890648 11.3150914559602 19.2310532066002 15.4234939998289 15.6585140702378 17.6105686242622 17.6848341533679 19.4480479497711 19.4153430297219 17.287765840491 17.5263059406305
TCGA-AQ-A0Y5 3 17.3178095285353 20.4536814226205 13.5360875636134 20.4224918211502 16.2021787204763 17.9430522168747 17.7093376565647 15.5893420744788 19.0215725912847 17.6748122007735 17.3699886009328 18.0352266372064
TCGA-BH-A1EV 3 14.0185262091449 19.2536436111402 12.6722324325972 19.9509755858042 15.7193013531255 16.6125677338553 17.0698397473756 15.9913681973891 19.2800313220379 17.5987929516225 17.6931210539361 16.9430984675718
TCGA-AC-A2FK 3 15.6464712370594 20.6130130595648 14.0635404902891 20.6840183511392 17.0216748913479 17.4465257545732 17.6616729425037 16.933977113876 18.0500030721772 18.0096752797168 18.4252555355141 17.596430483166
TCGA-A8-A07B 3 14.802375000193 17.2365403248927 16.6358832839158 19.6362123451045 16.3678147762572 18.1810379253063 16.5868357515554 16.9239240938186 18.4615201257927 18.0148757970634 17.8995957245337 17.1805773069569
TCGA-B6-A40B 10.2215705285573 15.0171708330047 23.2046565278503 14.1899424598276 22.5438483189551 13.9916624713328 17.0725983413435 17.7121733786686 16.4285386769715 19.2919520838212 18.110188642618 18.1633535186027 17.0101705796849
TCGA-AC-A2FB 10.5675261946881 13.1790112847888 22.6011340452765 14.6636011024596 19.5975469022118 16.8929355186841 17.4206094791787 16.903039452476 16.9023140932701 18.0062422084846 17.8861911218392 18.1290460774475 17.327295072571
TCGA-A2-A0CP 3 14.1911071688206 21.896851244659 12.8074384062928 20.9517380182603 15.6173032994448 18.3091815216392 17.6862607516133 16.2887276947261 18.6218083253016 18.3639959445821 17.686027234771 17.1897177229146
TCGA-BH-A0BG 10.1169890377907 12.7334991142503 19.5661528417517 15.5625201018545 20.5110604325969 15.782009490172 16.3920543416697 17.2339490488001 17.0513789563973 17.7067897551263 17.8132727904048 18.7720867333362 17.5846969099966
TCGA-BH-A18K 9.73984043450779 15.9069266905204 20.6160438026763 12.8100805852604 19.939331931413 15.6031231653308 18.4977236813339 17.5961921437203 16.1276156701666 18.8499761259006 17.5551006070201 17.4643001723107 17.0167383635544
TCGA-A2-A0SX 9.56404830802371 15.166899017369 20.9892902931196 17.0017989057919 20.8410968208709 16.5083084520033 17.0778165189072 16.7626893864055 16.9388537472775 17.8194413749063 17.3175574332902 18.2915760458992 17.4957059676022
TCGA-A8-A07F 8.37730938160725 13.0475620314666 17.898000696033 14.8852847391795 19.0536478379507 16.5532239500262 17.3846750354199 17.8339630751237 16.1585471567225 17.8955384963831 18.0015125303554 18.1781302556792 18.2698977917642
TCGA-BH-A1F2 10.0662470779535 17.0490554801294 22.6060840086493 14.5742078724965 19.8844676508024 17.1433036072121 17.5770241575473 16.2466314581438 15.2382650104028 17.3500704219253 17.0213659276243 17.9333366962874 17.5836755236189
TCGA-E2-A1BC 3 14.1420139887008 22.7678823079543 13.5981234048676 21.1284261141973 16.4861286648189 18.9892523003019 16.8565980436322 15.9738870822898 18.3357260973901 18.3907821021322 18.7639502547485 17.0702298216325
TCGA-LL-A440 3 14.470013834478 22.3775157684529 15.1862726664859 21.6897200714677 17.342384028831 16.5121355282508 16.9938910048951 16.9328288015132 18.2555233979057 18.1990095183978 18.1207396624768 17.2153120522333
TCGA-BH-A0W7 3 15.3558015170683 20.7295916070174 14.3438885590493 21.0164636382588 16.335022778534 18.0213273904647 16.4881137703784 16.7260520627516 18.9837149363166 17.7454374572933 18.2574987841729 16.9851311319247
TCGA-A7-A3RF 9.69985482317439 14.4518478489731 19.844854038153 11.6582213611928 19.5682744668791 17.4645191353546 16.1892678541033 17.4961998327475 17.3522580533867 19.2782403978433 19.6300934345562 18.0415899896845 16.3947367687858
TCGA-AN-A0FK 10.4520299593762 10.9197043601607 19.7066194692769 12.0932188065009 20.5279974074398 14.9974662500098 16.0034933160962 17.5344852786612 15.2691182605126 18.7954343538873 18.5415037272047 17.4235358762499 17.4073401989654
TCGA-AC-A2FE 8.56149581814777 15.8057980893126 21.3855712934771 14.3623992300939 21.4373389843374 16.3942636766546 16.6372180618235 17.3748164544435 16.934988829574 18.233608166074 18.2430104576687 18.1907027671598 17.1229243842277
TCGA-GM-A2DD 9.20137173877784 15.7996998589752 22.4664348310333 14.6868584578159 20.8352603346161 16.375887315199 17.0304394699116 17.108829839724 16.6979840366728 18.8783332448759 17.5903953580521 17.874402576998 16.9348110130916
TCGA-D8-A1XD 3 13.1221660572171 18.8052351033882 12.5803341542236 19.3068001115252 15.3394265111488 17.8129991720597 17.6851270502304 17.0150058001963 18.966857777386 17.8862736927786 17.1814812269853 17.7906268890309
TCGA-AN-A0FZ 8.28308138473918 10.4343708069662 17.7089792691215 12.6538823322904 19.4075723815499 15.4269881914026 16.9430404556586 16.6673361810973 16.8922199563784 19.0305963906365 17.956957485183 18.362227635043 17.6552383922848
TCGA-A2-A04P 11.3122485486053 15.0015843637249 22.6525597669329 14.7339072502612 21.6383676669514 14.6549167829897 18.0403697108503 16.56981742352 16.5447195274767 19.2521217778519 17.4856218532106 16.9468786528787 17.1162309660702
TCGA-AN-A0XT 3 11.8982716350142 19.2596458819962 13.3277816272077 20.2346195135069 15.6409340223121 17.9045727691785 17.3962662575474 17.3520069409635 18.9366591711649 17.2768927571856 17.2109089085531 17.5716689693191
TCGA-A8-A0A1 10.8502826994753 14.469771207765 20.1954643550315 14.6514507842199 19.773751395634 17.2223794157163 18.6822075374701 18.1027536592797 17.1082445409779 18.2354760942471 17.8888930975023 18.2531088053991 17.1878734717495
TCGA-A8-A084 12.888065904273 13.9905442253585 16.3166069298952 14.1882793733532 19.2329044193234 14.8359444336575 18.3028660854479 16.8671136276606 16.8246660649088 19.7664313827838 18.3750152158294 18.6039724372943 17.8641128420905
TCGA-A8-A0AB 3 14.404570469119 17.0410944349186 13.4953699624828 18.9271760354205 14.9953599196512 17.1372822817731 17.7413983493432 17.1203144304633 18.0007191343451 17.2144191810456 18.2918608392045 18.1550595664727
TCGA-AR-A1AM 8.71868171053876 12.536392158319 20.2408219091157 14.682968861967 20.7764069892129 15.8981554522246 17.779239969654 17.084684303679 16.6358717778722 18.6660008527164 18.2783988656058 17.4965577084998 16.9403757353882
TCGA-BH-A0B4 3 12.1102546404489 19.5746568185328 13.0634392952786 19.5107993260836 16.2591191976299 16.8493999470852 16.8024263524631 15.4725303638114 18.3013739288054 17.6402626204558 17.820951511039 16.8837001295376
TCGA-A8-A09I 11.3721267242331 15.0000393354237 18.731023885599 14.3816535569418 19.1154856195005 16.8034899272863 16.7881999283745 16.9490297700078 15.7853482948576 18.8577649891133 16.9172526771032 18.5357271183521 17.0693710150307
TCGA-A7-A5ZW 3 16.09823747947 19.7940185484604 13.6619460139399 19.7693896792915 15.9475986336206 17.4796738087125 17.8651831797804 16.809389274422 18.4435606906705 17.9900816858634 18.1694093466467 17.4772113642319
TCGA-E9-A1R4 10.445466325032 12.150681174235 17.7943064808348 14.9164696020218 19.2925137311632 17.343636034236 16.991772271179 16.7749599129403 16.5222918016796 18.2519586810571 18.0633334922169 18.1051460934192 18.6656416087698
TCGA-A8-A085 3 10.9954444489644 16.0539253887134 12.1691292165083 18.8024992419678 14.564263086575 16.63693994247 17.1260509023782 16.9526426661705 18.606224871252 17.0045149357616 16.7645252565363 17.2145934967585
TCGA-B6-A0RN 3 11.7655531638289 22.2367053150192 12.4716235463081 20.7879733805353 14.6923513880853 18.1450536753629 17.8713435491345 16.2970733423647 18.1417636540087 18.1215255403755 17.8429260506531 17.5703126793734
TCGA-AC-A2FG 3 13.9252106764567 20.1911372689835 13.7335125572644 20.5074041632985 16.4517687087306 17.1124497125585 17.7757454571906 16.6980615021306 18.5515729865494 17.6578674641701 18.3506781053954 17.3856543419707
TCGA-A8-A06O 3 13.8779598040624 19.8507511762224 13.5192025018827 19.7513414153657 16.3424239280761 18.7108312709668 17.125807607491 16.4648927576216 17.479540658624 17.6137507264297 17.584952563667 16.8334249954696
TCGA-BH-A0BZ 9.56347446098378 12.6689727403865 19.0344008549817 13.7970229546314 19.8684458661743 17.1870558208229 17.3167509943657 16.7511112459778 15.5998490721871 18.4032079922682 17.3036197584793 17.5664831301073 17.1807508762398
TCGA-AO-A0J9 3 16.2575617048845 19.8668613527891 14.3501580824945 19.7682289730989 17.1340365849955 17.376436612101 17.1486854890757 16.4733988554658 18.3946152564134 17.3017990771571 17.3680593045405 17.1068580022436
TCGA-D8-A27P 3 13.9951431916644 19.5672955978118 14.9569012842315 19.5818847190297 15.5866999754491 18.4628139550202 17.9111208947718 17.1316435905808 18.5046110109537 18.3434532608379 18.4950931945363 17.531631808854
TCGA-A8-A07J 10.7434300099757 12.3344161511084 18.9516146861342 16.2521328338519 18.6728771357563 17.74981642665 17.2089011799151 17.5829140677494 17.0086992447886 17.9307415558703 18.0581186341887 18.8899328353998 16.9144068540714
TCGA-A8-A07I 12.4349053937438 15.1413367686939 18.522416656607 14.1506514103209 17.2010908617746 16.9406913827294 18.2685317590163 17.2437009562604 16.7284690219848 18.6764473354941 17.8792314119009 18.3146281222975 17.9840786165745
TCGA-A8-A08B 3 14.9327597958592 19.1286597550784 12.7640890686501 19.9487964003633 14.7333000342186 18.6453809666465 16.5321606320402 16.0454690113126 18.9315075263418 17.5551923726977 17.158372111507 17.770852293009
TCGA-E9-A247 10.4421247853501 10.3600392648343 17.7833390165221 12.9535536388202 18.9930424812356 14.8124925527579 17.347845041923 17.3857260216914 16.6253642001956 18.5453156788768 18.5077174909228 17.441803424914 17.9404997451711
TCGA-BH-A1FJ 8.38074802931539 14.8181135996594 17.9519905179818 14.2410308452841 20.4057301268431 15.0456882658746 16.9681526402148 18.6507038694333 14.7204361718425 18.0910911993809 17.5913783475078 17.4848903542279 16.8637162426375
TCGA-A7-A4SD 11.5453418867274 15.5363868334136 19.4322173963915 15.100738713048 20.3072679844769 15.5952296024969 17.8819280049491 16.6608130681223 16.4996656883426 18.1815702969283 16.8982720718594 17.2929871195137 17.6241895835799
TCGA-A2-A0CU 3 12.4065279807233 21.303792644653 15.7158823516634 19.9300163095792 15.667564545154 16.4816451421409 14.4288020405447 16.7260886452911 18.0360040500157 18.1865334346558 17.7655889268829 19.2044972450885
TCGA-BH-A0B8 3 17.0292979209487 20.8811836942203 12.2658835213035 19.5255451446001 16.0115379500552 17.6007138506153 18.4599793834292 17.1201624982329 18.7013258971882 17.328479856763 17.9650169425052 16.6387820475046
TCGA-AR-A2LR 3 13.8961363900184 18.5761973364039 13.5863766824033 20.284232020363 16.3282021968412 15.8031438615259 16.8194750835874 18.15540935559 18.9393334497154 17.4657529510276 17.1961127920492 17.9711930606174
TCGA-BH-A0HI 9.80351381304677 13.8131047392475 22.6846052057881 13.9211750695162 22.4546122547637 15.7643520283434 18.3325467668908 18.4984476627234 15.7857283317421 18.6665498143297 18.3942455118926 18.0564119413223 16.9946676521831
TCGA-AN-A0FW 3 9.74720429104359 17.0715042441521 12.1355126055428 18.8011402592948 15.6833869931317 17.4599870564476 17.4420547656934 16.9117480200732 19.567557231015 17.6790927282898 18.5253803750619 16.3363712929673
TCGA-AC-A23C 3 13.9866136233554 17.2793313023003 14.4422379302033 18.9780461319062 16.6640257937785 18.3020212622 17.1636188291964 16.6808856697254 18.3373845936999 17.8706762789392 18.8761848243893 17.7656332392407
TCGA-B6-A0RI 9.62575742701072 16.5104760417462 20.0868802489529 14.717741778868 20.8551236599215 15.8560142409701 18.2172576794019 16.3602480369866 16.3738709363221 18.5744231440278 17.8601512340452 18.3495300452325 17.9028623966314
TCGA-E2-A152 3 15.0961431464172 18.0405771871552 14.0072807846804 19.5651754015636 16.3888218395266 17.8722937079719 17.016157073311 16.3857585594983 19.3024819676451 17.7733269211545 18.258356996553 17.3487133740164
TCGA-A2-A3XV 10.8533099920879 12.6143224100565 19.7246749777391 11.3119992582619 18.4114018789566 14.3773229255945 17.0771341344694 15.811613326763 14.1964468921688 18.5660249966116 19.4094271389606 17.2491773471782 16.0475798281993
TCGA-B6-A0RO 3 13.498469314731 18.6631938032266 11.9618497034323 19.7344991250834 15.4167580827871 17.685406286785 17.8628564118416 16.8523128087618 19.6380575833664 18.555008429558 17.9292502495897 16.9556243093733
TCGA-A8-A06T 10.6460102184295 12.4689851991783 19.5235515241066 13.3570870664667 19.4689225154792 15.7066569820111 18.5750842861861 19.3345472799564 16.1232200455673 18.4558113797113 18.3821027723112 17.3744009502599 16.5509460873375
TCGA-AO-A0JB 3 14.5137427699136 20.0670837437011 13.2583092706466 20.773256041561 15.3827889455558 17.6078075787344 16.6103606282319 15.5958661085195 19.3463992299453 18.2074688772533 16.9969158540169 16.9926607721366
TCGA-A2-A25D 12.6650637225791 13.285474859087 21.3069277167067 13.8056643943609 21.1298342323602 16.3035340474362 17.5337218182136 16.5527322680008 16.1656912784798 18.6205837958676 18.0582973488193 17.8173907683991 16.3739867453545
TCGA-A8-A07P 3 13.3797731345114 17.1554210114921 13.1562577882772 18.9543674497375 16.7622912308088 18.3123164916721 18.6475581529778 16.425734747089 18.2869680082715 17.9415198570119 17.0060016035755 16.765582565417
TCGA-A1-A0SK 3 17.2614973520927 17.784607488665 11.7730632176244 19.7453791874454 13.4791748921167 16.6571790240743 16.5945475609855 16.9688056150027 17.9581368491803 17.4724690412086 16.717751434204 17.8767611543572
TCGA-A7-A3J0 3 12.6685266502748 19.7947271279576 13.5974323610835 18.8590392022243 15.3107465541333 16.2762118243187 17.9869842019034 17.2623935598597 18.7283066924787 19.3225942860604 17.7356357857267 16.811281790557
TCGA-A2-A04N 3 13.2615768428123 21.8065769749441 13.6350069396151 21.1817858141728 15.6452680461508 18.7604137224754 17.5082254656113 15.8528304794921 18.4128785705461 18.1197091130728 17.5161557256678 17.2868956380962
TCGA-A1-A0SE 3 11.2403507489685 18.6479422317703 14.3037548708654 20.0827689796019 15.7395770916934 16.7578472031619 17.4800136869579 16.2637893862606 18.1135301040681 17.8540045257721 18.0842826311776 16.8972984004546
TCGA-A2-A3XW 11.1554845735745 11.1295859551147 23.8112993611597 12.4608563106212 21.4805375865388 15.2042430405356 14.8686067680562 16.6465376027664 16.570398921532 18.1008175904247 19.5985748393737 18.1874855063791 16.3028582072732
TCGA-A2-A0CO 9.87890311982908 15.3078651807405 22.2231379767913 15.2830772355816 21.9240744480232 16.8365389338655 17.3301458354357 17.1087514150022 16.9893013689735 18.5702403591523 18.3132297904802 18.3693005513827 16.7598142194539
TCGA-BH-A8FY 3 12.4308002320469 20.5224716339956 13.4106893720051 19.9807326122471 15.1180013551196 17.8557602604119 17.6327333852498 16.8171091740336 18.5662868318433 17.8975997790952 17.9824016590676 16.9142495144915
TCGA-AC-A2FF 8.57366096271905 14.3679083418838 20.3577711496968 14.7942235132125 18.6960410419967 17.5367391891843 17.8289486236553 17.6146732275366 16.7118460133454 17.771081842375 17.6509802042415 18.3122436924312 17.5257226339641
TCGA-3C-AALK 3 16.0747034937502 19.5641821640617 14.9050373504325 20.391637317509 15.5974113479967 18.2888648438364 16.1449378007498 15.9045043489004 18.8705947427793 18.0716382769627 17.7713748383495 17.6858894457196
TCGA-A7-A0CJ 12.3209252883264 13.5001245154898 19.887023000628 12.5720709637937 19.3924817024677 14.9708741881041 18.5158095117545 16.6294047137947 16.0477701726598 18.2235493044876 17.9260359713944 19.0317203346654 16.9758656459718
TCGA-A2-A0T5 3 14.1786366143859 18.2836994846396 13.7236608405376 20.948971466881 15.9711142605334 17.1877174099317 17.6313646050894 16.5604418323753 18.3421890378119 17.9304918467841 18.2416621286582 17.1924379481389
TCGA-AR-A0TT 8.97626113758015 13.4804064122146 19.0035119552202 15.3256937641739 19.9330412143498 17.7052087065555 17.2935790939553 17.1112553121186 16.9028526467902 18.1776622043396 17.1803146568389 18.334898643323 17.4255242260295
TCGA-BH-A209 11.6168682351268 12.9228915323774 18.3302299601777 15.1720492418539 18.989449521655 16.7623470428476 18.0506319087027 17.175647128008 16.7296230403904 17.7191924555593 17.5258288866217 18.120143805498 17.487978057858
TCGA-AC-A8OR 3 15.8099990997769 20.3599907438692 13.3530271248374 20.4755339562687 15.2923569424605 15.7506002135127 17.4268816845984 17.2269288464046 19.0670340968172 18.6920473271365 18.037763614749 16.0568213407089
TCGA-A2-A04U 3 14.5394655599904 17.7438513299999 13.2222653225051 18.8576836727205 13.8253073126092 16.5834106231725 17.227134496683 15.787848780965 18.1901469640943 17.0890908637608 17.6448932397277 16.0597467842288
TCGA-A2-A3KD 8.53836398755183 14.3884206131567 23.4933474855719 14.0348963814826 21.5891379564802 16.1850727189257 17.04645694997 17.1434335467236 17.3401352651375 19.118460640876 18.8462592764169 18.509164738564 16.6199250097793
TCGA-A2-A0ST 11.9988432075502 13.700909645145 21.3235605623505 15.8346458912802 21.0243850716389 16.8017929425539 17.0265949378103 17.0510527527869 17.3019088661915 17.9560451660759 17.480190273713 18.5927879967446 17.5186725124242
TCGA-BH-A1FU 3 17.2848735669392 20.139858783342 14.6205014096519 20.2702064027281 16.7861689401836 18.0447223182942 17.1298852397213 16.2293455607574 18.9378568442776 17.5700759939375 18.2962835414182 17.4637075644972
TCGA-A7-A26H 9.24599576100551 15.4262474356294 20.8432054839783 15.0887609390195 20.1227882714618 16.9496656742831 17.1903274361552 17.1279817966849 16.1234785346036 18.1098383992221 17.6985312035204 18.3860813640028 17.5013241718123
TCGA-AC-A2BK 3 14.8408465422995 17.4123237593538 14.7471063116881 18.9641015009962 14.2980383982995 14.6625159974225 17.3564147937196 15.9370502995471 18.0834684733222 16.2327662784572 16.7672298543971 17.7865869140626
TCGA-BH-A0B0 10.5703590964143 14.6926608417218 21.0937405657877 13.8870235531478 20.6531995974344 16.3434001085119 19.2563379060081 16.8643316415219 16.7529295497459 18.8882336894242 18.0842034254305 17.8621248331605 16.6237663888939
TCGA-A7-A6VX 11.2349843777003 13.2598222930945 19.3365346266369 12.9918714107381 20.7729826380532 15.4851008279486 17.7841639412357 16.0185837616211 16.1512679628854 18.0027229486763 17.2368343557085 17.5127135150717 17.1088874515039
TCGA-AO-A03L 9.67368782420129 13.0636878333272 19.7227645395123 13.5757287745673 20.5130910702885 16.2050136973963 16.7551127584688 18.1112511443182 15.3436551300702 19.5621166647578 17.4106412807749 18.6300347595178 18.0939121571758
TCGA-A8-A07S 10.7046290845249 13.6691200505991 18.7140877603012 13.9302064648388 19.9696964532201 15.5664985831177 17.6815999156984 17.5036311485056 17.0788529139142 18.7732303118479 18.2332644483767 18.4144244898503 16.1997765471522
TCGA-C8-A3M8 3 12.3950331319422 20.8074994001093 13.4921218908967 20.0213818852061 15.8733929273554 16.0050015940562 17.2185137168045 16.3839069616904 18.3275436297878 18.5252925458199 17.3627906822401 17.4665611831975
TCGA-A7-A0DA 10.2644249782442 16.1905129502185 18.2304328577744 15.34353152105 20.1897580853247 15.2395058200325 17.0905740301935 16.8722752237482 17.405235468203 18.1122429127687 17.0970058302514 17.7283164078433 17.4546491995915
TCGA-A2-A3XU 9.09478670743493 13.799112801378 20.1917211340381 13.4117049659611 21.8865907865589 13.3802329543456 17.0383364834958 16.9182169724955 15.7311261461065 17.7357251302773 19.2513969225743 17.3528708396251 16.8759325427321
TCGA-AN-A0FY 8.33832351339918 14.6055355589042 18.4842598517532 12.5468044410239 19.2658912925371 15.3002912130795 17.8140856718607 16.460356299622 16.4819382832401 18.0841368328977 18.3310413942323 17.2172696262865 17.7176934566958
TCGA-4H-AAAK 3 14.2933350099365 19.0583896436038 13.3360680638877 20.3771772868763 15.6354956725347 16.8015435193813 16.6418992250206 15.902586607178 18.3301052896862 18.0075534510374 17.7677525707639 17.3523153173764
TCGA-A2-A0YM 10.8285243934556 18.5704828874871 19.5516618647537 17.7286395147861 20.5431110893545 16.5219339766244 15.4395572955457 17.3018113224644 17.4958696327814 18.4047967208751 17.0294185061684 18.7564063490457 18.2719185788657
TCGA-C8-A1HI 9.28566203384332 12.5083859746649 19.2939257870255 14.0249741210847 19.5694504870511 16.1518248548595 17.027215190499 17.6969827245948 15.7309470732049 18.8675613032253 18.2470774208661 17.3587534896449 17.3403845679066
TCGA-AC-A3HN 8.32201552239352 13.7886960517898 22.0439888843905 15.3092028093721 21.1238784030933 16.8933343152375 17.6094784816821 17.7511388226141 16.7183679645676 18.2869325129016 18.031566939099 18.2355709307703 17.2735938078808
TCGA-E9-A54X 9.33904773690732 14.9504011677263 20.519678668077 12.5104714709321 19.3754872122335 12.8793381573865 17.6181029954225 17.1109882912681 16.6946296920909 19.005723162769 18.9443782270177 17.4912363378851 17.6295079691601
TCGA-BH-A0H7 3 14.5844930374094 17.8260995774451 12.6796350687228 18.8781757900024 15.2925883887797 18.3044142030664 15.2926315676247 15.7777407473657 18.6837410753004 18.7397567887061 17.5255200627583 16.9880424768687
TCGA-A2-A4S2 13.6008378346837 12.0537337354761 19.3342102484356 16.0116909456827 20.6851973391005 15.8937534978947 17.8859816045466 17.5216870278564 16.051656086058 18.5167820790303 17.8827266449041 18.2591395574839 16.8544105083862
TCGA-OL-A66L 3 13.389298997354 24.4448318670827 14.6354194690149 23.1797146414901 15.2213929412836 17.1945492117985 17.1768685198905 16.1309711728626 18.0209419555672 18.8381007846266 17.3240214533588 16.1007987070453
TCGA-AC-A6IV 8.70455931292748 13.9310739630836 20.1039206929578 14.3280874954473 19.842157758089 17.2551402865885 16.0832553644947 17.3649877362902 16.7944957958306 18.5168696770944 17.8318226865461 17.7595734785813 17.4588911865965
TCGA-D8-A1JH 8.2511172433282 14.6095886416798 22.5830376287564 14.5705049087683 20.4404513191191 17.1957606076576 17.6251524360029 17.6623390703217 16.6237464789709 18.218605821661 17.8725821222167 18.2075610538188 17.4211887823406
TCGA-E2-A1IF 3 15.907709223544 22.466663159949 14.5131904387855 22.0633025108886 15.3507365207101 17.3475670031324 18.0058033876428 16.0857823711597 18.6234859088371 18.1145898270675 17.6490694273635 17.0937305813762
TCGA-BH-A1F8 11.2245103694811 10.9206787508229 17.61889423402 13.1933899649417 18.5869888207587 15.9903252818612 18.0703583664103 17.854151263348 14.8156736322117 16.7981041350202 17.7168373038154 17.2138828599702 18.129434793758
TCGA-B6-A0IE 3 10.7818856349622 16.959655618868 13.6768281513809 18.0605731358843 14.6467595590913 17.9326301484821 14.7352310660783 15.6954591990789 17.5498390279063 17.3554651201068 16.7020270853901 16.8909880764657
TCGA-A8-A09K 3 12.0963632348896 15.6678444692825 13.7403140932671 18.7939213549458 15.812841775152 17.3966389479354 17.2969262957015 16.4712388329795 18.0404078940484 18.6661567096159 17.660726802741 17.4063874142343
TCGA-A8-A08S 11.58427215352 12.4634534594987 18.9463491228889 13.4199898134351 17.3416896165965 15.1097067165064 17.8499731389157 13.8864187647838 17.2479687727287 18.7485023876819 17.8859982351308 18.3506129434892 17.399312337321
TCGA-A8-A08G 8.39956649289311 11.3571988912221 18.6704056929169 14.1932149028249 18.4909748721242 16.3359046647876 17.2722445084934 16.3108285100936 16.8759819908473 18.7784632915698 22.0582743525051 17.765317107857 17.6349975714372
TCGA-A2-A3XS 10.9450597331952 13.2363275474976 20.1327015511255 15.1972663797193 20.8387681878587 15.3618563277498 16.3447109879014 16.7524215503762 16.2523444857306 18.2620818784725 17.6401520166582 17.3973488340079 16.9181007553321
TCGA-A2-A0CQ 8.71654790258611 12.9582217133877 22.7138259538223 15.3803202105168 21.7392491196684 15.2332589473979 18.1274004357993 18.3252542033262 16.8685406289108 18.4322891781754 18.2030468055047 18.0342119943541 16.0859884715078
TCGA-C8-A12Q 3 15.5013321981377 19.0732108445196 14.7960836164784 19.3808007610787 16.8028935338302 18.4038801708174 16.5306231303832 15.689764757128 19.700945452994 17.3070596007306 18.1441875328336 17.3858636238621
TCGA-A8-A07Z 10.8997010935553 11.7149746966413 18.4174059156655 13.8187879503118 19.6248800849408 15.0086825138809 17.1513051472584 16.7941837298295 16.3905047396728 19.0620541254128 18.3572029338216 17.8064857351115 16.853582719919
TCGA-BH-A18U 11.068758960512 15.6271922838428 19.4111141431944 13.0799045695284 19.119198299385 16.3292511442329 17.6037666331265 14.8441194146756 15.2240064122327 17.7615225321315 16.5653090822822 16.6985890298465 16.8129018598744
TCGA-BH-A0C3 9.00234462611217 14.1904868022865 20.5772958325204 14.4621701893299 19.5291147038177 17.7984969708123 17.4685689058996 17.1354748637905 16.8236562653477 18.4036994981181 17.0399194181718 18.060040896221 16.8162379448718
TCGA-AC-A2BM 9.72021914514056 12.1119331379251 17.9961015658921 13.8488257151174 18.8862700630796 16.1621710978868 16.9747560922421 18.4683367192009 15.9808415472954 17.6989108770882 17.8140235276309 18.3086063544401 16.8019500905311
TCGA-EW-A1IY 8.39488737875683 13.1467800805701 20.2439889316701 15.0134762434933 18.5336384156366 16.8171702461351 18.4918165354894 17.6742743200654 16.360001225757 17.6199069215336 16.620856016843 18.9936915595007 17.9535652285195
TCGA-A8-A07G 3 13.9821155537732 15.601824062533 15.3963745932068 18.9730887247241 16.0906737266742 17.7870989099117 17.1781382268476 16.9529497271573 18.462544702431 17.651097819414 18.5362141565384 17.3651047787059
TCGA-A8-A09B 8.70954198615174 11.9805019486438 22.5795367851961 12.7776169959656 21.0275833771164 15.801687670698 17.5140712746517 19.3327357430074 16.4180134747309 18.1235805242319 17.6331673210671 17.8603820615765 17.6038035933711
TCGA-BH-A1ET 3 12.6635062872244 21.5488154107383 13.8887163577746 20.1882757439598 16.7647604535293 18.1328977423126 18.7872579390399 15.3119162073804 18.2805214598851 17.760385035085 18.1539856893438 17.5415524986016
TCGA-A8-A08L 10.5193828121088 11.1122188379426 19.6707782137279 13.4413789927482 20.3906996137816 16.1803480358738 17.1660451690846 16.4208126088825 16.0888637034654 19.5195639776883 17.3242976251742 17.4428611467982 18.095967266004
TCGA-AR-A24P 3 15.4267872076685 21.748099622977 14.9405331589487 20.4961642502546 16.3655888507187 17.8218164769957 17.2082463867157 16.8606446195147 17.8911743099664 17.7349564324921 18.134840463606 17.0867037862688
TCGA-AR-A2LH 11.9006038563525 17.8968492128782 20.926706404216 14.1299962235526 21.1960862565273 16.5897655115316 18.1482617086726 16.9199043018287 16.0355403428797 19.5836654329246 17.7781468195196 17.7988681812974 17.0863094499444
TCGA-A1-A0SP 10.3749216184388 16.5138534248496 19.3985100764876 17.8455670459076 20.1110971139855 15.7662655459972 17.9876916482414 16.128448831576 17.2140861356671 18.4278555245434 17.1207345007175 17.8369022724262 18.182065225885
TCGA-AO-A0JL 3 15.4627989348787 18.5488230048543 13.3096046774494 19.8899935624599 14.0321070077268 16.7844895206539 17.3864479938779 15.5787679309042 18.1002321715546 17.3172609182269 16.9359222786014 17.2900823363517
TCGA-AR-A2LE 3 12.542614569102 22.8881570483843 13.9329967545859 21.3522316703796 15.7116996826447 18.0106671533436 16.8964480146967 16.4421569053162 18.4348785138811 17.5701228947098 18.1208209092443 17.4986910935994
TCGA-E2-A1IU 3 12.6588419342645 18.590631810867 15.7253441374637 19.0800274485454 15.6479397862551 17.8246377841208 19.0713924747292 16.3892816646729 18.5520427215924 18.317976204341 18.1106022916482 17.2568219428803
TCGA-BH-A18H 3 16.4565438831333 18.8808242136749 13.9207143571088 19.9844198980296 15.6848346385354 17.5770227962993 17.5470327652185 16.1953651988582 18.5986175651418 18.08413225115 18.7433961004866 17.1813766413052
TCGA-BH-A18P 3 14.669335247575 18.9871283259812 13.0921680061777 19.3116789706688 15.7206545046728 18.2903818673269 17.3260748805056 16.3454375570764 19.039840451946 17.9265566363281 18.5149693081557 17.705566774561
TCGA-BH-A0BP 3 13.4725579142672 19.4794771390951 14.2306710250275 21.2348670807744 16.4458901499194 17.7585855511718 16.6111581958225 16.6785035620018 18.9698931784678 17.8389975643991 18.2350469864955 16.7289020125052
TCGA-A8-A06Z 3 13.3298895536125 17.9956050768641 13.5119907805873 18.2243839818617 15.036962537468 17.9909916845771 13.1175222884535 16.4382977558314 18.1432153111226 18.2748177950116 16.7029488053339 16.7955351139534
TCGA-A8-A07L 3 12.8486106828541 17.1734400309201 12.7996243623731 17.5684323805728 15.8781541074235 18.1056150037927 17.4403286389731 16.3592761281854 17.6725539349378 17.9523389414989 16.869666731511 16.6190517662357
TCGA-B6-A0IH 9.25196219195339 11.4175927193258 18.8288285974197 13.3162331248522 20.440786409614 16.5100597951359 16.8887156654739 17.0700244121578 16.2935446390121 17.6736789543625 17.9485135282275 17.9428053571329 17.5298985655907
TCGA-A8-A09D 9.92199378299014 14.5504201897196 16.1557036901351 13.859751268505 18.97099376778 17.4829892052897 17.5002876102723 17.3506468026839 16.8475574445207 19.0772635471467 18.0612350876705 17.8205547218198 17.1633265556022
TCGA-GM-A2D9 3 14.6262138285174 21.3508974102155 13.1207517988822 21.364797571839 15.2354852294467 18.4432522041919 17.6392046598334 16.187207375825 18.9258938719275 17.8725054181274 17.4204886016208 17.2937599885725
TCGA-AO-A03V 8.86574892728306 14.0219481082468 20.9357304365296 12.6737937231259 21.1617088504312 15.2022793779674 18.1388268187496 15.9898432681103 16.8855663307912 19.2359213489967 18.7632748650365 17.7631909924686 17.6207137724836
TCGA-A2-A0SU 3 13.556465520443 20.4941981212952 13.3950974266597 21.1950899430038 15.8779507386178 17.6014489651065 17.2788330105911 16.5386215499843 19.1416349417028 18.9136487730546 18.207723902408 17.2615713627145
TCGA-BH-A0BQ 10.2021168742978 19.1639286383779 20.4136304175991 14.8312691692552 21.4123930870118 16.1203092224133 17.3297591504543 17.0256066964595 16.3756345777268 18.4593901292112 17.9294114275026 18.5235626760606 16.8262143085319
TCGA-A2-A1FW 8.50007901810248 12.2356618333785 17.9072161619454 13.0994793179707 18.5653646511532 16.3335180971138 16.7799527691636 17.8527383985429 15.911179435892 18.6513898867846 18.4421126025638 17.5588125675306 17.1172118904086
TCGA-A2-A3XZ 8.68885682107218 15.3116784281422 19.9590531061615 14.7791385465991 20.4256624589475 15.6155651368429 17.722318816519 16.5119294065771 16.8346084043731 19.459935232928 18.5131271557349 17.9851246486771 16.8878231203406
TCGA-A2-A0EM 3 12.3273333949056 18.0278527593935 14.1581563281077 18.727106040837 15.7548223173359 17.5985519598296 19.3482694258882 17.1969086465428 18.2769926824202 18.2110058771574 18.6726450204943 17.409287238332
TCGA-LL-A5YO 10.964333898757 14.8149715245357 17.0042624992892 14.9011867255114 19.894963428074 16.4781508361209 18.0439861572815 16.9102012575361 17.4680096748303 19.4797507457477 17.8385223762737 18.098534418111 17.1099621300201
TCGA-A7-A0CH 3 14.7816122487746 20.3940769227807 14.7196166377711 20.9917985440977 15.0451155010548 18.5445968523993 18.1962847780381 16.2848804870716 18.268045997142 17.8297259601896 18.8247581730198 17.6946640833657
TCGA-3C-AALJ 3 11.934793915212 18.0594442978857 13.564202887653 19.8182063903082 15.5702303657945 16.3740939910015 16.3276071790615 16.5853504432126 18.9322159418948 18.4411239380201 17.4089624036249 16.0008198327574
TCGA-A2-A0ET 10.4212932242816 12.7913384017911 20.5562243402658 13.1093294180378 18.526578245361 15.6931360200202 15.7616969891169 18.7781255257192 16.2332022870666 17.9369551287337 17.1963426177483 19.0248786347019 17.1059673120976
TCGA-A8-A076 8.50696143830394 14.5055038134473 17.5870906113347 14.1058560139477 18.8969419879463 16.9617419094215 19.059591623949 16.8120026237644 16.0514661605246 19.2804213712998 17.518724987438 17.7052617419175 17.1152527603664
TCGA-B6-A0IK 3 16.4451670792024 19.1989625092803 13.88765245149 19.6475262302637 15.7072420785991 18.7281045715935 16.8447952733386 16.3419253426043 19.3657008124221 17.2034828317845 18.4454766999761 17.9218924495415
TCGA-BH-A0BL 11.0277385476109 16.7776715690921 20.542809982039 15.4624970572191 20.5377681316334 16.9852228274969 16.7598341334446 17.1670690211905 16.4002537277834 17.5444563138081 17.1874413283407 17.9795429566319 17.8117037542965
TCGA-A2-A0D3 3 15.1082426706866 21.0367357492231 12.2911658877647 21.2135761107649 14.8397834105219 17.524892911351 18.2414749638104 16.7534327405717 18.5229022980649 17.7597113652774 18.5196524506096 17.5474421329767
TCGA-A2-A4S1 10.09968690908 14.4400344614575 21.0030972316358 14.4569284853533 21.8183250870355 17.6396007878745 16.788648046406 16.2921406019232 15.9907895917675 19.0921788814331 18.157852821445 17.6920488155828 17.7108746558293
TCGA-AC-A3TM 3 13.1476958188331 22.3370359234086 12.9324242338875 21.4871653452882 14.5058711380532 17.5624179649601 17.2906425291231 16.0727491862333 18.4851966416549 18.6205927227049 17.257559477906 15.9331832263503
TCGA-AN-A0XP 12.8547169757567 11.8055207279021 17.3982834679757 13.7843168511186 18.9613187891115 15.6793964342677 18.0120251496007 17.9431538407075 16.5760251809309 18.3903422854297 18.4312260258106 18.3547735605162 17.3609229597152
TCGA-A7-A4SB 3 10.8236715731743 21.5478729708877 12.90709699059 19.9838362017882 14.9048654494076 16.1051384587435 17.0590449841676 16.364170799209 18.3904131364845 17.9904672844064 17.6719317054615 18.1033619602835
TCGA-BH-A28O 3 14.7336919032629 22.6057054405083 13.5961681515895 21.9850718216606 16.210693470253 16.4315426333054 17.0404537823682 16.4533855695851 18.1480531330727 18.1985741645108 17.9445017129324 17.2704954868243
TCGA-E9-A22B 10.1835176698747 14.0551367964757 20.7860987657607 12.9573333652362 18.5738577917629 16.5837332031132 16.6957976414336 17.3296151268095 15.0543187538483 17.9380163321928 17.986332527445 17.4317108205556 17.2725584716133
TCGA-A8-A0A6 3 15.721914994818 17.7211576843702 16.5552010169997 19.7732417515616 17.2090384018863 17.4708217545418 17.2026094672025 16.5384611799474 17.926691874344 18.3636762973827 18.3322684943974 17.5796645226984
TCGA-AR-A1AU 3 14.7800641483609 22.3583910515142 13.4645828377894 21.8253320461104 16.4470890014544 17.9976716200282 16.8980825382889 15.6075498782578 18.1708182370165 18.5021810344097 17.715073338834 17.3865100866318
TCGA-C8-A8HP 9.54727378513269 15.2255960162986 18.9853748847535 13.9959721402147 20.0079012970121 15.6052617254815 16.6916724205311 16.5941501612835 15.9819695810454 20.8545619111126 18.3334315906619 16.9582851589919 16.8812584066792
TCGA-A8-A075 3 16.5242041293867 16.6440179099803 14.523752065512 19.2709030983918 16.4562498388453 17.7322597606809 17.2694328949513 16.5990140425003 19.4018003655115 17.5502773248939 17.3103517261057 17.6866493393313
TCGA-A2-A0D0 9.08576947929529 18.3481532187461 18.3472488929996 14.2802329956359 19.7787540561458 13.3226270194534 18.1233991932695 16.8444252204107 17.1249451474488 18.7870614796092 17.381292796255 17.3627185932927 17.5771947546958
TCGA-BH-A0DS 9.21349149641744 16.5377298793008 21.4210974728395 13.7744355083663 21.2277189012097 16.276056427591 17.595255068159 18.0262442010393 16.4068847536263 18.4328176445648 17.9872144445635 17.9653933993432 16.6321288731793
TCGA-A2-A04Y 11.3355884757291 12.8487443916152 20.8428637674344 13.3916913569535 20.5494432091749 16.214457993419 16.8305939237529 16.5934303360232 15.6937131024443 18.6331606753788 17.7755617610095 17.2308473050107 17.5094857183634
TCGA-A7-A26G 3 13.9820806039242 19.7017423902337 15.7943249636563 18.7897155857999 17.9254127380442 17.1612853502526 16.9090252566071 15.6035071985392 17.0880420341804 17.5310630002842 17.9587421419539 17.960706212639
TCGA-AC-A23H 8.52486504656756 15.3697263029212 18.9730293212643 13.2209295525334 19.6882856062592 15.5526153917595 17.9729668988386 17.4912200677714 15.493114816883 18.9829295269059 18.3238034433499 17.86659849453 17.5649173904369
TCGA-AR-A5QQ 3 18.9218665845069 21.2515881903494 14.2632924473407 21.6343109684382 15.7458637454207 14.9620429324106 16.7161541083159 16.6084462463867 18.5897739947489 19.1755573482141 18.4010718067682 17.3677465358531
TCGA-BH-A0E0 9.64690011192375 12.5517806304301 19.7614404071123 13.5756406768197 19.1944476183893 14.3772904600829 17.8479172197809 17.3427092373128 15.9077799876005 17.8861542518932 19.1125033843618 17.2765480476488 17.4659671465953
TCGA-E2-A1IN 3 11.6893395641205 19.5022483510781 13.0320047725675 19.3922935849819 15.7420213345711 17.804898918217 15.5934395401642 16.0541077021358 18.0975658680046 17.6630437893534 17.6878177479954 17.3739919982816
TCGA-E2-A1IO 8.77077108205821 14.8556889982291 22.6375888761921 13.982040306612 21.4223462648321 16.6623595499909 17.0661565407676 16.8234100457585 16.975109786512 18.5177912801439 18.1667971475891 17.8451942827241 17.2935588565967
TCGA-BH-A0C1 9.6738118799487 17.2733825598802 19.2575038512254 13.4553462345454 21.4145113331882 15.9122969342585 16.9592885550597 17.0820070104604 16.1251566272089 18.4126072380084 17.5350495309317 18.2842530697422 17.8939083858824
TCGA-E2-A106 3 12.0515341291294 20.7757279720782 12.5379358381251 20.4660198022758 14.5803989496621 16.3563834911858 18.43684156493 16.1547060814853 18.5629655313289 18.5889006025393 17.7452656681064 19.4473992091429
TCGA-AR-A5QN 10.8321029842096 12.7157542406954 19.8408037009605 13.1103643889232 20.7960676779528 16.235040204953 16.9140788427949 17.4539950465279 16.2687075893292 18.7528858888099 18.2961837618174 18.0239158813092 17.4167152017847
TCGA-AR-A254 3 16.3679820518707 19.5834482006587 14.9901807682124 19.0497561244318 18.0403246340341 16.818827158049 16.9409165094611 16.5038178986219 17.7745488015607 17.2994135827487 17.8638125666222 17.5444754385696
TCGA-B6-A0RU 11.1089497229052 12.6644654136173 22.1537572180587 13.2741091003482 20.8329335607487 15.6981989451172 17.7442227136715 16.831112729137 16.5860891589767 18.7527859256079 16.9725503278279 17.341281254201 17.2671351276519
TCGA-A2-A3XY 9.30807518222862 14.7374210435546 21.1468731179424 13.6429373601241 21.7401532697547 15.9941058434788 16.7226955012365 16.3489092057824 16.5885589776205 18.6447600544336 17.2994522809635 18.0393031319297 17.2717620255312
TCGA-BH-A0AV 9.70023397115924 19.5139270654734 19.1752177051014 15.9586586769829 19.7526274931889 16.8196716468522 16.893076746599 17.0947113024366 16.4710131184513 17.6449901393987 17.0822242333021 18.1580977330658 18.0792340048346
TCGA-A1-A0SG 3 10.9721004793528 19.5669708758351 13.8928815922821 19.4944235160846 15.3252139202276 18.2642505846948 17.2271130682876 16.1747395809299 18.9399093647548 18.3866572411964 17.4467275038474 17.6088493195394
TCGA-AC-A5EH 3 16.6050218444289 20.1066837476785 13.302847703134 21.1946542368268 15.7530489736985 17.8425249059601 14.9864862339033 16.4786099466409 19.3829910363694 18.255643836201 18.1022313041897 17.2531515462185
TCGA-C8-A138 10.8067254660477 12.061433241548 19.3970051280037 14.1780912147652 20.8604328684487 16.5578394281861 17.1807807631509 17.0944850927436 16.4363346632278 19.5878262727371 17.3946582711109 17.1906322807339 17.115699319566
TCGA-AR-A251 10.9188060813267 16.3774592878436 19.5355847042659 15.443282737025 19.0792868216649 16.4460825108101 17.3951582084306 18.4021574220153 16.0611630606113 16.1644801910748 16.1178559022709 17.6142024404849 18.2162077534703
TCGA-A2-A0EX 3 12.8606682699351 21.4090442047843 13.1527018377327 19.5422913152896 15.8182793431173 17.8701219527976 16.6649546642288 16.4617885707605 18.3544787558984 18.0712620765621 17.7515856809519 17.25711393291
TCGA-AC-A62X 14.0488877746302 15.4641387371733 17.4111873143016 13.512695154827 20.042916534244 13.6158001789232 18.0766561480836 16.9592838151878 15.0886639659033 18.0575391534078 18.3329109606323 17.5228201651506 18.5666242876929
TCGA-GM-A2DI 3 13.2336556321304 20.8938651493085 14.7390276442869 20.9257238406137 17.1047257783618 17.5763512956153 16.3976389580691 17.1893141648275 18.7630064401866 17.323802813061 18.620628888195 17.5512883286464
TCGA-D8-A1J9 9.29000276359108 15.1664664074612 17.8519781572138 14.0331587884274 19.1315761843999 18.4156345139317 18.075914917752 16.8670080397358 15.9721961053337 19.2342845898789 17.1980283946317 17.8489205300594 17.4009703923377
TCGA-A2-A0EU 8.89737928324304 17.6997431645829 21.4234659234836 12.3663145711797 19.5944222064705 15.028264500727 18.3369615644488 18.2012834192363 16.5132967431381 18.048392339551 17.997687562619 17.4413575331161 17.5519072531505
TCGA-BH-AB28 3 13.5275404880838 18.1075069539785 14.5409902564288 20.5330361202241 15.9473690279543 16.7077443691664 17.6991854029754 17.0117304285292 18.3217498739533 17.9959300231991 18.4189520770952 17.5166711572114
TCGA-AN-A0AS 3 16.9166634399927 17.934597348552 13.567502587587 20.1252706762911 16.6055911512028 17.9330057747561 16.9569446206828 17.6450878366287 20.0880011420166 18.4881712411826 17.925657056943 17.1840719266771
TCGA-A1-A0SI 8.50276338107983 13.0216715450751 20.8648454479464 14.9297980322884 21.5668048703487 16.44244577244 18.1924981658832 16.5515205392606 15.6876799266342 18.9856678503607 18.0228125738554 18.0049025522789 17.4220885513038
TCGA-BH-A0B9 9.67749715758571 14.8837039118217 17.4684129411594 16.1011723012648 18.2205745535786 15.4569141620432 17.5973074400925 16.3629370499105 16.3951816638998 17.1412468251175 17.6089264603356 18.4508720287423 17.9394406374872
TCGA-A7-A5ZV 3 17.9734966993236 20.3166174410512 13.1828677344248 20.960084877399 15.2977777467095 17.1802047404759 16.8028377835641 16.4454343778451 17.7718612681879 18.6153627927357 17.7841958733817 17.3916987681984
TCGA-BH-A0HP 8.62224773502961 12.8044789058902 18.4522796117888 13.7175282672559 20.2608836430702 16.8320502130716 17.8080036737642 16.786766059759 16.0851106272546 18.3233511424925 18.2323863483314 18.2583590917209 16.9426722165431
TCGA-B6-A408 8.68676832960154 13.7783659757655 19.3625142633756 13.7595826098204 20.6039796846366 15.6748266189979 18.751967590601 16.3863277789259 17.0242673512549 19.2222724882434 17.9995388019161 17.6135810035067 17.1486165949555
TCGA-A7-A3IY 8.75211747200757 16.2185927044472 21.4356959882889 15.3762701329263 20.2095653095284 16.6374968913474 16.3900403463444 17.4696547296139 17.0661144279481 18.3701892462492 18.5668147776179 18.5394275205742 16.5586898163476
TCGA-E2-A570 3 15.1495768049657 21.1252228612303 13.8008403560228 21.2094515584691 14.7335078777293 17.8489918617636 17.7575214579987 16.2825934366127 18.9466220012582 18.0320043178638 17.6005417876856 17.5665948984208
TCGA-A1-A0SD 9.65458953174196 13.3660723269508 21.857162562072 13.3522402883707 19.9563904793314 16.5058563831808 16.7877651695841 17.382227966492 16.1125175079629 18.3853235451796 18.2920786828401 17.9578965912378 17.4983307908399
TCGA-S3-AA14 9.42958112105347 12.5950731534806 20.3450476715162 13.3693978991503 19.9331731138762 15.703609171394 18.6339675922008 17.453826623834 16.1553973994178 19.0572697284166 18.1104998655145 17.8042643201943 16.7706351994286
TCGA-A2-A4RX 9.56623105538119 16.4548909926833 20.3625665335812 14.7274121783843 21.0476763459673 15.5526404493477 16.9804603752516 16.6262329660996 16.8339107701901 18.6974331427588 17.5861062408575 17.7030470017235 17.5617978149994
TCGA-Z7-A8R6 3 15.586460192558 21.2207240325747 13.4175316603481 21.1549180718384 14.6851122903761 17.8637305874875 16.8330243077499 16.26267728411 19.1991475245198 18.0788164787837 17.4951252733794 17.1015891747246
TCGA-A2-A0EW 3 14.3900926949051 23.6334631527763 14.5773605929953 22.5364147441572 16.7428910744505 17.885248674015 18.002245304468 16.5569137426284 18.300903837766 17.95493797818 17.9930900996971 17.4092857389577
TCGA-C8-A12W 3 13.9908227128062 17.941358839611 13.9472953543496 19.5608210663013 17.0879808740946 16.8565842973625 17.2458815797484 15.7406535569214 18.0968095047655 17.709314097206 17.5383640062478 16.8503053908408
TCGA-A2-A0CV 3 16.5190799389877 21.3997894119191 13.2527880392488 21.7825634933267 16.2646958370005 17.2366804732892 17.0558617191351 16.4581394859919 18.4309898453941 17.9146471031959 18.4359552577751 16.9632825238749
TCGA-A8-A09E 10.504319649282 11.9692000164961 20.2415380318985 13.7790667889592 21.0959909421041 15.3012548212642 18.1881423135172 18.33278758673 15.0466740264302 18.4688678761761 18.1063515131356 17.5035779556268 16.3367136108626
TCGA-AR-A24N 9.47540060851921 12.7567011667884 20.3305919230932 13.4419246695359 20.4755970696199 16.0246977569181 18.3388047372704 17.8700304355786 16.1504201058965 18.1630185388424 17.5812275617312 18.0849956683571 17.3164969299872
TCGA-BH-A0HA 13.8291835331067 9.3265004555166 20.5509283222637 13.2937565888776 20.5960734983459 16.2680783747782 16.8450589796665 16.8811102549315 15.8466293154739 18.502496821261 18.5653500864538 17.6587994545927 16.7082365216693
TCGA-A2-A0YC 13.8572094403841 14.235716273775 19.3534389606712 14.8176150967899 19.1732323264826 16.0566993691929 17.6862965862549 17.7302159428755 16.1888327512444 18.0254678194763 17.8074975706098 17.8119195547108 17.4260078467761
TCGA-OL-A5RZ 3 14.1058166776592 19.5898208765926 11.6158336664721 20.449809349466 13.8971855594847 17.1555054647356 15.9041861664746 15.3045552537209 20.1472474965375 18.478875060548 17.5248300331118 16.8411422907359
TCGA-A2-A0CR 10.0875112537697 13.0660260578618 20.991724173143 13.965402070964 21.3161415685709 15.8257716322916 17.2498352177837 16.6469865871973 17.0434351101602 18.7163908546688 18.3741330813497 18.005770462375 16.449341341104
TCGA-OL-A5RX 3 15.9126396936112 20.3565055265235 14.2217107137558 21.174643015002 15.7126254604737 16.9717190840152 17.6497844151101 16.6972486645953 18.6648812682899 18.021537138557 18.6284492613748 17.3499095297308
TCGA-AC-A3TN 3 13.6561884032005 19.0128074358695 12.3067855709493 20.343336637891 13.6974084376032 17.521175000158 17.8304375684435 16.3781461566891 18.608728479181 18.9273194685025 17.7011891252067 16.7414000739154
TCGA-AQ-A04H 3 14.6304048777188 18.2777245648054 12.6736802239611 20.1047580647135 15.9197235505268 16.4442492010157 17.1752280625563 16.8574669199748 18.9705525368421 18.1144556350694 17.5785114124926 17.7367329928332
TCGA-AC-A6IX 9.76912810513634 13.9219372082396 21.3013513647931 14.1870091984942 21.2821468378103 16.6867126450725 17.2554251034704 16.8133321289281 16.2043027691203 19.2190859603877 18.1322260114169 18.0113805104063 17.7010796571827
TCGA-AR-A0U2 8.57241701500079 13.4051239146553 18.4713551108442 13.238141154538 19.4888755785696 16.3080606357363 17.4725283749027 17.4510228914288 16.3864576620204 19.3431519821503 17.6220422485039 17.8706077044086 17.4918855840207
TCGA-AC-A3W6 8.99008121993845 13.8488855947782 21.624704896908 13.8900494639568 21.4291930606674 16.3806266320097 18.5252436580817 16.6085870874524 16.965800290576 19.3038585882275 18.1346907558781 17.8969252391825 16.7124268981096
TCGA-A2-A0ES 3 18.1779654531819 22.8470304009471 14.1339981084297 21.4485502462487 16.8116599363767 16.8522326671064 17.4134745627087 16.3310122710334 18.2640522557461 17.8026686132953 18.0803440086805 17.4920531199026
TCGA-AO-A03U 8.59475123282721 14.804342542269 20.7750669111035 16.9443457360054 20.4869070369767 18.192477803554 17.2872210336566 17.4756350537413 15.8006889035287 18.6444364622433 17.708113711183 18.1628968079297 17.4746187814986
TCGA-AN-A0AL 3 17.4517703266036 20.5054994566657 14.4756510646969 21.0937461623241 16.4922177896471 17.5083884261263 16.3317446354901 16.8014999646517 19.3875645817098 17.6813088396004 18.3415547031798 16.6499971049339
TCGA-AR-A1AP 3 15.4429837898162 20.5027173144139 14.9058005280405 21.0408472567283 16.1986464313565 18.2886961431859 17.8211204977108 16.4245874707427 17.9471802965112 18.63929628243 18.4137456072725 17.5876871960985
TCGA-AC-A4ZE 8.69625318973157 12.2202715050579 20.3607756959973 12.365516291427 20.1461341445233 15.6039750305539 17.6404536206476 16.4900587703023 15.6324686329625 18.7481085619617 18.0247759994701 17.3547120022497 16.9498303013093
TCGA-E2-A15C 3 14.3067288873063 22.5121320542388 13.8006663861175 20.8222000315097 15.8590550188546 18.3474352476333 17.7086802002622 16.3710279453813 18.4199939047036 17.99430255527 17.592876102558 17.7210373987393
TCGA-B6-A1KI 3 9.03684188156103 16.7599609150274 13.3491510084465 18.3895382548401 15.5324277578809 18.3518092055835 18.1910323396462 16.5354707636882 17.852116843431 18.2028884754127 17.6429736221537 17.2717908940602
TCGA-AR-A24T 3 14.316123502186 19.3061722196294 15.6415546085063 19.18001156837 17.1385299856775 16.138148966046 17.3999534446154 15.7525339520228 17.5387637131239 17.062383763383 18.4051434586769 17.2341345992765
TCGA-AN-A0XR 11.6076472271236 12.2606894197594 16.3502994805543 14.4452800406787 18.1181098730099 13.9300479175188 19.0106758739376 16.382060869805 16.7058951586731 18.945376145666 18.4952890219628 18.0509938195649 17.2248395225074
TCGA-AC-A62Y 11.7581812616028 15.2297892299059 24.5507874384492 14.6029362327827 23.4984322147146 16.2047728248615 17.8944157699454 17.3236205475693 16.3496916436993 18.7275037745846 18.4112406310159 17.6282536131669 17.0074110082786
TCGA-A2-A1FV 3 13.1459486398498 20.6081287564258 11.652679600824 20.1905033884323 15.9506368114991 17.0119388490075 17.6022140697578 16.3795492564842 16.4620545220952 17.8139100336973 16.9655697065566 17.192851835908
TCGA-B6-A0RT 12.4496917067444 11.4622586988622 17.0755957284028 16.949791033064 19.4158514981638 16.9943515663045 16.7722243561911 16.8892095981883 17.5348990372008 18.3106201768149 17.5240662211297 18.3017399641807 17.8590931636974
TCGA-AN-A0FN 8.67807962557094 15.3849422270165 23.4757436638375 15.1204120046048 21.4296767335532 17.1430307807831 16.6164738515454 17.5878941910363 15.9902702275864 18.0225081511632 17.5325397674884 18.338546378745 17.5521479876004
TCGA-A2-A25C 10.0057098314502 10.9879486151998 18.9335939907544 14.2349823886861 18.5089147064816 16.6551115869829 17.6042866815042 18.3420201127994 16.3003994136434 19.1767828611079 17.1684347383232 18.0356923078801 17.208117721167
TCGA-BH-A1FG 3 12.0710900829675 20.8270126010927 12.5102603923535 19.1575561576626 15.4991536720218 17.4752586719021 17.4065274268628 15.5506202041273 17.79996454875 18.4415145738648 17.4145565775008 17.4577550531403
TCGA-BH-A18M 8.80136045016519 12.9868860945373 21.9369917091935 13.9058989075542 21.1538462930554 16.6728954178676 18.9886036790317 17.9696782001265 16.1140363530582 18.2287353219777 18.0612954156359 18.0443420575388 16.7627133178311
TCGA-AR-A24M 3 14.3003480068077 18.1928821729533 15.9317034511779 19.3862206023167 16.8156175392695 18.0485875262973 18.9203067381503 15.7243829869427 18.3329622118966 17.8425172051403 18.8746286856278 17.6337393104576
TCGA-A2-A04T 10.2989424950952 11.9470691276179 17.3838747847105 15.8378063065867 18.8307799968931 15.3978829263413 17.339687392946 16.4729821996197 16.9664206323972 18.4234080655937 17.4929588220159 19.5392018327406 18.1441617790568
TCGA-D8-A1XM 9.84920048869993 13.2745981592847 18.5613290185461 14.5243449731413 19.4424367831534 17.1873344604262 17.815291829879 17.3062811746317 16.6595970566518 18.1110556685904 18.0056844378638 18.1429000064051 16.9637287442825
TCGA-A2-A0YI 11.2802856438671 11.7675345203377 19.5954124564936 16.2501317457297 20.2796539657784 17.3509716212543 18.7167744087697 18.5993073649922 16.2992054468312 17.8659112674721 17.6343454077256 18.4050812605655 17.5129960672779
TCGA-BH-A0HY 8.89980934325835 11.9333249435096 18.648034794653 11.6810468233716 21.0130361090249 15.0731127255791 18.9505111868161 16.0843510995378 16.4250203180976 19.6968938044861 17.6494790213746 18.5281542804178 16.9914520447253
TCGA-A2-A04X 12.4293372160535 14.6173812957622 18.2408279823076 13.7352053369709 19.4828791367515 15.8669781428753 18.8319483798193 17.4437930108217 15.4153283149328 18.6282288116389 18.3025541481269 17.1440721476116 16.2909052200261
TCGA-A8-A0A9 8.47089061016643 14.3827554781207 19.2774778757965 13.2775798701525 20.7979215894707 16.0692856125594 17.9549999146788 17.2760435205618 16.3104673421932 18.335002571311 17.8097026528938 18.3075698937717 17.2812741346753
TCGA-AN-A0XN 3 18.8536004134634 20.722845419799 14.7873436417133 20.1129322635642 17.2931515675595 17.3474875581761 17.322462570308 16.6494357914693 17.6216160629058 17.3881444016677 17.9727090336045 18.0899040094173
TCGA-D8-A1JF 3 15.463866107955 17.5560403652922 13.924366294257 18.3652208039048 16.4630487910042 16.8208809825883 18.3735862090478 16.1251448089266 17.9392579550588 17.8083535921542 17.8706615381229 17.5263762859818
TCGA-GM-A2DK 3 13.4351938719405 21.2060372743581 12.7701868739643 20.7054188573679 16.5293212496497 16.976100820557 17.1560660821739 16.010724979346 18.0276465436437 18.0753640977689 16.9147149442962 17.1471100952892
TCGA-GM-A2DH 9.80705324915124 14.4633692544358 20.0408811086189 13.920831565925 20.5624073941389 15.8640643437039 17.7723044884258 16.5827126453074 16.2641605437272 18.9136554938099 17.6206513714015 17.5422993716806 18.0193596297351
TCGA-BH-A0BO 3 18.831923485885 22.6616940432375 14.072581888962 20.6018303278055 17.4104557978331 18.166707532305 18.3181371129034 16.7268260916037 18.2866775200432 17.9975230972876 19.8052226742544 17.4591358675575
TCGA-B6-A0WX 9.85051164253609 12.7205665783564 18.3514537408028 14.3746034471847 21.1511180403972 15.70269503354 16.7568767753416 18.1279792217882 15.4625398549909 17.2876636966971 17.1850989303571 17.1912493327369 17.666588227541
TCGA-A1-A0SF 3 12.07146090893 20.4058293333412 12.470045923423 20.8586259583428 15.803825981029 17.1818875615821 16.6617306991736 16.2439155403771 18.5697022248252 17.6587790165552 17.569652296956 17.1513223353771
TCGA-A2-A0CT 3 17.2529306272517 19.1170748406151 12.3334458720766 20.3352045635215 15.4612467397341 14.6785478792208 17.126575530436 16.1989316735022 17.9525672462879 17.9703459288984 17.076036602941 16.6804265875071
TCGA-A2-A04Q 11.6728666543073 13.3412258486841 18.6437258609304 15.7006171560368 20.1876056668309 16.426287820124 17.1608410520563 16.9468749973051 16.6875815636223 17.6931272941089 17.4314960721283 18.2407401910045 16.9167484308003
TCGA-C8-A3M7 3 14.1682162939098 20.3804531973131 13.2752055769082 20.805055095774 16.7671322524207 17.5520490493231 16.6995650614488 15.4763340327083 18.7548699572019 17.8848326203372 18.2045751440593 17.300704033383
TCGA-AO-A0JG 3 13.2996163575181 21.6539610928886 13.3544241135985 20.8602292224354 16.4932784570758 16.821847954225 17.3215848096719 15.3889853390189 18.3961108367132 18.1025477744815 17.943124816248 16.831403551171
TCGA-BH-A0BC 8.56026275893601 13.1705032442724 19.8082159070269 14.0120547245761 19.7507953203521 16.8798380463775 18.175437579236 17.1220983606948 15.9726866302163 18.8043636306608 17.3048304676212 17.7508064486793 17.0327900569341
TCGA-B6-A0IQ 9.48329243738536 14.429419477047 17.4551426931774 13.7321165827651 21.2576929155113 12.844096260289 17.5855561246955 17.0541906561759 15.5512151469954 17.4222081553728 17.6204635090238 16.5854461750485 17.768957258866
TCGA-A2-A0EN 8.63958092968875 11.7328020207191 20.7220720478095 15.7433777140769 20.9037705832869 17.0333716193565 16.738620356036 17.0033685272436 17.086382783078 18.1634061472282 17.9901615947803 18.5414731254304 17.3354116602764
TCGA-AC-A2FO 9.8024265319096 13.5953269801282 21.206901495062 13.966225259306 20.8762761317609 17.0373804719468 16.7639500762765 17.1164491607591 16.8717784785879 18.1017911347014 18.0286089312328 18.1696994675269 17.0544828380998
TCGA-BH-A0B5 8.62529772817029 15.0181642666199 21.3312752041017 14.3382925628139 20.0815815739435 16.4297488771175 17.5297730015542 17.4041302280639 16.3920148615591 18.3760432719308 17.1243868258158 18.2538926972069 16.9630245115957
TCGA-5L-AAT0 3 12.7955553481425 16.9867215063083 14.1206461261212 19.4738857076443 15.8679448993033 17.2738750195643 16.9076996498902 16.7742254466072 18.4704360509802 17.9936676896558 17.6912987482677 17.2001904099816
TCGA-A7-A4SC 9.42874649814761 13.0088006271205 21.0313506765904 15.2032104382484 21.4767573963503 15.9861964994638 17.0610494264774 16.7510380301636 16.4881664477222 18.42531271227 18.5865652119608 18.0697842640758 17.4660032166438
TCGA-AC-A3BB 3 14.2961045464809 22.3844163004855 14.764441519972 22.2028666536109 16.4826158734664 16.7431390222616 16.9190247100519 16.2774686236521 18.7071726926458 18.4757437462877 18.1444911687617 16.7445393945455
TCGA-AR-A1AY 8.79205985166776 17.8501760197065 18.7684369911695 15.8481747404924 18.9203128630319 15.3500428632636 18.3627081665935 16.6208432076903 16.7112369321703 17.9263488238319 17.5739599939954 17.960433690214 18.1236111512468
TCGA-A8-A06Q 9.90436656035989 11.7136033195435 14.0009715013598 14.3991024070499 18.814822019516 15.0716204903034 19.8582337483753 17.8839154744491 19.1566003696066 18.6635891203819 18.004567754246 17.7475430483391 16.9954514237633
TCGA-A2-A0T0 3 18.3240118283053 17.3279343227232 12.8184030771877 20.1444690256033 15.0223452901895 17.267001140231 17.1859019951016 16.701726033029 19.2431944173418 17.4783186100781 17.9052752021042 17.2433361182156
TCGA-A7-A4SA 3 13.6244478771756 20.4608363432504 14.5546937519553 20.4117829268974 16.0689727133334 18.3971237770681 17.1177757484459 17.3155556338249 18.810185526661 17.2394180011944 17.2894133519108 17.2610125616576
TCGA-A2-A3KC 3 14.3191953653891 20.1116945537628 14.0558452127246 20.7834896995342 16.8756940816544 16.1820253897765 17.5276118689642 15.7017776216257 18.4472752986667 17.7064553303481 17.8206146726677 17.424906858965
TCGA-BH-A0H0 10.9595317671403 10.778201543563 20.0211672420923 11.9852522966471 20.0017104515984 15.4853988658365 16.0651242616808 16.6308716337152 17.0668899732566 18.5759821919823 17.8136312148904 17.6938996749179 16.8560472301708
TCGA-A8-A07O 8.4893934717804 19.3183394912373 15.6222567189844 14.9889431920996 18.5086651720721 15.3297903864538 17.0002091944736 16.1316355474189 16.7087575581241 17.3564067120391 17.8844406616893 18.4333787703524 17.4912018786439
TCGA-A2-A25A 8.04915207288632 16.5430395482515 22.2844267672022 14.5829219773873 21.5528871314626 17.1570362223415 18.0970260397972 17.2754286069403 16.5920071805182 18.4393308838224 17.6428358444073 18.4959605618259 17.1429906214223
TCGA-LL-A441 10.0438461308721 11.6907579006657 20.1100299247155 16.0763208070578 20.3634502757235 15.9947211926322 15.4706329290072 16.6764205588848 17.1190597059774 17.9741200709085 17.6815913181429 18.2664178199374 17.6005069830013
TCGA-A2-A0YT 10.4021074152286 14.1189823283223 18.5429420985266 13.4645933661932 19.7470174946918 16.2822994727919 18.3311156074187 17.3830835310632 15.9254640624786 18.6458004029349 17.388302932939 18.020708137526 17.1644929534032
TCGA-E2-A14U 3 14.6235249227187 24.2541325393699 12.6278393446593 22.8259695216102 15.5067007148002 16.3173120238566 17.3007897270462 16.363154184845 18.5870573168325 18.5252091181817 17.7733778697815 17.2166087518177
TCGA-A8-A083 3 13.6861085663383 20.5175700882211 12.3842412201671 19.8856934827681 14.5434784394415 18.5750989886311 19.477952946163 16.9736360286599 18.2914133896401 18.2024104798439 18.1860179691072 16.9879410099603
