X63928 X5575 X8503 X472 X581 X839 X207 X5576 X4790 X9131 X1676 X5566
TCGA-BH-A0HW 7.11934283749634 16.0748031179277 15.8308541278585 14.9824812295029 18.0953146778443 17.3762915248308 18.4167874344729 17.4286332536239 16.8850108061581 18.4205036690673 17.6774274498488 18.6187042554512
TCGA-BH-A18S 3 14.2085413298883 16.2760020529295 15.9622256771307 17.7168606653546 19.2933179391185 18.1862390560455 18.079908292943 18.1574505269796 18.6155053705229 17.6864051832385 18.4718681754503
TCGA-D8-A27E 3 15.9525125023995 16.9767240317885 16.2174423054713 16.9483340451444 18.1825846120097 18.5321073220957 18.5434744480116 19.2518439363393 18.9611312889051 17.7044736274095 18.7199024879425
TCGA-E2-A1IH 8.18305233681117 14.8393389233858 17.9096075515413 15.8208483428467 18.0095627030346 17.9622371867825 17.3602928694928 17.9865672127818 17.7942723811789 17.9237642604604 17.0362824042528 19.3662660399495
TCGA-A8-A091 3 15.7540953721929 15.2118354678718 16.125326354313 17.9547890803024 17.3235780424211 19.3178210873771 18.0163813168802 18.3281965946207 18.5085930661698 18.6450066839536 18.6931627950941
TCGA-A2-A04W 3 17.0863724418787 18.9201465665699 14.6807669442543 18.2570238668573 17.4792007611345 19.5896859301675 18.248150677142 17.1182760353805 19.198811189898 18.1223810251818 19.33313595392
TCGA-D8-A1X5 3 15.9266726882878 16.1835519711617 15.7444618299241 17.8744157994974 18.1084940623839 19.0189462649585 17.9367979797621 18.4086499475883 18.2795399254763 16.7889160634857 18.4089870635851
TCGA-BH-A5J0 3 17.2619243930031 18.1206605555517 14.3644012856941 19.9771414684664 18.5713943828761 19.0236391298485 16.9752263497118 17.6948565851991 19.3367465698405 17.211760809518 18.9404763767419
TCGA-A2-A1G1 3 15.3726918791386 19.1266812649443 16.4862271154642 17.7795448653649 17.8499931212847 17.1106440614316 18.9465962569149 18.4475508823095 18.6174339883335 18.2011524879664 18.871086021287
TCGA-A8-A097 3 14.6066613583801 16.4665599907942 15.7955643474341 19.1066369946176 17.6572658606438 17.4784527432378 18.729443525717 18.04200707275 19.057371941408 17.6887795819851 19.1804551259893
TCGA-C8-A130 7.42779677010587 16.5239026735287 17.3047774983855 14.5819118710125 19.1593075685655 18.443427097509 18.7746904024251 17.4141353464249 16.9820620178179 19.1664558067168 17.6712067359201 19.3135360539366
TCGA-A8-A0AD 3 16.0189203783188 18.4944693814345 16.5203014555282 17.9110580291259 17.6845070522454 18.4882995219545 18.5009033782872 18.8138249563071 18.3314839657707 17.3011555070472 18.4846746560628
TCGA-A2-A0YL 8.16533972156289 16.7605539474322 18.2985765182075 16.4125008889618 17.3058836678451 18.6473008281802 18.0181170059042 17.6959511531517 18.1688000006503 17.4861871179894 17.9186461786768 18.4920909571929
TCGA-A8-A09G 3 15.7508052702237 18.1869477228992 16.5861938752586 17.806550297947 18.3846281838992 19.6438168403384 19.0645350061441 17.6382753653896 18.8173571496226 17.3113682625989 18.1983227049013
TCGA-A2-A25E 3 16.1662234880544 16.9523170916353 15.2818041902327 17.8676389004777 19.0148730275062 17.1616170311389 17.6598883300102 17.1125416049885 18.8715427263685 17.5921462091386 18.6980769058058
TCGA-LL-A73Y 9.83052326158177 16.4538033107946 15.8155023179107 16.0849151004046 18.2955314179193 17.0833054309731 17.7983356389775 17.6793010703685 17.7498513762639 17.6818112657362 17.3876144041479 18.4368980162612
TCGA-AR-A1AK 3 16.2897451911184 16.8977320278779 15.8542573883474 18.5351202314235 17.6127875430999 17.8797688545459 17.8564998471057 17.7819582313028 18.0839869764511 17.1186673544064 19.1321712210009
TCGA-LL-A740 9.82505149842845 15.7875718417597 17.9359030307546 15.0000446043434 19.483365557905 18.2375382844997 18.9771189358539 18.4054958885003 17.8457062779056 19.2259875113576 17.4991272770539 18.279773402801
TCGA-A7-A425 3 17.1774874870685 17.2821791463227 14.3422298779228 19.1095845638326 18.0428409519367 18.9202761873885 17.6932213560824 17.845342639962 19.325292983407 16.8189130303806 18.4199934561384
TCGA-AN-A0XO 12.9648502888325 15.8995880050486 18.6805400990956 15.1858507531608 17.7428213438498 18.6883705880258 19.2170342049203 18.5289924392934 18.1808790157158 18.4597855182383 17.3941244913255 18.5581792941473
TCGA-AC-A3W7 7.05630113428275 17.0882612912488 17.6553510052166 15.6389311225342 18.6344679106309 18.4382077008971 19.3527273644559 17.983887795679 18.3867840819654 17.9400501473263 17.3016141316336 18.6360652958727
TCGA-BH-A0H5 8.38018449256085 16.5952820632955 18.0713140081785 16.8865373448275 18.1817039554288 18.8020552740892 18.1341421608442 17.9764236346099 18.6602893377122 18.510675376376 17.3529051793229 18.4987669076571
TCGA-C8-A1HL 3 16.9930076598948 18.0463770265701 15.3676899369456 17.7969862503772 18.6451017613176 18.9895996922305 17.9266285625751 17.3165755168344 18.7822756066351 16.9685937328617 18.8167222083532
TCGA-A2-A0YF 3 14.8698958541571 16.8894284879694 15.290391675135 17.6308171699384 19.1186287258934 18.0185261957053 18.5686321176476 18.0687635649438 18.3525787406806 16.6451958337216 19.0131731118139
TCGA-E2-A15J 3 16.2333423585924 18.1480861108403 15.7860137035807 18.032108241032 18.6096425993988 18.5312275084215 18.2648266943805 19.0260762298175 19.073336316136 17.7804299573816 18.9639376749251
TCGA-BH-A0BW 7.32103153563062 13.9401852044595 17.3229257035192 16.8839479118617 17.9182722017952 19.8372262699655 17.329316385854 17.553434720617 20.1244294832483 18.1355060542229 17.2380412787727 17.44037667576
TCGA-A1-A0SJ 16.9308590252956 17.3030094270627 16.9069696267214 15.7345857458705 18.0956614517747 18.4312001403234 18.5311892274098 18.383071292615 17.7645896941402 18.5983636371682 16.7580867356693 18.4729307651209
TCGA-A2-A0EY 8.88660555868367 15.2572983983709 16.9441919508511 15.7155899478481 18.6854469699195 18.1810776375422 19.2309569015164 18.3912954266336 17.5411305018323 18.9198531397904 16.8994238148832 19.3405143620118
TCGA-A8-A07R 14.1875842427521 15.6944754573858 16.9366279223237 15.0462610954926 19.2773304471234 16.7085335042436 18.0658274149146 17.8121976491113 16.3726991753877 19.3357526617857 17.445915117481 18.5114213698996
TCGA-BH-A18G 10.8422977028725 15.9100063198359 16.7711849824727 14.73436712059 18.9766564800538 19.5257913924438 18.5717770303022 16.7341582044998 17.4286071548676 18.1854281540635 17.5132504253559 18.7224729398465
TCGA-BH-A0BR 10.3792602656475 16.9407637423615 19.0014146822174 15.3426209417819 17.5035136039453 17.5506482571209 19.7099842218528 17.8252729793234 17.8074968435161 18.8472980562432 17.6083053848714 19.1137877697081
TCGA-A8-A06N 3 17.8044978451093 16.3238364013209 15.4290402619971 17.7914321558284 17.4592642591475 18.0875463279419 17.6681537899806 17.425592544642 18.5385106755763 17.6356438809618 17.9949407439065
TCGA-AO-A03M 6.99208403997003 17.225044751608 17.4533482123208 15.2979119474362 18.1940624391589 19.0518888922763 19.4720719041049 17.9981624344244 17.6600215040103 18.7449481929567 17.7050460759414 18.5039129692723
TCGA-A8-A09X 12.5888236132702 17.7757334048954 17.3103732544935 15.5954391776717 17.9244242715949 17.5179489273374 19.5280231809819 17.4280025987605 17.987346752036 19.3143028386885 17.030804744546 18.4228210028821
TCGA-E2-A1LS 10.1412149906534 16.4353939809226 16.1513140861844 15.4229597417187 16.8037668503151 19.0578623893429 17.3852820255023 18.2103037930691 18.1971308642573 18.9480868874464 17.6860349973561 19.0234832816529
TCGA-AC-A5XS 11.0008158873323 17.5841936878184 17.7545293694007 15.0250087892946 19.5999119731519 17.8016535075529 18.6955158887244 16.6457195777402 17.8715172129265 18.4926840401234 16.4767268480846 18.1623153680293
TCGA-AC-A23E 3 15.7730309825503 17.0623786655485 15.9180896716861 18.1031746877256 18.6321146479899 18.2925182446935 18.5801681105826 18.492465703834 18.5425213261251 17.4025850465722 18.9287430119105
TCGA-A8-A06Y 3 16.1843557879374 17.7557298448163 15.5478039970472 18.5744848921321 18.6933162313264 18.0838241701246 18.3499536293352 17.6665459649843 18.7655923351605 16.9189524951911 18.4639774039295
TCGA-BH-A0H3 8.12141826441337 15.9145591078161 17.9444463297509 16.5947363499141 17.7676661249967 18.3683482086655 17.9201764837384 18.4465771151434 18.484774192993 18.3622092170166 17.6907950703642 18.7192400644105
TCGA-AR-A2LJ 7.61598702717047 18.0886983100709 18.2930164563181 14.4026970031799 19.4859973074274 18.4063471453866 18.6888558777186 17.2124680380459 17.9271259400312 18.4607918316939 17.4334871951091 18.9333520203658
TCGA-A8-A06U 3 15.0992643306627 17.6916671797441 15.2010088968157 18.022074931332 18.6815696512249 18.5108323408477 17.3472669052142 17.8005128489524 19.281452596326 16.9585464813234 18.9225029825248
TCGA-D8-A1X6 6.9783272107423 15.5370968334995 18.7680261357404 15.2804920875677 19.056997464776 18.3563480669721 18.4056278844953 18.3806595756128 18.1723999166241 19.4976632772202 17.4855462038133 18.9645080583894
TCGA-A7-A6VY 3 17.8447092102494 17.2435328723051 14.6246404716858 18.9927325452157 19.1386139917985 17.9597956854576 17.4215304157454 18.4574357618538 20.3382588314535 17.9031929884307 18.9047849830938
TCGA-E2-A15O 7.53245138341266 17.7499001639106 18.4338071834729 15.2255457614979 18.8653411774596 19.3186559684598 18.444365638932 18.1949822285044 17.7121044944462 18.9365141536435 16.7857091950054 18.6532149578201
TCGA-A2-A0CY 17.3999859383508 17.0549486625234 17.5625845080791 14.9102661119178 19.725379958482 17.9670261974195 17.8535004770008 17.0713357813695 16.6022142503859 18.4511898292466 18.3298286568383 19.6713471134332
TCGA-OL-A6VO 9.21178013218682 17.3306370117471 16.9014910574795 14.5886353870044 19.4179436932371 16.9040173158567 18.2666512392227 18.2594768253321 17.2640149811808 18.3801909601348 18.0288810459745 18.1212746865394
TCGA-A2-A0CL 7.34202678615237 16.2476628740544 16.8624939817736 16.8771274516464 18.1591378925012 18.0090569856086 18.0467440617715 17.6205621713448 18.5838141273621 18.6155725291484 17.1863775249206 18.4441684143115
TCGA-AR-A0TQ 6.99102790454554 17.26039712454 17.3938696707535 15.8442304368228 18.2443253614559 17.7715160354035 19.0392682921445 17.9105914474933 17.6230189300335 18.9182838065365 17.0773916779182 18.2678087564678
TCGA-E2-A573 3 17.5732784488412 17.4539269825157 15.003031927315 19.2150963288356 17.6348301974192 18.4749845327262 17.1858419472433 17.1587778970305 18.0537606003006 16.9031595384201 18.5281322944382
TCGA-A2-A0CW 9.59407263850609 17.5696443643453 17.1398768366084 14.7316880837444 18.4320097878973 18.9191866865274 18.427225448273 17.6694099979633 17.4254277443154 18.2943606335645 16.9963458438118 18.3013220307418
TCGA-AC-A3EH 3 16.6686507285636 17.4152215581469 15.0695369582074 18.8874144572302 19.0919336110185 18.6432625518494 18.3499064059775 17.5046901377718 18.6192514738853 17.2274089645956 19.5091956568429
TCGA-A2-A3XX 11.1624464002222 17.6451809536849 17.3849275402235 14.6776903067308 19.7475073890397 18.2689495094861 18.4555181050168 17.3429288845676 17.6291729268697 19.183025105959 17.681235971105 17.9034920319361
TCGA-AO-A1KQ 9.34049032039207 15.3660557392399 16.5634463738192 15.1127407743023 19.3759142466798 18.2782783290721 18.1454749273546 17.635002487433 16.6332958402435 19.3345034556864 17.6261646145738 18.7693786328085
TCGA-BH-A0HN 3 16.8823051453413 17.4362158358674 14.7892690608829 18.8370374055795 18.9080804822219 19.0626981393672 17.7400882363112 18.0491290275703 19.416853239382 17.236591544853 19.4761093887164
TCGA-AR-A1AR 10.8329773199151 15.7493320748224 18.425875509565 16.8449482779726 17.8356490361592 19.1932666791573 17.6052886195826 19.0109651826094 18.9529974826194 18.4872742843933 17.9405235072012 18.9522142566076
TCGA-AO-A0JD 9.39020959709957 17.4997643100025 17.2274771150798 15.1704609709962 17.3934179429864 17.475821196659 19.3483035963282 18.8699736893274 17.5328186414026 19.4389255217294 17.7762981564647 18.9020681094902
TCGA-A7-A0CG 10.7217604047535 16.2129800457455 17.8303744196356 16.2106545914023 17.6292831708994 18.803238490982 18.5175333646902 18.5490780166881 18.4529868936862 18.1160963973098 17.2881027857499 18.4738667904532
TCGA-A2-A0T4 9.34702505254602 16.8888063717861 17.2301564826369 14.9720187048498 18.3883694696327 18.4175289499365 18.4394255371682 17.7406440522387 18.072073487084 18.182747572771 16.9229701751045 18.8292338610481
TCGA-B6-A400 8.0218925343193 16.8556268806012 15.2489289033795 14.4704994525087 18.9315128445675 17.9351704027002 17.6583881961427 17.1694145369247 17.7320214607677 18.7303149742106 16.675483363566 18.6131557552085
TCGA-E2-A576 3 18.125959432768 17.9607068532711 13.5394311811263 20.4126757747082 18.3553345167023 18.5502138187414 16.5113235200932 16.6459115383444 18.8973264092038 16.9129834228885 17.8491698775314
TCGA-BH-A0WA 10.2379022613725 16.5242433557828 17.1304389578441 15.4503374185907 18.1807074285621 17.2821609722764 18.0982003744661 18.4358424337033 17.5506083541065 18.5161502840814 17.570661981874 18.7608797867333
TCGA-A1-A0SN 3 15.7301253020191 17.451730637664 15.5540738107485 18.3444956215043 17.7592147927152 18.979392278666 18.4330209178005 17.7587510432211 19.2837214277397 16.8846740567414 18.5144760967853
TCGA-A2-A0T3 3 14.9857348309768 15.0439470916533 14.8038539150854 18.6627242228097 19.1764867697031 18.2071024168977 17.5164990095505 18.4963641156716 18.1448936707433 17.6032656020432 18.4962927130006
TCGA-BH-A0AZ 3 15.5677014289703 16.6672751004678 15.523985816453 17.8486961613529 18.1221398808678 18.1043427624873 17.4267485862342 17.7240541075947 18.0228154872101 17.2249002626096 19.0779567155965
TCGA-A7-A4SE 3 17.1483868131781 15.8912667071757 15.2013870425672 18.5157359475978 17.5573675602816 17.9381542033465 17.6538635867988 17.5132091750838 18.3824115446607 16.1099561665923 18.5556392564578
TCGA-AQ-A1H2 3 16.3456795897907 18.9573044391273 14.5077705476158 18.0694314205196 18.6529478502568 18.0597054445208 17.9467690345208 17.9258791304949 18.7479815740783 16.23668325521 19.5465378389453
TCGA-A2-A1G6 9.96706809764003 16.345850325811 16.7007683344618 16.2749082172114 17.3087105844224 18.0895228678964 17.5090301610388 18.0760975061558 18.2374310977614 17.600834740718 17.9731533176391 18.6142472477604
TCGA-A7-A13H 8.70727581445409 16.9642944564743 16.8043010344313 15.3267595802217 18.5212864602059 18.5368270977222 18.5286700629913 17.7361403769107 17.9825300441728 18.1013406495964 17.3089713935017 18.4386971042641
TCGA-B6-A0IP 3 15.597708609529 18.3564475833331 15.5313513794963 18.3601856435703 19.0396534948976 18.3425856368765 18.1085387619987 18.3630217491647 18.3551101395769 17.4800615636358 18.6614546384272
TCGA-A2-A0CZ 7.7436414049711 16.4796547044161 16.496081353742 15.7796095392446 18.4599489682376 18.0243492783986 18.4137292088179 18.1389187119929 17.8648909426146 18.4850041486543 17.2771334743466 18.8878323522453
TCGA-AR-A2LK 7.09443978459098 14.6126456033068 17.3947989953272 15.9166918020235 18.4928897586257 17.7730261404816 18.4825642079802 18.3878779274331 17.7762421786071 19.0051793817189 17.3353082805585 17.8871952887035
TCGA-A8-A06R 3 16.2383463757167 17.4663089234874 15.7784980630972 18.3111840368947 17.8532298712369 19.5428183568634 17.9358631302854 17.2462893316731 18.7015595323743 16.9948673091623 18.1099382870999
TCGA-AC-A3YJ 3 17.1860831360093 16.8830867842482 14.8756200712121 19.2852312287895 18.7452134024837 18.5309739440887 17.0834898181632 18.4379812680449 19.6860015365797 17.2142097635333 18.4950236207768
TCGA-5T-A9QA 13.1547055834486 15.5364995029568 16.0700429950049 14.2895228224243 19.5880833536689 18.4309866078547 18.5179921818441 17.5731447006621 18.0502030858633 19.012957491749 17.1649242167435 18.271629520363
TCGA-A2-A0CM 3 16.4559539779833 16.390347302827 15.5943030286196 19.4085290421166 17.7952112574206 18.2183794365929 17.9047112753762 18.3759163201986 18.95891752046 17.7070962275278 18.0424340925597
TCGA-A2-A0D2 7.43278270579492 15.9634320820133 17.2687407746326 15.0638635442512 19.8988091978049 17.8444379455148 18.5216604015254 17.7854263891665 18.078348238205 19.2832725364906 17.5439899792664 19.4610504267755
TCGA-A2-A4RW 8.05587680307147 18.4368592683821 18.5518337518287 15.6537600034274 18.9178962736435 18.98082479024 19.1586847576853 17.2777083515062 17.7632524811412 18.269433402557 16.8519935854567 18.6762193953247
TCGA-A8-A095 17.7736314558178 16.0278655624473 18.2090314886235 16.2014430852403 18.5785539362796 18.6343229851715 18.6280825978378 17.9302624850846 18.4542675468299 18.1862553092472 17.4509806310455 18.5892256716153
TCGA-A8-A09R 3 14.6071422147518 17.3343952454038 15.8269480469283 18.3512684068793 16.9564720798147 17.8123411177576 18.5823214341539 17.5260373671254 18.7891283045327 16.941741635557 18.5653874610954
TCGA-A2-A1FX 3 15.8671195666752 16.5636660603019 15.1897893863985 18.4786316530055 18.03728471237 18.5744269935315 18.3281841597685 17.8108073112992 18.6995843461125 17.2352540976341 18.5073214047473
TCGA-A2-A0T6 3 15.4453481013787 17.6814848272878 16.4813939426846 17.7221272323024 18.6873422719526 18.203212192664 18.4550623717409 18.3297931121513 17.9836815551083 17.1294169877023 18.6244068954486
TCGA-E2-A15F 7.57401236169618 15.7724024263868 17.2189278033138 14.9988341142598 18.2036370596316 18.6624746909948 17.6043600455079 18.9371009226446 18.1453993923183 18.8177333617719 17.6093244703498 18.8969059267082
TCGA-A7-A3IZ 3 15.3805976429359 15.4963660340847 15.7944491010871 18.0173667800912 18.0345109596932 18.370757344294 18.0063986193975 17.9146918452539 18.2427349736822 17.7949855864062 18.5609185112317
TCGA-BH-A1EU 3 15.2233251535735 17.3355971287002 16.9193761711098 17.2150990292647 17.9667610522048 17.4245142918122 18.4510350553827 18.3356484707346 18.1041139849923 17.1029122563357 18.4292771572954
TCGA-AN-A04A 3 16.4944890122963 17.0464541578975 15.0229184692343 18.5707136043784 17.7018779551611 19.0385234830831 18.1657230580633 18.3647394659789 19.3782951558799 17.0114763034031 18.8184833233876
TCGA-A7-A0CD 3 14.6249449986061 16.8282006831042 16.4150699204081 17.9286790386705 18.2643765213241 17.8197780126961 18.5133134399092 17.4572044291914 18.302168140748 17.1635506483805 18.2509697302814
TCGA-E2-A156 3 16.4063278240102 17.279483443164 16.0335850641958 17.4113920861186 18.5368110081349 18.108392906216 18.4589640508396 18.5205363416575 18.762261840516 17.8920901042668 18.8308068197185
TCGA-A2-A0D4 6.95050878944953 17.4235605831985 17.2240165889262 13.9777957551289 18.4100402298328 18.1689454285457 18.1325321830238 17.3582912166027 17.7753758140036 18.903730567514 17.1640675236769 18.3124258085013
TCGA-A2-A04R 3 15.5421488385886 16.4515310586494 14.4465641708 17.8660214397753 18.496481581933 18.1851729821703 18.2490488627835 17.4010081839502 18.5399159347846 16.4502053665039 19.1630856471381
TCGA-AO-A0J4 6.87237858929547 15.3172447494063 16.6545127094066 16.2012590849429 18.6163307273735 16.6642573774258 18.2519780101698 17.5223497178459 17.9230244102227 18.1370700999888 17.8991576309698 18.6083995219262
TCGA-A7-A6VW 9.67279895595313 17.7709919741308 17.5935735341127 14.1055381753442 20.2209496487309 18.27105560405 18.1573475990571 16.8334449980884 17.4308915669906 19.1071649824736 17.2265977395563 18.461854011556
TCGA-E2-A14Z 9.6228140922437 16.2130252894788 16.757990738993 15.7721894732043 18.4769999189411 18.7777629465372 17.6164198080693 18.7514435309856 17.9440443403954 18.9324663776575 18.132342361178 19.0132257548858
TCGA-A7-A5ZX 9.01997632760881 17.1675945949134 17.0506450496883 15.7936308911631 18.4993263710641 18.7900009183258 18.3243244383164 17.4241476560032 17.8897231698585 17.7781627264354 17.6301874124588 18.2419357882184
TCGA-3C-AALI 7.93614364563484 17.6546633062159 17.2576825074076 15.4879283586633 19.0027672752668 17.9749548733921 19.3275655538066 16.6857504963754 17.5550148672055 18.0957196814641 16.785017522667 18.8383820146179
TCGA-AC-A2B8 7.7651431499378 15.6309235715974 17.5019488258547 16.3233224059918 17.8399584279963 18.3241186188297 18.1848412979654 18.5051819822683 18.8654323918901 18.1803618246957 17.2176377730176 18.4867007280324
TCGA-A1-A0SB 3 18.1173232412412 17.4713398226859 16.2146686266738 18.0052915907052 17.4125024140878 18.1182301747135 18.6856747359335 18.2260770431705 17.6456917160975 17.7441417993255 18.2581816039499
TCGA-E9-A229 3 15.6525406082439 17.5106192002783 16.0310468635452 18.2571753199308 18.3462842999264 17.8896376032127 17.7241424867415 18.1386244207958 18.2960106482175 17.536407803072 18.3103462631803
TCGA-D8-A1JC 3 15.3740930829558 17.3432200555317 14.8017120891522 17.950506231163 18.2477420391386 18.5033519906135 17.9155837925823 17.9262508349939 18.4628036897678 16.8634090798769 18.1849480866468
TCGA-A2-A0D1 9.32697296935377 14.6233021342758 18.0264328127913 15.4757075872063 18.5042081921055 18.9807326956967 19.7509134062311 17.2850950744316 19.6167680747826 18.8327096358415 17.416944494463 19.1162064207801
TCGA-AC-A2QJ 9.82082154602761 17.1010498273055 15.8597303170067 14.0511054754891 20.6865533904548 17.4268868396865 18.6365448009472 17.0572634157876 17.3464972557327 18.940592387741 17.9988817415748 19.2111307017721
TCGA-A2-A0CK 8.46075304653703 17.5414108710552 16.6719236977714 14.4552615788843 19.0124356567177 18.4579383962397 18.3717282019168 17.4067238704879 17.5116332978301 17.8510848073116 17.8023698160595 18.7636764173939
TCGA-AQ-A7U7 11.3547134657903 15.8343775281308 16.7851576813123 16.8008829678912 18.8952193919106 17.9168635347735 18.3721337326473 17.294659016317 18.1858593034758 17.8279917866045 17.0084357568168 18.1641756526761
TCGA-D8-A1XU 6.99979151156906 15.9577705354127 17.6227099572119 14.779843106671 18.5441480828345 18.1394401485438 19.034516297725 18.1021260651346 19.2174011355489 19.6181797195857 17.7543999851951 19.1380849056968
TCGA-D8-A1X8 8.74805946411637 15.9165523654871 18.5245629197115 15.7728822210729 17.6150041278982 18.9192578078808 18.0645657597482 18.1899770990349 18.2172074213354 18.3795120960997 16.7747522804375 18.6845293277295
TCGA-A2-A0SY 8.3018855089583 16.2281800002217 17.9427372851723 15.4332746843647 17.7080317290604 18.6828782913656 18.6999658292804 18.1091847468648 18.2999402865756 18.0195881077538 17.1151352020569 18.4450051124711
TCGA-BH-A42V 7.99366051893809 17.3194168866465 16.8736441265797 15.7643555724031 18.7765730569668 18.0649487077856 18.3972748787424 17.5486509338643 17.820897778835 18.4754744892955 17.5477633499334 18.3482454146168
TCGA-A8-A08R 3 15.2734773679861 16.3614973640895 16.494492157532 19.079069932883 16.693895444712 18.2151181980944 18.7115214753197 17.5350703011953 18.7579416928183 17.3093540467587 19.6933069133498
TCGA-A1-A0SH 3 15.8045040569501 17.3415147695558 15.875659969485 17.9691972253503 18.8475725836721 18.6100048521646 18.0544466305851 18.17166241537 18.7843584124989 16.9715065777369 18.7469930170182
TCGA-AC-A2QI 3 17.4110679797544 18.2670979786934 15.1442433122699 18.667780927146 18.1282085547005 18.7797155795081 17.9097361152572 18.1878879894634 18.0443332591167 17.3575270754234 18.6572467678443
TCGA-AC-A2FM 9.49786213870476 15.5716849361512 15.6585140702378 14.4899493546542 18.4098602597383 17.8514927009655 19.4480479497711 17.9622679843183 17.287765840491 18.5878645433669 16.9022342937065 17.9974922000211
TCGA-AQ-A0Y5 9.29487618056727 15.2475129194417 17.9430522168747 15.8941649259791 17.864683981555 17.5575944857848 19.0215725912847 19.028946976271 17.3699886009328 19.0074514248985 16.9441263469467 18.6309332251494
TCGA-BH-A1EV 10.2287362639319 15.0479548405122 16.6125677338553 16.4768561369381 18.1560754503922 18.492735745127 19.2800313220379 18.7524559758291 17.6931210539361 17.7843584847299 17.1757167385852 18.8363203866248
TCGA-AC-A2FK 9.10325771823532 16.7473045394929 17.4465257545732 16.5211591990512 17.5202178219891 17.8504368170908 18.0500030721772 18.295181773965 18.4252555355141 18.0001346870137 17.6528405773888 18.4683622761501
TCGA-A8-A07B 3 15.600377366086 18.1810379253063 15.3627663028695 18.2025050130468 18.2198195122755 18.4615201257927 17.8298440522838 17.8995957245337 17.6178727557975 16.9398785112917 18.030033743685
TCGA-B6-A40B 14.0016595661234 16.2137340579079 17.0725983413435 14.2635452276451 19.0321477513568 18.5033101674502 19.2919520838212 17.4305398915061 18.1633535186027 18.8285093394683 16.5745502233003 18.6588535157032
TCGA-AC-A2FB 10.555578021472 16.6300622029497 17.4206094791787 16.1038973798496 17.6964745540307 18.1162481505397 18.0062422084846 18.2429731437981 18.1290460774475 18.2540168216167 17.4235992910974 18.4275494992807
TCGA-A2-A0CP 3 16.9055760867524 18.3091815216392 15.2609766122428 18.7139766335524 18.5104842697265 18.6218083253016 17.7470964473746 17.686027234771 18.6305693547217 17.3759972367267 19.3530565558557
TCGA-BH-A0BG 8.6638559505822 16.3951662650951 16.3920543416697 15.5811296989201 18.3657081460487 17.9761710761815 17.7067897551263 17.6102785730831 18.7720867333362 18.5035661285882 17.5516829900045 17.8680711739694
TCGA-BH-A18K 9.59179837507752 15.9251198683578 18.4977236813339 15.2662320418963 18.2018560014661 18.6388633799233 18.8499761259006 18.0493772123335 17.4643001723107 19.2556460496946 17.1034413030601 18.6454568720112
TCGA-A2-A0SX 12.2495733677396 15.0934804572125 17.0778165189072 15.9759393974278 17.91386627269 17.9267578741263 17.8194413749063 17.5818748980976 18.2915760458992 17.7560659267095 17.5399848552199 18.7741978200324
TCGA-A8-A07F 12.9382929697104 16.0448282414999 17.3846750354199 16.798070536767 18.0679494729326 18.9800257083613 17.8955384963831 18.218035962832 18.1781302556792 19.0484435772212 17.2254370356373 18.0177455402763
TCGA-BH-A1F2 3 13.7216515472939 17.5770241575473 15.7171617014683 17.6010862326512 18.5048424676325 17.3500704219253 18.6339037346699 17.9333366962874 18.5130617978041 16.4264481976288 18.6406627659016
TCGA-E2-A1BC 3 15.0317592188381 18.9892523003019 16.2203358876395 17.1124528104647 18.4541184912147 18.3357260973901 18.4791851324637 18.7639502547485 18.6024513762648 17.3912219023866 18.8701470032589
TCGA-LL-A440 11.0112763718528 17.584858097351 16.5121355282508 16.1133292409291 18.9335323543583 17.5233026042626 18.2555233979057 17.5367103157501 18.1207396624768 17.8145088645967 17.3250664182911 18.6081324286998
TCGA-BH-A0W7 11.7809067908898 16.5812392072648 18.0213273904647 15.5921656130552 18.4020378939279 18.0070142497909 18.9837149363166 17.9165437187649 18.2574987841729 18.2728370572844 17.1131826255563 18.6490511881204
TCGA-A7-A3RF 7.29015876460447 16.8183562958947 16.1892678541033 14.9749017609415 18.9373403251562 17.3157797567551 19.2782403978433 17.8812043985249 18.0415899896845 19.0775226917576 17.7642182082567 19.705456267987
TCGA-AN-A0FK 3 15.050266889463 16.0034933160962 15.2109766600733 18.938048398185 18.314279289759 18.7954343538873 17.9357799710965 17.4235358762499 19.6101255781552 16.6403010207211 19.146596737019
TCGA-AC-A2FE 8.67270146167679 17.2178598909768 16.6372180618235 15.5818011609577 18.7037230740672 18.6873634690309 18.233608166074 17.9130578597715 18.1907027671598 18.1000306940145 16.9662554650375 18.7171637934951
TCGA-GM-A2DD 3 16.7187597216546 17.0304394699116 15.490970013054 19.241703532741 18.1021491469976 18.8783332448759 17.7573501712434 17.874402576998 19.4369638279619 17.4954889148976 19.0213653781771
TCGA-D8-A1XD 8.59229477742687 17.4769994226668 17.8129991720597 16.3126737048918 17.2439443478173 18.0642407114398 18.966857777386 18.5280194397657 17.1814812269853 18.2864162120425 18.713859740319 18.7033889522018
TCGA-AN-A0FZ 8.80022730562869 17.4028206892992 16.9430404556586 15.0934290235792 18.7897681728107 18.2938355455359 19.0305963906365 17.7139740885648 18.362227635043 18.6678120060918 17.2973180597686 18.6777122395046
TCGA-A2-A04P 7.88589819774202 17.8843396447991 18.0403697108503 15.1243844597197 19.5453041733383 19.5294399335456 19.2521217778519 17.0920192252612 16.9468786528787 19.0273702967093 18.4752649655388 20.1748965797898
TCGA-AN-A0XT 3 17.7701632418917 17.9045727691785 14.6360201017987 17.7080640259327 17.4686519148224 18.9366591711649 17.5419460157324 17.2109089085531 18.1277886505679 16.9500794902166 18.163237390985
TCGA-A8-A0A1 3 15.1676824988564 18.6822075374701 15.933850707944 18.0072850011184 18.0645346420055 18.2354760942471 18.0993438033732 18.2531088053991 18.1140204454522 17.3252126798421 18.6017879185834
TCGA-A8-A084 3 16.8368410314627 18.3028660854479 15.381613014704 18.2096680386513 18.5701032528555 19.7664313827838 18.0922928927684 18.6039724372943 19.0976571716901 16.8326472867414 18.8325494665976
TCGA-A8-A0AB 3 16.9699118689638 17.1372822817731 15.7557046516463 18.1788586906288 19.0403070836095 18.0007191343451 18.6853066588445 18.2918608392045 18.347052964849 17.5843546957854 18.5214598779134
TCGA-AR-A1AM 8.83012634042316 17.2421643098163 17.779239969654 15.3037152622822 18.5655586245969 18.9323966617299 18.6660008527164 18.1720206645771 17.4965577084998 18.2984100996926 17.4125504430698 18.9413857107554
TCGA-BH-A0B4 3 17.4695625727425 16.8493999470852 15.0785840853825 19.2370857812687 18.8480582694883 18.3013739288054 16.9678762507026 17.820951511039 18.2642948340308 17.1560058170155 18.6933138252582
TCGA-A8-A09I 3 15.9505700197254 16.7881999283745 15.1418962420757 17.933919660263 19.0695357686155 18.8577649891133 17.4031282326117 18.5357271183521 18.9223722761365 16.3908151754446 18.3515608992865
TCGA-A7-A5ZW 7.62719933589921 16.6793775274443 17.4796738087125 15.6808921239912 18.3410783541664 19.2623927219755 18.4435606906705 17.8789395310377 18.1694093466467 18.1045636762686 17.3963614743338 18.0055841476576
TCGA-E9-A1R4 3 17.563988087758 16.991772271179 16.0715201588369 18.2020049812086 17.3418282844931 18.2519586810571 17.9449793608977 18.1051460934192 18.9385365462917 17.50703464081 19.0338882884907
TCGA-A8-A085 3 17.5041029611791 16.63693994247 15.2323571060979 18.4161487298753 18.3530774248023 18.606224871252 18.4672568688871 16.7645252565363 19.1193903537163 17.763065881616 18.4900217954002
TCGA-B6-A0RN 3 15.4994973209703 18.1450536753629 15.8069519372023 17.9357381622641 18.7246693753873 18.1417636540087 17.9070111897883 17.8429260506531 18.27286967228 17.0796451727427 18.7124994335067
TCGA-AC-A2FG 8.79626224818925 15.9025136003233 17.1124497125585 15.2549889670344 17.5971913721108 18.6465926511769 18.5515729865494 18.1005977659323 18.3506781053954 18.1292903518522 17.3104570261575 18.3483552707362
TCGA-A8-A06O 3 15.7049986592432 18.7108312709668 15.593703967958 18.4182898167389 18.167066249445 17.479540658624 19.0552120830623 17.584952563667 19.248763854006 17.1282384170941 18.5464091349022
TCGA-BH-A0BZ 8.68988097657868 16.8325881242879 17.3167509943657 14.8033985158752 18.8708771560125 17.8280142851099 18.4032079922682 16.8275378039212 17.5664831301073 18.7768611337143 16.9592452790876 19.081488937557
TCGA-AO-A0J9 3 16.427912845666 17.376436612101 15.3075821353212 18.6625378787678 18.3227880230351 18.3946152564134 17.326821891571 17.3680593045405 18.4813363738379 17.1751963508095 19.329162714615
TCGA-D8-A27P 7.4409084051026 15.5589443280882 18.4628139550202 15.8954860279869 17.6674829205343 19.0293070809811 18.5046110109537 18.1839491112691 18.4950931945363 18.3136562340001 17.2271235662661 18.7081010245376
TCGA-A8-A07J 3 16.0135146594051 17.2089011799151 16.1702111338736 18.0610574261207 17.6413314855686 17.9307415558703 17.4074780260234 18.8899328353998 18.6420191061519 17.2122856539018 18.7737528212659
TCGA-A8-A07I 3 14.5259738972061 18.2685317590163 15.3149620555763 17.8057939465588 18.7106177270851 18.6764473354941 18.473334399426 18.3146281222975 18.3289610644682 17.3236654098586 18.6184314684019
TCGA-A8-A08B 12.8295612876752 16.2763542512395 18.6453809666465 16.4867015681433 17.8872530667262 17.5985068671582 18.9315075263418 17.7440774496226 17.158372111507 18.4919490911261 16.9800243814184 18.1960745507139
TCGA-E9-A247 7.05206567457477 16.7200303574665 17.347845041923 14.1862939714298 18.4920930191571 18.7309953917583 18.5453156788768 17.5242031279825 17.441803424914 18.3644636420042 17.3277225232438 18.5492193742193
TCGA-BH-A1FJ 17.2580338202108 14.8301535833371 16.9681526402148 16.6434738667077 17.8591412247737 19.091491550726 18.0910911993809 17.5343090973147 17.4848903542279 18.1280267912564 17.4367743034629 18.199032962544
TCGA-A7-A4SD 3 16.2700978932049 17.8819280049491 15.8557908172388 19.3637236984906 17.7073809689915 18.1815702969283 17.9393695945021 17.2929871195137 18.4974126262745 17.7629098661342 18.4069636826814
TCGA-A2-A0CU 8.37270650848098 17.2138349357087 16.4816451421409 14.4387563806055 18.0918382137448 18.3736903587193 18.0360040500157 18.5848924517802 17.7655889268829 19.1275419703646 17.2876538744824 19.2719690530332
TCGA-BH-A0B8 9.30120199513592 15.5008899137442 17.6007138506153 14.958132760143 17.8467272812122 17.2036801442061 18.7013258971882 17.6162159221105 17.9650169425052 18.592358515952 16.8819338077078 18.7730148084547
TCGA-AR-A2LR 3 17.2223096735509 15.8031438615259 15.42259946414 18.430752093844 17.7408154173996 18.9393334497154 18.132174221486 17.1961127920492 17.5512429152734 17.9191769183391 18.5855110243128
TCGA-BH-A0HI 3 15.712787370593 18.3325467668908 15.5493334865401 17.8653743404785 18.7267530122754 18.6665498143297 17.9704769130057 18.0564119413223 18.660393159028 17.1161309034767 18.8631335391124
TCGA-AN-A0FW 8.12379016375304 16.5985587221245 17.4599870564476 14.2284643826231 18.3545165174912 18.4242153144535 19.567557231015 18.2116079524371 18.5253803750619 18.6635269193865 16.8058740839473 18.2415842963729
TCGA-AC-A23C 8.9762767951112 15.6841913429578 18.3020212622 16.4700299992512 17.123017290351 18.3640923945646 18.3373845936999 18.4495366676108 18.8761848243893 18.5845641744088 17.2802683275775 18.5805550726037
TCGA-B6-A0RI 8.17998605579207 16.0719920862485 18.2172576794019 15.5504091558377 17.9870737371212 18.6387286182892 18.5744231440278 18.2738078730087 18.3495300452325 18.2131673657225 17.5533401584846 19.2941214089067
TCGA-E2-A152 9.06568059202353 16.1386381066607 17.8722937079719 15.0218145164278 18.644860015501 19.4106859362754 19.3024819676451 17.8618296712056 18.258356996553 18.9623322034385 17.2711313874083 18.1631784701035
TCGA-A2-A3XV 3 17.9692511394112 17.0771341344694 14.2018026517452 19.0904726734798 19.1076211007505 18.5660249966116 17.6540149234988 17.2491773471782 20.4267612036137 17.9224726060427 17.9457838875637
TCGA-B6-A0RO 9.4294450603245 16.6707834267336 17.685406286785 15.1600142197124 17.822591820147 18.468743857812 19.6380575833664 17.7694632058544 17.9292502495897 19.2149076051272 16.8807115140196 18.4267468607882
TCGA-A8-A06T 3 16.0496659182462 18.5750842861861 14.7329877525227 17.8051796968875 18.4708140966287 18.4558113797113 18.9446423925357 17.3744009502599 19.2134982378925 17.7388836215528 18.3911490158986
TCGA-AO-A0JB 3 19.5654944021832 17.6078075787344 15.0959388568254 18.900451472434 17.9540203913632 19.3463992299453 16.5614954003174 16.9969158540169 19.004390373215 18.0844194138469 19.2898574017866
TCGA-A2-A25D 7.4519583102961 17.118961231645 17.5337218182136 15.0928214826476 19.6885102039834 18.5332735934121 18.6205837958676 17.9924471791957 17.8173907683991 18.7703578760334 17.8719763550725 18.7164309301234
TCGA-A8-A07P 3 16.4715594189665 18.3123164916721 14.2628389923731 17.8198389520049 18.27981129582 18.2869680082715 18.0554754332167 17.0060016035755 18.6352476002924 16.3100724898975 17.8823215961722
TCGA-A1-A0SK 7.17097466428431 17.6167118389089 16.6571790240743 15.9869132820156 18.0496614324125 17.664447322139 17.9581368491803 20.5533236287618 16.717751434204 18.5445795383845 18.2282280578311 18.9436324712837
TCGA-A7-A3J0 6.94198537670344 16.4028848425984 16.2762118243187 16.3739270173382 18.3911869539961 17.5661839362876 18.7283066924787 17.8589494456274 17.7356357857267 18.2770579922814 17.4959520653466 19.2414615412812
TCGA-A2-A04N 3 16.9366495143526 18.7604137224754 15.4593578338372 18.2913478214032 18.7312995657818 18.4128785705461 17.9051854186998 17.5161557256678 18.9159313873212 17.4071431831401 18.8766141808561
TCGA-A1-A0SE 7.24670163511272 16.3360562426075 16.7578472031619 15.3176838990901 18.203114625156 18.7057194791173 18.1135301040681 18.2281910941553 18.0842826311776 18.3432108099126 17.4786442997421 18.7151034469472
TCGA-A2-A3XW 20.4291852373682 18.0564732153975 14.8686067680562 14.0201058094456 19.6930217418809 17.7224477018126 18.1008175904247 16.8842884770643 18.1874855063791 18.8156323959184 17.3197734844659 18.8637002073889
TCGA-A2-A0CO 3 17.3622333099019 17.3301458354357 15.9135330049278 18.7012857470222 17.5959857719393 18.5702403591523 17.5031103941353 18.3693005513827 17.8426380526705 17.2273318377035 18.5994522806289
TCGA-BH-A8FY 8.99229252584443 15.9065234193586 17.8557602604119 15.0559075666388 18.8103701734326 18.8236949978605 18.5662868318433 17.2742787727541 17.9824016590676 18.5532041848794 17.2601301950144 18.7547559083592
TCGA-AC-A2FF 10.7786273745775 16.4213133208629 17.8289486236553 16.3066049942547 17.6416767198717 18.190487349299 17.771081842375 18.5783064915966 18.3122436924312 18.1874425021634 17.8235728659147 18.6473235845015
TCGA-3C-AALK 17.3564409357393 16.4067999421962 18.2888648438364 15.4171063525841 18.8739927863562 18.5363767046179 18.8705947427793 17.3005718360627 17.7713748383495 18.173146752356 17.1645911411206 18.9396441345067
TCGA-A7-A0CJ 3 15.9345931775 18.5158095117545 14.6228547622272 18.4628592915909 19.4605947346337 18.2235493044876 18.2624756827995 19.0317203346654 19.4567180993878 17.7400945754148 18.4413069843224
TCGA-A2-A0T5 7.41228668034194 16.8225875629117 17.1877174099317 15.642693437672 18.0559231557254 18.7229390084876 18.3421890378119 17.8933796242397 18.2416621286582 18.5295557829702 17.5799509587556 19.0096727751452
TCGA-AR-A0TT 3 16.1613364905427 17.2935790939553 16.4902585295482 18.3370605137533 18.0235760501073 18.1776622043396 17.8637497788498 18.334898643323 17.8691636611283 17.5859987123169 18.5003368458138
TCGA-BH-A209 8.01707651177417 16.0113280710771 18.0506319087027 16.1771420758132 18.0132590583684 18.3677176315203 17.7191924555593 18.6439377133862 18.120143805498 18.2101818417297 17.917786194587 19.3171452347306
TCGA-AC-A8OR 3 17.1862193946428 15.7506002135127 15.5794581969221 18.9747494157408 18.0565189406353 19.0670340968172 17.4089984140179 18.037763614749 18.301721517173 17.877021421927 18.5657065289514
TCGA-A2-A04U 3 16.364668041301 16.5834106231725 13.3607167014025 19.2120024610903 20.9506482610985 18.1901469640943 17.1801494534649 17.6448932397277 18.0857178550706 18.5858108931762 19.827983278268
TCGA-A2-A3KD 3 15.8989416881209 17.04645694997 15.7000213212353 17.8980468596988 18.1448495967591 19.118460640876 18.3642565402645 18.509164738564 18.3688065545917 17.5474142460781 18.5887301761792
TCGA-A2-A0ST 3 16.8612930934911 17.0265949378103 16.2462897206841 18.6421108184895 18.1245666349193 17.9560451660759 17.8367245119516 18.5927879967446 18.0587332743129 17.1935813191068 18.4974534346225
TCGA-BH-A1FU 7.61614210811789 16.3895460157232 18.0447223182942 16.3409478349035 17.8077131031357 17.9348239945562 18.9378568442776 18.2759120803417 18.2962835414182 18.351160320492 17.4319928867681 17.8615510335425
TCGA-A7-A26H 3 15.3286750010193 17.1903274361552 16.9926646764724 17.5567238667542 18.2996394882069 18.1098383992221 17.6947636944802 18.3860813640028 17.9191756615399 17.3615432485913 18.1273899731527
TCGA-AC-A2BK 3 16.7096877519731 14.6625159974225 15.7829725956542 18.6912535551968 18.6667949249748 18.0834684733222 17.5621462158274 16.7672298543971 17.6405984529498 18.9109919671186 18.7892868559902
TCGA-BH-A0B0 12.4625852672185 16.285110884061 19.2563379060081 15.4536278115036 17.9788030840032 17.7903850879493 18.8882336894242 18.0205072368512 17.8621248331605 18.3452123604856 16.8744810744547 19.081139947774
TCGA-A7-A6VX 3 16.3878210329557 17.7841639412357 15.4600652877747 18.3163356148767 17.8274687548517 18.0027229486763 17.3096040878844 17.5127135150717 18.4697465014365 16.7675701932016 18.3118302833837
TCGA-AO-A03L 3 16.3461208601513 16.7551127584688 15.1880704456196 18.569310083203 18.6151015524093 19.5621166647578 16.9274255439142 18.6300347595178 18.9096022880702 16.7858541686081 18.4716730517647
TCGA-A8-A07S 3 14.7212081529703 17.6815999156984 16.3587911379903 18.2435340461784 18.7881232492789 18.7732303118479 18.4254474660775 18.4144244898503 18.9317165491706 17.8024189900676 19.0871858004711
TCGA-C8-A3M8 6.96218212651323 16.2220989389974 16.0050015940562 14.9336077503143 19.1397466947293 18.509715595862 18.3275436297878 17.3459840577116 17.3627906822401 18.6873889697868 17.3303368275364 18.715222609093
TCGA-A7-A0DA 3 16.4525424632255 17.0905740301935 15.3606128563327 18.5031705734572 17.5640143930982 18.1122429127687 18.2481939185435 17.7283164078433 17.8151921701884 17.3746309674195 18.3249904214543
TCGA-A2-A3XU 9.61685362788645 17.8609410210027 17.0383364834958 13.627758447579 20.9875483599083 19.195193469097 17.7357251302773 17.8252881356043 17.3528708396251 18.8953038273033 18.2508202060067 18.3889761855849
TCGA-AN-A0FY 6.92875850641022 17.0990061249511 17.8140856718607 15.4680889958808 18.5489293695568 17.8770883182689 18.0841368328977 18.1145615745214 17.2172696262865 18.2812226201243 18.2169973015419 19.0525032756184
TCGA-4H-AAAK 3 17.0246073242809 16.8015435193813 14.5013392567406 18.9007656013923 18.3563849082845 18.3301052896862 17.6708668387765 17.7677525707639 18.186829204132 17.6934103906328 19.6025632394092
TCGA-A2-A0YM 3 16.3137428665841 15.4395572955457 15.4029315530604 17.9798510850198 18.3861084173519 18.4047967208751 18.0572457753311 18.7564063490457 18.0911955303194 18.9910826482568 18.309056419166
TCGA-C8-A1HI 9.3977811430502 15.8057570535033 17.027215190499 14.8189984606576 18.1922380858233 18.6517643132382 18.8675613032253 18.1907476157467 17.3587534896449 19.3202430206729 17.1874826095045 18.5379728425676
TCGA-AC-A3HN 6.91313891046172 16.3951741492897 17.6094784816821 15.872900829753 18.4742825369143 17.9558217765549 18.2869325129016 18.1135195217507 18.2355709307703 18.221139050741 17.362431252447 18.6887563104982
TCGA-E9-A54X 3 17.6422246643486 17.6181029954225 15.565260093796 18.8384613166627 18.2204133205711 19.005723162769 18.3211137182701 17.4912363378851 18.5163412438791 17.7189282301753 18.924078850979
TCGA-BH-A0H7 3 16.0112571965326 18.3044142030664 14.9635513147194 18.6350429288535 17.7457202168354 18.6837410753004 18.3427192509735 17.5255200627583 18.7314785285078 16.6934610558515 18.1195534278809
TCGA-A2-A4S2 3 16.2434979845407 17.8859816045466 15.2210791853113 19.1347305587026 18.479215502163 18.5167820790303 17.6204610328655 18.2591395574839 18.0722405015594 16.9273707700012 18.776701988132
TCGA-OL-A66L 9.36921401792895 17.9479314800499 17.1945492117985 13.8433613113927 19.6068782230466 18.2040018522939 18.0209419555672 17.1046792597577 17.3240214533588 18.9349512187014 17.3510128065832 18.2846578928373
TCGA-AC-A6IV 12.6987723742213 17.2833296022132 16.0832553644947 15.8532287680341 18.8093350033194 17.7914422401757 18.5168696770944 17.4898232289461 17.7595734785813 18.3775108815257 16.6930935596206 18.4937394071439
TCGA-D8-A1JH 11.6029819889138 15.6484212294008 17.6251524360029 16.1419931964281 17.7592223263614 18.4178303259421 18.218605821661 18.5498707913131 18.2075610538188 18.3518863444037 17.8237056849869 18.6492695715635
TCGA-E2-A1IF 3 16.3965724212137 17.3475670031324 14.8731300107088 19.6484242493372 18.7669055403264 18.6234859088371 17.5764584683332 17.6490694273635 18.8709769782332 17.2418507306024 19.1169175647234
TCGA-BH-A1F8 8.5568215220726 14.4102517908503 18.0703583664103 15.5816549661539 16.9343056500698 18.0787308771266 16.7981041350202 18.3139569663475 17.2138828599702 18.8619182129734 16.7610858999823 18.3358773997673
TCGA-B6-A0IE 3 17.3509566257287 17.9326301484821 15.7580777955843 18.307291083277 19.4185959379114 17.5498390279063 16.7859743725751 16.7020270853901 18.9149643616819 18.2170894615929 18.6328824946401
TCGA-A8-A09K 3 16.2872076920702 17.3966389479354 15.7882686482754 18.0116929234903 17.7915138297963 18.0404078940484 18.6633900783273 17.660726802741 18.852107067933 17.9838228417208 18.2825038483205
TCGA-A8-A08S 3 13.6869302690755 17.8499731389157 15.3331731536762 18.5782340555332 17.8978554104039 18.7485023876819 18.1355340563784 18.3506129434892 18.7686773157349 16.7768195250744 18.4209133185878
TCGA-A8-A08G 8.51049708924338 16.4382323420439 17.2722445084934 15.382725900327 18.2354325709387 17.8040208409321 18.7784632915698 18.2400425344959 17.765317107857 19.0577195466683 17.2177977929048 18.8919185392189
TCGA-A2-A3XS 8.18600719197712 17.150646330769 16.3447109879014 15.4353620356512 19.9692411833802 18.0171819220225 18.2620818784725 17.580387437858 17.3973488340079 18.8236329285962 16.9694538261168 18.7357643153801
TCGA-A2-A0CQ 3 15.4346584777334 18.1274004357993 15.7466895744384 18.9786687147316 19.0275057939076 18.4322891781754 17.3234973643587 18.0342119943541 18.875085461888 17.3235815550457 19.8752047888265
TCGA-C8-A12Q 7.10677842215843 16.6803543785736 18.4038801708174 15.8934684340935 17.9492587785929 18.5641376090909 19.700945452994 17.8659893700758 18.1441875328336 19.4187526018573 17.0323417907716 18.8442846308623
TCGA-A8-A07Z 3 15.5736663325963 17.1513051472584 14.5611057380143 19.4276656579142 18.1055842946172 19.0620541254128 17.7694547834419 17.8064857351115 19.8147785072497 16.6660394171418 19.2559117057841
TCGA-BH-A18U 8.30691705571171 14.1039893612587 17.6037666331265 16.2407005320645 17.9216079589137 17.3104770606001 17.7615225321315 19.0404453831545 16.6985890298465 18.1139787757875 17.5326413583533 18.651429975899
TCGA-BH-A0C3 8.53957341846672 16.0007988372846 17.4685689058996 15.9895817833231 17.6940878151255 17.9468097953961 18.4036994981181 18.2655862843836 18.060040896221 18.6550944696037 17.426580734906 18.5538133950554
TCGA-AC-A2BM 3 15.4263346160586 16.9747560922421 15.7972733253966 18.5542226871597 18.1297971543806 17.6989108770882 18.4392722051337 18.3086063544401 19.1221582225381 17.5318966750436 17.8571107340967
TCGA-EW-A1IY 7.9366359652943 14.203308566612 18.4918165354894 16.8108496758312 17.0769188626223 18.4258354791362 17.6199069215336 18.3244036727919 18.9936915595007 17.5964169448346 17.016897322999 18.579080755411
TCGA-A8-A07G 10.3652423341324 15.510329268224 17.7870989099117 15.969001101221 17.7808716603763 18.5330265269467 18.462544702431 18.1715019508865 18.5362141565384 18.1802524192218 17.1251556078896 18.5883696323109
TCGA-A8-A09B 3 15.7632119147529 17.5140712746517 15.498806114185 18.7205388348354 18.7987957059942 18.1235805242319 18.3331172915667 17.8603820615765 18.7303136998899 17.3342213578714 18.9444351903872
TCGA-BH-A1ET 6.64858005983019 15.347124804594 18.1328977423126 16.6383937560933 16.8945068590888 19.0565237563703 18.2805214598851 18.5193797055519 18.1539856893438 18.9042334148191 17.690281462075 18.7003921126324
TCGA-A8-A08L 11.3663608653862 15.1311373400995 17.1660451690846 15.0419185247817 18.2338682013343 17.7090352579742 19.5195639776883 17.2602554608704 17.4428611467982 19.3435915171438 17.3844091007646 19.2210474978362
TCGA-AR-A24P 3 15.3075018058024 17.8218164769957 16.4266266188524 17.6382807005129 18.1179350704463 17.8911743099664 18.514254493771 18.134840463606 18.0937620616864 17.4233053930995 18.6480934274131
TCGA-AR-A2LH 7.89064900526764 16.8242576883921 18.1482617086726 15.85247513296 18.862284356912 17.5966012680976 19.5836654329246 17.6421246097117 17.7988681812974 18.9885047797522 17.2730459473502 18.2931887433694
TCGA-A1-A0SP 7.38076708898191 17.5409271708594 17.9876916482414 15.1307086465931 18.938906984798 18.6015994654126 18.4278555245434 18.9517991572279 17.8369022724262 18.2568815231772 18.6356324512236 18.3394325858607
TCGA-AO-A0JL 3 16.158408430851 16.7844895206539 15.448070532766 18.8381461153849 19.0779825008259 18.1002321715546 17.7765342028928 16.9359222786014 18.4606265492394 17.399426604555 19.2601798357671
TCGA-AR-A2LE 3 17.215573657385 18.0106671533436 16.5043991860775 17.4824495792696 19.0148712198608 18.4348785138811 18.4079901065386 18.1208209092443 18.4351762293801 17.5713684498487 18.0440676200539
TCGA-E2-A1IU 3 16.110281260059 17.8246377841208 15.3573304187733 17.7816073872741 18.55645772884 18.5520427215924 18.1358114414667 18.1106022916482 18.7835780299146 17.5982042837795 18.489392614806
TCGA-BH-A18H 3 16.421990859563 17.5770227962993 15.2805868171342 18.0422511337716 18.4360063959647 18.5986175651418 18.4756004298576 18.7433961004866 18.8028666233797 17.4846224012344 18.4597888385948
TCGA-BH-A18P 3 15.8071117662863 18.2903818673269 15.2410848022828 17.5863623190354 18.8624766301745 19.039840451946 17.3971073619822 18.5149693081557 18.1992409095558 17.4096639583557 18.2961370926653
TCGA-BH-A0BP 9.39213389617048 16.4084903056545 17.7585855511718 14.9643006215407 17.7015058368881 18.1377446054412 18.9698931784678 18.162971442961 18.2350469864955 18.4196426859465 17.0419526871374 18.9903893520834
TCGA-A8-A06Z 3 15.1821535737194 17.9909916845771 14.2841407224283 17.5435643445795 17.6384584184349 18.1432153111226 18.2788721167395 16.7029488053339 20.0284023909596 18.0499792384636 18.5163287480956
TCGA-A8-A07L 7.33011303873929 17.2043924342431 18.1056150037927 13.7992918332994 18.9391666403268 17.3020449549806 17.6725539349378 19.0116522174595 16.869666731511 18.7673607074472 16.9344590893942 17.2915552259595
TCGA-B6-A0IH 7.81369678254716 17.1052482991336 16.8887156654739 16.1784791445472 17.9988531044857 18.1769236882017 17.6736789543625 18.0539420380633 17.9428053571329 17.8763758841661 17.2223472767307 18.7727795339604
TCGA-A8-A09D 9.04557447916945 17.0473876834093 17.5002876102723 15.1528041382961 18.2737299126233 17.5889754064048 19.0772635471467 18.3894726610625 17.8205547218198 18.5327263170268 16.8408926852882 19.0675637956271
TCGA-GM-A2D9 9.32894740778711 15.8638244917834 18.4432522041919 14.9506341764206 19.1995293389149 18.8372217774019 18.9258938719275 17.2709138999263 17.4204886016208 18.6028759637224 17.3196814299529 19.2255430197386
TCGA-AO-A03V 12.6565413855243 16.0930881967694 18.1388268187496 14.5587285432776 17.325793242474 17.4754786273762 19.2359213489967 18.7515541008417 17.7631909924686 18.8205322807049 17.5159125006578 19.2296795475312
TCGA-A2-A0SU 8.63524561013255 17.360899150063 17.6014489651065 14.8722655453723 18.0923371779111 18.2452529062573 19.1416349417028 17.8747045418118 18.207723902408 18.3345559507339 17.3213418978401 18.8751136454294
TCGA-BH-A0BQ 3 16.7660846223347 17.3297591504543 15.6030072233828 18.4456891780315 19.1160694196086 18.4593901292112 17.8708238773545 18.5235626760606 18.3643072933521 17.4374900124793 18.8432084198361
TCGA-A2-A1FW 3 15.5816185283513 16.7799527691636 16.4916489761586 17.0709031267135 17.6869475638438 18.6513898867846 18.292168149702 17.5588125675306 18.65247622192 17.3367599959951 18.1277866736147
TCGA-A2-A3XZ 9.20880866068623 17.8023238464498 17.722318816519 15.637015789481 18.8579912300321 18.8290429124837 19.459935232928 17.9863335468561 17.9851246486771 18.6939226161485 16.719808906227 17.9264836764342
TCGA-A2-A0EM 3 15.6862202072903 17.5985519598296 15.6086375450713 18.0827287844349 18.7116049583391 18.2769926824202 18.3825242216075 18.6726450204943 18.2915269522218 16.9582284589297 18.6887241583907
TCGA-LL-A5YO 12.1526045144346 17.3903557380518 18.0439861572815 16.0499946901546 19.2923313443517 17.8254336647518 19.4797507457477 17.2377191568015 18.098534418111 19.881479719291 16.5908128558367 18.1059803856122
TCGA-A7-A0CH 3 14.8149582224246 18.5445968523993 16.2533900147546 18.0115052031381 19.2555598860196 18.268045997142 18.3245674477245 18.8247581730198 18.6215479609891 17.4470371284488 18.5462676285769
TCGA-3C-AALJ 3 17.4003999302587 16.3740939910015 15.1608809577383 19.8450089909351 18.3790670205162 18.9322159418948 17.5155121973451 17.4089624036249 18.5315701983826 17.4281829019316 19.548062921584
TCGA-A2-A0ET 3 14.2939064359641 15.7616969891169 15.9337710648524 18.1743842843485 17.5940055349732 17.9369551287337 17.8823273521704 19.0248786347019 18.902625652276 17.0376792926738 18.7606986937632
TCGA-A8-A076 7.09069894854058 16.0327268991049 19.059591623949 15.8344061319651 18.3437977935579 18.8490583390531 19.2804213712998 18.3682993358334 17.7052617419175 18.7463873665341 16.8865414958921 18.4000940369107
TCGA-B6-A0IK 3 17.1868556911911 18.7281045715935 15.1549610652647 17.9906465950575 17.5046236461102 19.3657008124221 17.4787839421985 18.4454766999761 20.0942859729315 16.984254841092 18.5466372986948
TCGA-BH-A0BL 14.1660941586612 15.7147032724688 16.7598341334446 15.7818117993122 18.2598229585082 18.0459936291866 17.5444563138081 17.6887058570194 17.9795429566319 18.1408285388681 17.2058806008742 18.3171431896629
TCGA-A2-A0D3 3 16.1092195197287 17.524892911351 15.9516730780732 17.5363869623814 19.5123184941738 18.5229022980649 18.3294285396523 18.5196524506096 18.6562773344093 17.3807708234256 19.0094203112691
TCGA-A2-A4S1 8.64677332512175 17.0449831649924 16.788648046406 15.6403130772648 19.1514446038518 16.7382280286102 19.0921788814331 16.961265485552 17.6920488155828 18.3748275300854 17.1313579347737 19.0648845786001
TCGA-AC-A3TM 8.71489722994651 18.5541010807631 17.5624179649601 14.3905419214725 20.1038298709258 19.2571952280421 18.4851966416549 16.9928271959312 17.257559477906 18.6844294114945 17.5430486069134 19.034641768399
TCGA-AN-A0XP 3 15.3223475813632 18.0120251496007 15.7477289493076 17.9057094384284 18.4200951559589 18.3903422854297 18.3053570808341 18.3547735605162 18.384118113775 16.9625963198667 18.7117042142658
TCGA-A7-A4SB 3 17.8193427061469 16.1051384587435 14.3062523115273 17.835163196875 18.8152784494695 18.3904131364845 17.8152080354309 17.6719317054615 18.1184780523332 17.2493334221538 18.6104723548317
TCGA-BH-A28O 8.86683475768248 17.5655307276722 16.4315426333054 15.9772193912214 18.0942468815301 17.9040175160933 18.1480531330727 17.6870052406352 17.9445017129324 17.5456343691705 17.6179502562368 18.4039388681495
TCGA-E9-A22B 7.19798138574536 17.2426535691786 16.6957976414336 14.7018653911738 18.4127644000048 18.2883604293305 17.9380163321928 17.5080859928472 17.4317108205556 19.3087044783171 17.6272465168005 18.2810781443063
TCGA-A8-A0A6 10.8472576292401 15.9652151800146 17.4708217545418 16.2953415758154 17.7717725635326 19.1327717988432 17.926691874344 18.2740261680744 18.3322684943974 18.2973600049703 16.9377300682079 18.7703427747862
TCGA-AR-A1AU 3 16.9240129295201 17.9976716200282 15.6268595482719 17.9060469349106 17.9060312705895 18.1708182370165 17.893912767637 17.715073338834 18.2398366796863 17.8081614166311 18.9120360507949
TCGA-C8-A8HP 11.8707615615831 17.1981030105318 16.6916724205311 15.2121061867117 18.6286190290175 18.3300920133092 20.8545619111126 17.7948127274518 16.9582851589919 18.6946524765076 17.0261835533876 18.8453090829904
TCGA-A8-A075 8.93403784578841 16.1968435232405 17.7322597606809 16.0571948017915 18.0038823426017 17.8552339273878 19.4018003655115 18.5109937735904 17.3103517261057 18.5993334336771 16.8218331370706 18.8601126845346
TCGA-A2-A0D0 3 16.1580019679302 18.1233991932695 15.0262625559472 19.3599152601773 17.9216601226665 18.7870614796092 17.1032344430884 17.3627185932927 19.7632065894095 18.2241070203187 18.9211739015191
TCGA-BH-A0DS 3 16.0341954305962 17.595255068159 15.2704790828539 18.6471068884217 17.8603316188279 18.4328176445648 18.087735282749 17.9653933993432 18.4814139548283 16.8324423575681 18.637428079244
TCGA-A2-A04Y 8.09515362232985 16.0248477355785 16.8305939237529 15.7860734990608 19.6937363362382 18.5298707039058 18.6331606753788 17.941809198344 17.2308473050107 18.9064186683154 17.1585031955044 19.4199327520911
TCGA-A7-A26G 6.92519989710322 14.8954721847933 17.1612853502526 17.1472443275453 17.5192926734026 18.5762074453861 17.0880420341804 18.7165723456621 17.9587421419539 18.0514943626215 17.3505290773112 18.8983840224909
TCGA-AC-A23H 3 15.6939359801832 17.9729668988386 15.5143348435496 17.8934955942225 19.0117492729451 18.9829295269059 18.2965777049104 17.86659849453 18.7494467698016 17.2120600942728 18.8343597745789
TCGA-AR-A5QQ 10.1481186154155 17.4927048162125 14.9620429324106 15.1910928346808 19.4471809705921 18.5182311918023 18.5897739947489 17.7343667278512 18.4010718067682 18.2582391469558 17.9969115847209 18.3388973752329
TCGA-BH-A0E0 9.75932944687037 16.8828446983102 17.8479172197809 15.2291595504379 18.7951233608458 18.2346321664553 17.8861542518932 18.3619425128882 17.2765480476488 19.2469920992305 18.4734204930268 18.5514031287478
TCGA-E2-A1IN 3 16.0314699133252 17.804898918217 15.1668342026626 18.3303722879962 18.3563788053779 18.0975658680046 18.439448102733 17.6878177479954 18.4358667226573 17.2147479744529 18.4908613245553
TCGA-E2-A1IO 8.88228932779408 16.2283104256191 17.0661565407676 16.201945077041 18.342175609912 17.4958670386987 18.5177912801439 17.7331465845598 17.8451942827241 17.8665555894446 17.8189420240885 18.579654851447
TCGA-BH-A0C1 7.26521643011196 16.0824355704325 16.9592885550597 15.8770882869885 18.0108866641349 18.5030668830337 18.4126072380084 18.387583520511 18.2842530697422 18.7914280201459 16.9515705712972 18.7381890060536
TCGA-E2-A106 16.186792999055 17.1132314006121 16.3563834911858 14.563864800568 18.1422760655503 18.1317889113655 18.5629655313289 18.1243779713586 17.7452656681064 18.8149537535214 16.9774042327486 19.0042833874599
TCGA-AR-A5QN 10.3631044646541 16.3197881368182 16.9140788427949 15.1771212480545 18.7825137231903 18.4575199978988 18.7528858888099 17.8428638485467 18.0239158813092 18.3547356028144 16.566540630199 17.9921363420443
TCGA-AR-A254 12.4824720708034 15.3241660067685 16.818827158049 16.2788420263201 17.7076790780441 18.1077754976194 17.7745488015607 18.9308323225945 17.8638125666222 17.8623910527178 17.4532991490156 18.9482454641351
TCGA-B6-A0RU 3 16.818695600264 17.7442227136715 14.809916801423 18.8183393168121 16.9508355050416 18.7527859256079 18.650671496551 17.341281254201 18.6817707459226 17.131098894516 19.114691873718
TCGA-A2-A3XY 7.86855800333375 17.4604938931755 16.7226955012365 15.713453280418 18.7439635243121 17.5173987448343 18.6447600544336 17.5890826344136 18.0393031319297 18.0419706185771 17.0673861536068 18.4636107199039
TCGA-BH-A0AV 12.0755069642065 16.3742634349279 16.893076746599 15.5151637362005 18.1497083349259 16.9764319763311 17.6449901393987 18.7074390752569 18.1580977330658 17.6146684828046 17.3214976336663 18.3591374240733
TCGA-A1-A0SG 7.38518657481187 16.5264032171786 18.2642505846948 15.5114802885833 18.7943414946455 17.9931552776306 18.9399093647548 18.5098875365172 17.4467275038474 19.0697648832373 17.1494702507959 18.9032900192521
TCGA-AC-A5EH 3 16.4872576675834 17.8425249059601 15.2189337019827 18.9131511500061 18.4149863880933 19.3829910363694 18.3103021846773 18.1022313041897 18.8369168676828 17.3412419690694 18.6568134350044
TCGA-C8-A138 9.75726010348341 15.9429238291363 17.1807807631509 15.2827824223146 18.7201788510965 17.7640192672792 19.5878262727371 17.4826093401036 17.1906322807339 18.9057829815049 16.8826531300197 18.8957795961918
TCGA-AR-A251 11.5971219644447 16.7954935773951 17.3951582084306 16.5624611164874 16.9198068695634 16.3663875962722 16.1644801910748 18.7266844546249 17.6142024404849 18.0059135281034 18.2873822357677 18.30163428977
TCGA-A2-A0EX 7.6796701038783 16.8160107229836 17.8701219527976 15.6371569315365 18.6077705435664 18.0684638814133 18.3544787558984 18.2152113403731 17.7515856809519 18.5808632675659 17.3070984521431 18.4984498858179
TCGA-AC-A62X 15.2136916493012 17.8913671181443 18.0766561480836 13.8111481142911 19.2431276944232 19.2337091314465 18.0575391534078 17.545061263496 17.5228201651506 18.5499294360474 17.0033786798947 18.2048571313396
TCGA-GM-A2DI 8.49737232114974 17.3495634571386 17.5763512956153 17.2280665107907 18.1645908530909 17.4028863388364 18.7630064401866 18.2941410867499 18.620628888195 18.1558519196826 17.2497997588859 18.8732939961642
TCGA-D8-A1J9 3 14.8742090984589 18.075914917752 14.6784543090725 17.5750156758453 19.0153817129313 19.2342845898789 17.8147803749733 17.8489205300594 18.6067295417308 17.0114976480743 18.1603202835523
TCGA-A2-A0EU 10.2186005253976 16.5311792918559 18.3369615644488 15.1788626881326 18.3672624897911 18.1269520459045 18.048392339551 18.3201597169732 17.4413575331161 19.2522495443934 16.9736466056921 18.8185680954989
TCGA-BH-AB28 3 16.4336319423324 16.7077443691664 15.6743697336739 18.6947915467742 18.1176843517802 18.3217498739533 17.9138490775492 18.4189520770952 18.2865247941895 16.7684481559846 18.2641430413506
TCGA-AN-A0AS 3 17.9556578651323 17.9330057747561 15.2355297592087 18.3171661583184 16.887477795996 20.0880011420166 18.3645254177956 17.925657056943 18.3574765168313 17.6721037090887 18.225790166728
TCGA-A1-A0SI 16.703157280371 16.2926603634399 18.1924981658832 15.8017720920981 18.4499267308644 17.8457511376445 18.9856678503607 17.8041414017183 18.0049025522789 18.3981708668984 17.0334181432959 18.7828656067229
TCGA-BH-A0B9 3 17.9844303777312 17.5973074400925 15.7984024635983 18.5039637923827 18.6723321568443 17.1412468251175 17.2178986556901 18.4508720287423 18.2948669755237 17.9015123466299 18.9622192345062
TCGA-A7-A5ZV 3 16.3656364736344 17.1802047404759 14.8952002686077 19.0597881565218 16.7848868852104 17.7718612681879 13.7771044526064 17.7841958733817 19.7209166892658 16.3643574364243 19.2135416085414
TCGA-BH-A0HP 7.20182132351541 17.2113490636911 17.8080036737642 15.1314449085665 18.0035591095817 18.7097488173035 18.3233511424925 18.25216611276 18.2583590917209 18.3664391903018 17.1274955529538 18.6665645839455
TCGA-B6-A408 7.26414791458511 16.9535072557183 18.751967590601 15.7008271213045 19.3359090958302 18.3170144209455 19.2222724882434 17.703336993961 17.6135810035067 18.5891385143525 17.0805373515364 18.6274198309411
TCGA-A7-A3IY 3 16.2533243122339 16.3900403463444 15.6053044287866 18.9650858511629 18.3930658228299 18.3701892462492 17.2751884552789 18.5394275205742 18.7814713036684 17.8223217963838 18.1660095593882
TCGA-E2-A570 3 16.5082764907482 17.8489918617636 15.263296264642 18.9475849057718 19.1151223991964 18.9466220012582 17.6041066025637 17.6005417876856 19.3544159545286 17.0838127012656 18.7316174811066
TCGA-A1-A0SD 3 16.3599370275993 16.7877651695841 15.4026027353358 18.0241058442249 18.2570948166633 18.3853235451796 18.0527793597932 17.9578965912378 18.0643898530082 16.8940413731039 18.1516235209445
TCGA-S3-AA14 12.1138342272864 15.9000724532451 18.6339675922008 15.968023328027 18.4840058330438 18.4712363601418 19.0572697284166 18.6824345218846 17.8042643201943 18.9607661510642 17.6361909570152 18.7237543434997
TCGA-A2-A4RX 8.12153111839779 15.9395897174168 16.9804603752516 16.4851597252547 18.3750948569768 16.4820203788974 18.6974331427588 18.4560612777535 17.7030470017235 18.0117541366137 17.5120922660616 18.5886399883997
TCGA-Z7-A8R6 3 16.7662757503594 17.8637305874875 13.9439735653548 18.9124495120176 18.4782262617306 19.1991475245198 17.6807716071492 17.4951252733794 18.4743725558706 17.3345451196205 19.2407676279139
TCGA-A2-A0EW 7.29975869032364 16.2331958173681 17.885248674015 15.8552483323765 17.4218224315125 18.1212086651623 18.300903837766 18.2403456503806 17.9930900996971 18.1899791481899 17.3051072537149 18.5697037199405
TCGA-C8-A12W 7.65949027939675 15.6695960660707 16.8565842973625 15.7882357673017 18.3769893743817 17.3277439234477 18.0968095047655 18.6933825128935 17.5383640062478 19.036369763939 17.8785792916229 18.1851986215511
TCGA-A2-A0CV 9.55653251117835 16.6924582183725 17.2366804732892 15.6551533795262 18.2805520739189 18.5104107947331 18.4309898453941 18.3599144097432 18.4359552577751 18.4519465239591 17.4619847923413 18.8271376818679
TCGA-A8-A09E 7.50492883891307 15.9928650319874 18.1881423135172 14.4545453115244 18.5917476653923 18.5777838585917 18.4688678761761 18.0126788302973 17.5035779556268 19.5380891933585 15.7979448133841 18.987161446926
TCGA-AR-A24N 3 14.9527355742975 18.3388047372704 16.4243323767116 17.9413933843156 18.5354170117556 18.1630185388424 18.7056309716825 18.0849956683571 19.1118801255971 17.2545201276429 18.6162660684403
TCGA-BH-A0HA 8.68482939012629 16.9979407975215 16.8450589796665 15.121548748328 18.7710460703061 18.2891671606477 18.502496821261 16.9824615812339 17.6587994545927 18.7184098931122 17.0371466221761 19.0823135188457
TCGA-A2-A0YC 7.04864721507467 15.6734375434446 17.6862965862549 15.9093667485792 17.8190918341911 18.8158321652145 18.0254678194763 18.050165851268 17.8119195547108 18.4949700886639 17.6113593790436 18.8210129504736
TCGA-OL-A5RZ 3 17.9159620284681 17.1555054647356 14.187470233298 19.8569414304577 19.7901467021033 20.1472474965375 17.2604398281174 17.5248300331118 19.3597404586015 16.6026322340773 18.9802273021936
TCGA-A2-A0CR 9.62016189384708 17.9777375815396 17.2498352177837 14.9363120840864 19.9131149354153 18.1766348584034 18.7163908546688 16.9176123852796 18.005770462375 18.1673458487733 17.3276142557378 19.0469995268915
TCGA-OL-A5RX 8.50690521450239 16.8558269501103 16.9717190840152 15.7213528114205 18.4518058003334 19.2794938288977 18.6648812682899 17.6797489437536 18.6284492613748 18.1930084299014 17.3390933271132 18.6643530440923
TCGA-AC-A3TN 3 16.8543026547613 17.521175000158 14.4655287608757 19.1382471029666 19.193425036483 18.608728479181 17.0889282842998 17.7011891252067 18.5385574684787 17.455097832118 18.5945363981481
TCGA-AQ-A04H 3 16.8957524576922 16.4442492010157 15.5577425235963 17.328084207639 18.6056677895461 18.9705525368421 18.8459040368803 17.5785114124926 18.5445315086983 18.2118199804137 18.8387804616917
TCGA-AC-A6IX 12.1449283442672 16.6305666244496 17.2554251034704 15.2656358651796 18.6456034655431 18.223079466847 19.2190859603877 17.2583766554536 18.0113805104063 18.6589601186223 16.8157291780501 18.250863754981
TCGA-AR-A0U2 10.8838079450123 15.5480269120402 17.4725283749027 16.2826693968513 16.9750691804059 17.8591235164107 19.3431519821503 17.7213988920728 17.8706077044086 18.5903861417495 16.9473730328172 18.1071788799175
TCGA-AC-A3W6 7.55832950369486 16.8790547919107 18.5252436580817 15.495126105051 19.1257046928764 18.6958134642817 19.3038585882275 17.5757952348878 17.8969252391825 17.7542177002355 17.0368638515147 18.6481736068517
TCGA-A2-A0ES 7.37107060897262 16.6794780878956 16.8522326671064 16.1590019391942 17.4957160543924 18.263305766073 18.2640522557461 18.1229824014336 18.0803440086805 17.9115525704252 17.6503270215839 18.4262439518092
TCGA-AO-A03U 8.13479998882195 15.4145569186074 17.2872210336566 16.1266187459424 18.446250547718 18.4362296822387 18.6444364622433 18.0908097576041 18.1628968079297 17.9085646978351 17.5064728886604 18.7238723612762
TCGA-AN-A0AL 3 16.7764406204537 17.5083884261263 15.6575453458992 18.5135369880867 17.8086328749842 19.3875645817098 17.2499670860501 18.3415547031798 18.7569340149902 16.2631264537503 19.0824036389451
TCGA-AR-A1AP 9.22527182391924 15.8736430879503 18.2886961431859 15.0631062964272 18.4883739012947 18.4684446351095 17.9471802965112 18.284436711642 18.4137456072725 18.2669603596245 17.3313673210099 18.4667233984725
TCGA-AC-A4ZE 8.23552408651959 16.7040227944951 17.6404536206476 15.0432987510716 18.2949943771606 18.0905549305208 18.7481085619617 17.7792693655244 17.3547120022497 17.9999683495232 16.7904997275708 18.6267904574641
TCGA-E2-A15C 3 16.880653945756 18.3474352476333 16.2154424304249 18.1296120281457 18.4840638303241 18.4199939047036 18.2993502584583 17.592876102558 18.2760814274333 17.691593130246 18.3844849973296
TCGA-B6-A1KI 7.99376324352313 15.3707889304706 18.3518092055835 15.6526680685709 17.9476380061393 18.3118018459718 17.852116843431 18.2676021939854 17.6429736221537 19.3270014847051 16.9800527290466 18.6290981575826
TCGA-AR-A24T 7.19033554061614 15.5342949763967 16.138148966046 16.1017097289697 17.5484393373104 18.2985636473059 17.5387637131239 17.6150858235425 18.4051434586769 17.7518979858549 17.0671192774444 18.4485885322644
TCGA-AN-A0XR 3 16.75948339289 19.0106758739376 15.2595138888249 18.2081890216141 18.4065610017863 18.945376145666 17.7930766118753 18.0509938195649 17.9185925194719 17.4234494384146 18.7542066831057
TCGA-AC-A62Y 3 16.4651932652846 17.8944157699454 15.5424375395335 19.317322188645 18.4995865504185 18.7275037745846 17.7987354777843 17.6282536131669 18.8308982421083 17.1003835048393 18.6074218568105
TCGA-A2-A1FV 7.07830772107394 15.4221840594233 17.0119388490075 15.7233123183934 16.7400921064158 16.846498631717 16.4620545220952 18.2831552222908 16.9655697065566 17.4788703185648 18.0075748965003 18.1179121368834
TCGA-B6-A0RT 11.9790455144551 17.1152370765185 16.7722243561911 17.2088862469057 18.8787287719891 17.334793979709 18.3106201768149 17.8652962802661 18.3017399641807 19.0645157192601 17.6539379067507 18.3031660881874
TCGA-AN-A0FN 7.25574917283741 15.7412856299136 16.6164738515454 16.0570144079676 18.613211251204 18.3277497155254 18.0225081511632 17.5105404144475 18.338546378745 18.0451593194255 17.1920077898403 18.8083797756264
TCGA-A2-A25C 14.1529863353876 15.1858712069727 17.6042866815042 16.0270143703821 18.1099944339083 17.9730114594523 19.1767828611079 18.3827227985702 18.0356923078801 18.6542005378849 16.5438782439922 18.594292427314
TCGA-BH-A1FG 7.42631810403309 16.0576237161418 17.4752586719021 15.6744124071976 17.6511272353397 18.986908037903 17.79996454875 18.3713686391119 17.4145565775008 18.7458078062321 17.5782366344878 18.8466640358351
TCGA-BH-A18M 9.32195959165328 16.5311782635719 18.9886036790317 15.4934901816443 18.0239530941626 18.4314135529037 18.2287353219777 18.4054032152902 18.0443420575388 18.3142466977191 17.6264376128938 18.9716292544925
TCGA-AR-A24M 11.3179810201572 14.8640996347059 18.0485875262973 16.3481971413773 17.261445063823 18.6049172974514 18.3329622118966 18.1073096222599 18.8746286856278 18.1691563664641 17.311695070472 18.4955526996079
TCGA-A2-A04T 3 16.2164794760398 17.339687392946 15.1516972105179 18.7906624472421 18.5038284351132 18.4234080655937 17.898491151076 19.5392018327406 19.1232183939419 17.6655739147513 18.5207839019265
TCGA-D8-A1XM 3 15.0678236791934 17.815291829879 16.4235957864703 17.8989751347654 18.2447027868677 18.1110556685904 18.5112028303752 18.1429000064051 18.444977709613 17.4897616440788 18.7672219674735
TCGA-A2-A0YI 3 16.1775288568536 18.7167744087697 16.1299496636886 17.3954691071218 18.724860495295 17.8659112674721 18.5675193695204 18.4050812605655 18.0775971201762 16.7428339096281 18.4733948587747
TCGA-BH-A0HY 3 15.9113868347992 18.9505111868161 14.7810635418374 17.9520485164931 18.961764236069 19.6968938044861 17.633690854492 18.5281542804178 18.1521072611455 17.0381679634516 18.694562260594
TCGA-A2-A04X 3 14.4071173413288 18.8319483798193 15.3183397314691 18.7940439092974 19.2793112771036 18.6282288116389 17.610800043944 17.1440721476116 18.9287203862018 17.5116473213497 18.6728133054221
TCGA-A8-A0A9 3 17.0030550553106 17.9549999146788 15.2795506059618 18.6528079689398 18.3781102685745 18.335002571311 17.8739247473445 18.3075698937717 17.9474631829319 17.5083223754381 18.6555291601711
TCGA-AN-A0XN 3 16.1429116740362 17.3474875581761 16.7929348488987 18.0709601533688 17.4176233134865 17.6216160629058 18.2726444533462 17.9727090336045 17.8442853409804 17.8313572953136 18.6990618865807
TCGA-D8-A1JF 7.10782953966613 14.2054099804226 16.8208809825883 16.8431685777685 17.9172880361382 17.6261874656283 17.9392579550588 19.0264701175598 17.8706615381229 20.5407775684449 17.2352987521032 18.2375102915525
TCGA-GM-A2DK 3 17.7227855656102 16.976100820557 14.7578322971946 18.9765699028344 18.6489365175283 18.0276465436437 18.0138812142007 16.9147149442962 18.4483277218961 17.7084158590466 19.0376683378633
TCGA-GM-A2DH 8.76449204100757 15.9078384165833 17.7723044884258 16.1942720548505 18.8222777425734 18.176290316893 18.9136554938099 18.0522852653171 17.5422993716806 18.228087232866 17.4428967623019 18.6432129774911
TCGA-BH-A0BO 8.1773968784742 15.6735364593527 18.166707532305 15.9099617560411 17.4452386865645 18.0765555060617 18.2866775200432 18.2869371800912 19.8052226742544 17.9048928579005 17.1899170483156 18.3610520598907
TCGA-B6-A0WX 8.40106492643988 16.298849405207 16.7568767753416 15.8427143982931 18.2509604705777 18.4228145953466 17.2876636966971 17.2563046112601 17.1912493327369 18.3510142879386 17.050744267987 19.0291612994664
TCGA-A1-A0SF 8.57303259574168 17.395791989688 17.1818875615821 15.1366006772706 18.3905572482056 18.4071291966018 18.5697022248252 17.3093370457663 17.569652296956 18.8189661553336 17.2196709091207 18.8513806767865
TCGA-A2-A0CT 11.9590829149591 15.6207730720229 14.6785478792208 14.5664621692176 18.5048084945721 18.2682391737062 17.9525672462879 17.7883720475937 17.076036602941 18.2820458648321 17.0437788721871 18.1067929196453
TCGA-A2-A04Q 7.45772461414144 15.9042141577562 17.1608410520563 15.8619637278597 19.5579951555807 19.1028168132651 17.6931272941089 17.5923864803517 18.2407401910045 18.8192618809092 17.3988142291431 18.6139061790783
TCGA-C8-A3M7 8.7356629135579 16.5350558860229 17.5520490493231 16.0361524127283 18.266392972728 18.859705131267 18.7548699572019 18.2256691377431 18.2045751440593 18.713539664821 17.3822048486587 18.1037488731101
TCGA-AO-A0JG 7.10825022763346 16.0157802233496 16.821847954225 15.9804716822011 17.5278265977985 17.800837658997 18.3961108367132 17.5170326492359 17.943124816248 18.2339494528276 16.5839610488151 18.5377452815986
TCGA-BH-A0BC 3 16.6459966279099 18.175437579236 14.6410412279291 18.3343779993817 17.3348664887382 18.8043636306608 17.435305517819 17.7508064486793 18.2802668194347 16.5407706121104 18.7216046178558
TCGA-B6-A0IQ 10.3265769626243 16.6345123513084 17.5855561246955 15.0758393875907 18.9778677868167 18.8470086095475 17.4222081553728 17.1722572690255 16.5854461750485 18.8156413776612 17.9838527611821 19.0692587649324
TCGA-A2-A0EN 3 15.8352627398092 16.738620356036 15.9189204575512 18.0805347536863 18.514971189795 18.1634061472282 18.0360074295034 18.5414731254304 18.0019830465729 16.6347485576659 18.7157226504171
TCGA-AC-A2FO 7.38857626370363 16.4270216633247 16.7639500762765 15.7547578794062 17.9361863446053 18.2476423392107 18.1017911347014 17.8416880097052 18.1696994675269 18.4389767280166 17.9920622872746 18.1659602518798
TCGA-BH-A0B5 7.20476545475165 15.6296513032596 17.5297730015542 15.6461045327903 18.3198386417695 18.1546557609401 18.3760432719308 17.9106958569705 18.2538926972069 17.8946348009897 17.0068728111623 18.4560587240497
TCGA-5L-AAT0 8.07014688908602 16.6235538403827 17.2738750195643 15.7435748406505 18.6413344891855 18.4765524143358 18.4704360509802 17.0426120447564 17.6912987482677 17.9341440214161 17.6999873735421 18.7350509816081
TCGA-A7-A4SC 3 16.3611226388619 17.0610494264774 15.9923483279253 18.1511878195916 18.1427784870239 18.42531271227 18.1116722542549 18.0697842640758 17.9412967693549 16.7726687729948 18.721956946801
TCGA-AC-A3BB 3 17.1807281112638 16.7431390222616 15.576498215525 18.8441060073213 18.3624378573333 18.7071726926458 17.8991712815663 18.1444911687617 18.4625013973728 17.3036201540001 18.9045682877708
TCGA-AR-A1AY 7.36605666558075 15.4431325341773 18.3627081665935 15.8256985613676 18.1667960941395 18.1891099135861 17.9263488238319 19.191963967143 17.960433690214 18.6372402079068 17.6234362511569 19.136200886396
TCGA-A8-A06Q 9.43757045840199 14.3561819751472 19.8582337483753 14.8873798403048 17.6206990947091 17.5413256292002 18.6635891203819 18.568666014674 17.7475430483391 19.6071829190216 17.8619122449989 18.7535674675405
TCGA-A2-A0T0 7.28002827927762 15.6793139841822 17.267001140231 14.75356379197 19.8002274361466 18.7865674821841 19.2431944173418 18.5672716620505 17.9052752021042 19.881586297574 16.8905515159296 18.9277461294569
TCGA-A7-A4SA 3 17.7358856633786 18.3971237770681 15.8579750918178 18.7294279722224 17.9692625672811 18.810185526661 17.5200438887869 17.2894133519108 18.1620002165992 16.3619518795897 18.6435724012346
TCGA-A2-A3KC 3 17.0155134208083 16.1820253897765 15.8273141256967 18.5520464139507 18.5092265384447 18.4472752986667 17.4482732403764 17.8206146726677 17.6227544012855 16.8608368631326 18.5350936915569
TCGA-BH-A0H0 6.99102790454554 16.6336202716745 16.0651242616808 15.0588522895716 18.5722509878468 18.6537361423531 18.5759821919823 18.3352196246786 17.6938996749179 18.5984235140229 17.5143828373632 17.3280452426202
TCGA-A8-A07O 3 17.2982969117784 17.0002091944736 15.4293775258884 18.5178969965689 17.7921514942837 17.3564067120391 18.9411569862665 18.4333787703524 18.2460355644831 19.2538645341505 17.646775535796
TCGA-A2-A25A 7.59445236483352 16.6257411075111 18.0970260397972 16.078458972483 17.85838448145 18.3331970249195 18.4393308838224 17.9891621233869 18.4959605618259 17.7791338870276 17.4515560784252 18.6431060462029
TCGA-LL-A441 7.06532288659473 17.3325508670997 15.4706329290072 16.9401808904706 18.9567288054921 18.8273622338845 17.9741200709085 17.2722694852354 18.2664178199374 17.8440071869277 16.962429497909 18.2887563502822
TCGA-A2-A0YT 3 15.9411201353731 18.3311156074187 15.4409853471734 17.7760338989772 18.9646315805878 18.6458004029349 18.1784600774161 18.020708137526 19.2448484419932 17.3327820248709 18.8147257215127
TCGA-E2-A14U 8.09128487109339 17.4424411057136 16.3173120238566 15.3457425602187 18.5508492628945 18.3137982981246 18.5870573168325 17.7090172901927 17.7733778697815 18.3118558995097 17.6657205373229 18.6284444630817
TCGA-A8-A083 3 15.1153842549966 18.5750989886311 15.7799968046858 17.9299202944796 18.5620411567029 18.2914133896401 17.7836805536602 18.1860179691072 18.9208098286186 17.3655371279981 19.0237318485272
