X27257 X29883 X87178 X246175 X11044 X51691 X3313 X64895 X9125 X80153
TCGA-BH-A0HW 20.1374953274838 17.2763249925844 17.4027522268234 17.1884398547077 16.9119202120726 16.5410544461899 20.999111039626 15.8040714106576 17.8531823711975 17.877972379695
TCGA-BH-A18S 18.5918715410511 17.5669475247254 17.3719280838712 17.3333826336234 16.4873087338144 16.3729699550731 20.9003956559996 16.099914123934 17.7106177909605 17.2528305511628
TCGA-D8-A27E 17.363956201253 17.6003011422031 17.2501809191932 17.6397277363857 16.7871832388595 16.2935959238174 21.0330635806326 15.7894551615474 18.0237504510135 17.0197707600668
TCGA-E2-A1IH 18.7672427212879 17.4132372442938 17.4938555252306 17.36373319631 16.8554149721499 17.3345540812301 20.6531024478827 16.2507199426796 17.9451129934844 17.2328932059706
TCGA-A8-A091 19.0112236374811 16.9343111682991 16.8666512574602 17.9157752726578 17.0318336353968 16.3044288130349 20.3275230595061 15.5985674268903 17.8785758986632 17.1775986138163
TCGA-A2-A04W 18.4701907863106 16.9305314633831 16.6822791231201 16.3163785863703 17.1756758115875 16.9821495486285 21.0474269112696 15.1795767138418 18.608577039932 17.0837584510673
TCGA-D8-A1X5 16.6361744578846 17.7608237155381 16.6245970156397 16.9105710559392 16.0358904706007 15.8424559213081 21.5979932238202 15.5436827535889 17.9529051982032 17.3110380637723
TCGA-BH-A5J0 18.4307959737287 16.1836254381084 16.7571762537637 16.2674444891403 16.4568223229129 16.4940718916707 20.365744275752 15.1631786097982 17.7592221344699 17.6391803775648
TCGA-A2-A1G1 18.4886986868254 18.802263205813 17.9556328187314 16.9491595419445 18.1567571171958 16.5359306309661 20.4199003062422 16.3062990646556 18.1552480997628 17.1038266372678
TCGA-A8-A097 19.9670916966428 16.3448620090303 17.5627652945809 17.2757139838585 17.306212539093 16.2550593900437 20.814458506692 16.1551508557415 17.6301078151859 17.7115672346076
TCGA-C8-A130 17.993904444624 17.220842476668 18.2888318219826 16.3697232995211 17.4219924038235 16.9733020469658 20.0619246304463 15.8615153320526 18.065193784107 17.8360476837786
TCGA-A8-A0AD 17.8758132418311 17.6426074464294 17.2492930378142 17.2425091152307 16.92435750212 16.4270268917547 20.7358929158483 15.9997630296055 18.1286034090276 17.2571843804717
TCGA-A2-A0YL 17.8923939041507 17.7334185229583 17.2053218538916 17.6936888279942 17.0325927851213 16.4217582337505 20.0664447174954 16.2934715360108 17.7177913545095 17.4427841886339
TCGA-A8-A09G 18.2369225434714 17.8390281067743 16.864191178913 16.7415933433908 16.8574527901629 16.7511611782605 21.1878508210383 15.4273176252054 17.7687397365175 17.431851262773
TCGA-A2-A25E 18.2304888809783 17.2188036900832 18.0909115495438 17.2391978170682 16.9701726366492 16.8222680593164 21.1005796665725 15.7238751993337 18.3515691318135 17.533657597592
TCGA-LL-A73Y 17.6894832100384 16.9572266545774 16.7286514900838 16.9934825912275 17.3238839390316 16.3242553093927 19.8986721738516 16.3524308394613 18.2981825483162 16.8471409338767
TCGA-AR-A1AK 17.3082607674818 16.7427242437011 17.9771156274486 17.3617088150032 17.2932773625627 16.4097824260854 20.5173490271657 15.8886804135597 17.8388846647831 17.3706413849765
TCGA-LL-A740 19.0616615815242 17.645987177753 16.8296152344095 16.7042440707402 17.099017085128 16.8595640587505 20.5410755353347 15.2790554418571 17.4520251096708 17.0114777509152
TCGA-A7-A425 17.6846341217624 16.3728529746248 16.1769612763914 15.884490635387 17.4079650088423 16.831153779422 20.4824294463558 14.8689289657292 17.4533305106096 17.317043379588
TCGA-AN-A0XO 18.8579685332615 17.9976870737905 17.0350172208668 17.0421544794987 17.4089125622409 16.3637312121278 21.3853387829581 15.7637428245542 17.820840500079 17.5461180549109
TCGA-AC-A3W7 17.5861982885467 17.0121508822772 16.4829657762821 16.7426853389707 17.1180179393115 16.147803542673 19.771622067635 15.5641891480309 17.5768255776207 17.4644154154909
TCGA-BH-A0H5 18.0114925140516 17.6980822599367 16.7018660109349 17.958936485328 16.5789647852898 16.4253354373582 20.2561517278639 16.12269298253 17.8118179365985 17.3512724493859
TCGA-C8-A1HL 18.2684997375697 16.6388473094625 17.212568071569 16.8100726483751 16.9930667424769 17.2026479369178 20.2443905281327 16.0848613204693 18.3877032391117 17.7744349742004
TCGA-A2-A0YF 18.0012988868814 18.1940296764229 17.5428420987393 17.7365667444476 16.7892986497689 17.9192231108463 20.8024598825801 16.1796657088238 18.2706395979883 17.4229902156126
TCGA-E2-A15J 16.8668086325931 16.7226239184948 17.5110787473587 17.1621545189144 16.7219107840251 16.3533334674208 20.9716166220469 15.7915271989945 18.2254458286 17.5276716966872
TCGA-BH-A0BW 17.0596310240767 16.8348140058402 18.5771154684475 17.9269235168358 17.8887613159237 16.374474755903 20.1042457529304 16.350507193326 18.3691176051084 17.1443646841377
TCGA-A1-A0SJ 18.3715390898275 17.9318688253954 17.2683263846777 18.1675774566861 17.0007727765205 16.069630629905 21.1003127481319 15.7653661234555 17.8041493739751 17.2811853787239
TCGA-A2-A0EY 17.9015295494815 17.5093679512219 16.9522285762535 16.37457395615 16.8583229889515 16.4232148251403 19.9484470698986 15.5749687582684 17.8499374643161 16.9169069592868
TCGA-A8-A07R 17.9349973539656 16.9394804551327 19.0758294417793 17.5482551386238 16.9538170734879 16.5499110742214 21.3888534246676 16.050518520595 19.1415260896862 17.9088456093804
TCGA-BH-A18G 18.4826185913038 17.5709675273263 16.8830012073508 16.6055334189597 16.715255087156 17.0398775828871 20.6049567008379 15.5756835214265 18.2009140646918 17.0900548101356
TCGA-BH-A0BR 17.7396549838017 16.8812156871689 16.8041328041648 16.3627240438457 17.6657496577237 16.7431414572821 20.8961171522812 15.4928764255389 18.4632930056114 17.0870912850981
TCGA-A8-A06N 18.6412163246003 16.1797309704428 17.8643957624137 17.9591909941678 16.8350548553309 15.7667327878232 21.3338826400854 16.0585390726681 17.8765089478588 17.3871782479658
TCGA-AO-A03M 18.4097405048003 18.0089128547637 17.1068987751227 17.559036273331 17.3710439701533 16.3725870640406 20.4427659056112 15.5955752472485 17.93316483533 17.2156187063877
TCGA-A8-A09X 18.5833802525979 17.7963779372952 17.359591519698 16.2981790163205 17.6845839291304 17.1471230777751 21.8408093398631 15.3027484088853 18.1487952051085 17.4185798972859
TCGA-E2-A1LS 18.4270413454735 18.6982484138859 17.2490531556345 17.3762328902897 16.1294079859965 17.3808745171215 19.9938252626963 16.227569193419 18.9100105622253 17.8666216450833
TCGA-AC-A5XS 18.8731868705955 17.415328713955 17.3959166762183 16.2716238582239 16.8103611635768 17.2817100891762 20.24384462389 15.6677297547337 17.8072972860961 17.5506964384904
TCGA-AC-A23E 17.9651655436612 17.9510226591197 16.9155088765276 17.0974062408583 16.664003760602 16.1716318560748 20.6322646340485 15.8802430446804 17.614974302563 17.0754496819696
TCGA-A8-A06Y 18.5730415536451 18.1224854767614 17.1968525513562 17.3025484804456 16.3189244310738 16.5235749004427 20.901043461734 15.7194186484767 17.4726996215809 16.5210786739159
TCGA-BH-A0H3 17.9452494269188 17.8596126796329 17.2283297933294 17.4352144729706 16.7133029057348 16.4825247869099 20.4524365582525 16.3141695746052 18.0371119268444 17.3965305337049
TCGA-AR-A2LJ 18.2532312886649 17.1664057742587 16.4884257334669 16.2592539961206 16.8245364372696 16.3745349574052 19.6358571939674 15.1637191756172 17.6085045530926 17.6033747652373
TCGA-A8-A06U 17.669667756485 17.4819256183528 17.3598853031831 16.7400918988886 16.5011195273399 15.2014613906373 21.0947855445756 15.5926662543387 17.8817859549759 17.2694855502972
TCGA-D8-A1X6 18.622114067571 16.4077920240268 17.1001141296873 17.5003996757403 17.882291842654 16.4121165432801 21.9488454764607 15.5857552690009 17.93786248305 16.8905925873357
TCGA-A7-A6VY 17.7923486028702 17.0047231502714 17.7036623100099 16.3279402498106 17.4882836229233 17.0076714275347 20.1590806512919 15.8020739707357 18.318985475219 17.2399858835222
TCGA-E2-A15O 21.187126373429 17.6538005458793 17.4209000591519 17.9794356233476 17.0246835589003 16.7194061182979 21.5131736552104 16.0638857087816 18.2116210097713 17.7249559559358
TCGA-A2-A0CY 17.7451274375942 16.5149532660891 17.2635361361624 16.7237484235009 16.9738897689692 16.8738599740528 20.0594391442712 15.1662246025587 17.5436923769475 17.274577856212
TCGA-OL-A6VO 18.6151400460946 18.5404294258462 18.7976851331608 15.905207912491 17.6417391683394 17.196241599745 20.7856073615762 15.778994071374 18.2753171983707 17.6033385768802
TCGA-A2-A0CL 17.3265391258481 17.093842964234 17.8904097934148 18.3203942561572 17.391969171049 16.8647485400729 20.0885122406141 16.1298762958344 18.3540042944977 16.9877760142863
TCGA-AR-A0TQ 17.9219455686713 17.6614102748104 17.8457565000874 17.224904531014 16.7963668656132 16.3644404212314 20.9559977415064 15.6281411711493 18.0348291299068 17.529101812153
TCGA-E2-A573 18.0176695234733 17.6921801716108 18.5574491541338 16.1623823226346 17.3583033931528 17.4949612101869 20.0715415334964 15.6982889968757 18.2200742917355 16.6991068704493
TCGA-A2-A0CW 18.820190817057 17.1824307335835 17.9623816729731 16.3658895077874 17.2207286734752 16.7810801644576 21.0746113762171 15.9829811101701 17.7751742673949 17.622904243135
TCGA-AC-A3EH 18.6261304752293 17.8810194059153 16.0224254352635 16.2825950322124 16.7645899195665 16.0375639144152 20.4768269012697 14.9978029177031 17.8353532088297 17.7255143052733
TCGA-A2-A3XX 17.3732636384307 16.9369181968675 17.7120364358609 16.4937862600136 18.6462200560629 16.3215033194377 20.3906523107902 15.3162021898768 18.2608586703906 17.0710314413258
TCGA-AO-A1KQ 18.959004888336 17.2641424121712 17.9335308835338 16.9434440972278 16.7339339223713 16.9773353302156 20.8295223220639 15.3328869897964 18.4918345232843 17.253225411205
TCGA-BH-A0HN 18.4015612994777 17.4987201791728 16.8411188449051 16.3728797558445 16.8561283202466 16.6629216490595 20.0294369120527 14.6386816704127 17.8521685692392 17.068298182045
TCGA-AR-A1AR 20.1961445189012 17.8412414625988 18.134880870816 18.2723337341378 17.4394804036614 17.1817898539129 20.3386148537237 16.911185572111 19.1076398753641 16.9710078313423
TCGA-AO-A0JD 18.9462300157286 18.5315501449992 18.57563863266 16.3416114395132 16.8258178399026 16.4021305999572 21.812717089428 16.0234496344763 17.6240878871147 18.156798525164
TCGA-A7-A0CG 18.0829303765557 18.2798889139831 16.9549336445906 17.8895448539938 16.9880200454102 16.1322561413882 20.6860851881424 16.0841880160406 18.0227433316256 17.5641644417518
TCGA-A2-A0T4 18.1342381528287 17.8743114950567 17.1648528835859 17.2190723534195 16.8114280630945 16.873659022321 20.2648664230796 15.7466088324782 17.9371954500773 17.5308152011639
TCGA-B6-A400 18.5817997914055 17.8605543919167 18.423980879612 16.1913547035234 18.5183183780669 16.3807745898416 20.4336889370282 15.9030700009081 18.1625138893452 17.6627166646789
TCGA-E2-A576 19.0458020720865 16.3069608925801 17.0978167183355 16.4824964830121 17.4491097595907 17.2480714327618 20.6598883130345 14.8094714138575 17.7736925072037 17.4412323328941
TCGA-BH-A0WA 18.8365786665543 16.8924438538776 17.7185089938572 16.3398380524555 18.8189973771463 16.1847843361125 20.3299667886818 16.4462301044656 18.0310033543002 17.610997719929
TCGA-A1-A0SN 17.8542589238101 17.0865391868438 17.0975955138289 16.9057040404722 17.2185404433262 16.2544442761372 21.3723147412278 15.6300437156924 17.477853105998 17.6903594415918
TCGA-A2-A0T3 20.0202392793228 16.7270725064223 17.0254871721305 18.4670364307464 17.287765307534 16.706880244292 20.3682598966935 15.9056795574976 18.0926183335482 17.781842300408
TCGA-BH-A0AZ 18.0221180481476 16.9326727692413 16.8587423895166 16.9167923128042 16.5671760479571 15.993942928484 20.655269000491 15.9622509535927 17.7645167580911 17.7111633157628
TCGA-A7-A4SE 17.4624437508626 17.4243680434604 17.718819601208 16.4982706986336 17.5560791544039 16.6157707187369 20.1785651647086 15.9036493357917 17.8869800218383 17.3614270391177
TCGA-AQ-A1H2 17.3771106499009 16.5158113089151 17.4673493340478 16.9645916398095 17.0273813997981 15.9879908017077 20.8612617545469 15.9133979246052 18.1143270084048 17.3907041046394
TCGA-A2-A1G6 17.6573620182508 17.8955088746953 17.2325934277239 17.7354942130407 17.3719903698416 16.5643066006656 20.2073697252082 16.3996095976238 17.7443006902824 17.5232375294765
TCGA-A7-A13H 17.7046805019855 17.1688349077429 16.8446018406838 16.7941954839561 16.9533639317369 16.1363393273332 20.0565756291948 15.0730895593919 17.8327841884429 17.6017236660915
TCGA-B6-A0IP 17.6789215737752 17.7288754449804 16.8098614134853 17.3480299507373 16.6602621244418 16.3067268314414 20.0139886323262 16.1681116849798 18.1420794482749 17.5265777140801
TCGA-A2-A0CZ 19.4612128802996 16.9377208475599 16.6631097024088 17.3350095201097 16.5232569507573 15.996513986384 19.6050440153206 15.8633224169708 17.5131309194154 17.6099302928066
TCGA-AR-A2LK 18.2790313686816 17.4062331559787 16.6858811078349 17.7272797135206 17.8924604777599 16.0398485872346 21.573689662498 15.7571236528862 17.4662945338681 17.1715870390941
TCGA-A8-A06R 18.8758611357312 16.9676795400229 17.6439346248163 16.4842981408116 16.1126924675219 18.2519947346313 20.6377551946659 16.410444122261 18.2210166244807 17.0110518954153
TCGA-AC-A3YJ 18.0369329237285 17.05325068178 16.7992815368056 16.50939877089 16.922784316241 16.9397996709672 20.1572632427365 15.0312226972196 17.8667000006426 17.2064095852638
TCGA-5T-A9QA 20.3505784426134 16.6549984520617 17.9631125328993 16.183181555338 16.5648100860607 16.5756273142514 20.6218210662999 15.4611940845385 18.2746359444617 17.8766204016021
TCGA-A2-A0CM 18.8471821113119 18.1904479248711 18.01789746931 16.6520801931341 17.7478322924455 16.3791944013592 20.2307000926478 15.9339053132948 18.6705563999472 17.3335142948458
TCGA-A2-A0D2 18.4227664360492 17.4247271885913 17.3125084115484 16.6476519532288 18.1346225252717 18.1500522444672 20.4694101925155 15.0528295575719 18.495237125881 18.0730141829851
TCGA-A2-A4RW 17.4814678763031 16.6568945285408 16.9980960261391 16.7635996921703 17.5852699556347 16.6766542872692 19.4597778044046 15.9677238965754 17.7167192336652 17.0381670497204
TCGA-A8-A095 17.9207670934307 17.6982950850312 16.971472390212 17.2629216961278 17.1562750989046 16.9695575811149 20.5139973985749 16.1570079669659 18.1177472270687 17.281718047189
TCGA-A8-A09R 18.189185598547 16.6890395588179 17.3659368941146 16.6563053516807 16.9486412920447 16.2132756297341 21.3022516584405 16.0449173287535 17.8051366783057 17.7206194399506
TCGA-A2-A1FX 18.4870434909632 16.9323917787404 17.373947097243 17.4113043813595 17.2970243674662 16.6872283015819 20.932053854606 15.5580045887958 17.7916908776324 17.1892306193005
TCGA-A2-A0T6 17.9094302958957 17.6347870889007 16.9998931353128 17.5373646147936 17.0533477835407 16.0716562532651 20.568771935194 16.0621936069762 17.6267634018525 17.2810308387316
TCGA-E2-A15F 20.948887570382 17.1524411459604 17.9448821019239 17.6631576194815 17.3451261066267 16.5048775233731 21.1756866537645 16.0551390588624 18.6984037423986 17.5064411576935
TCGA-A7-A3IZ 19.838093448943 16.6311289968306 16.4436870274951 17.5867969928461 17.0190483278718 16.6487693958508 20.2611458297079 15.1279775396618 18.3056140402439 17.6848666057804
TCGA-BH-A1EU 17.7918561326026 17.9660813045825 16.9610547486441 17.8382347821616 16.9848390348224 17.2513442145335 20.4765499678243 16.4279127691708 18.0626540259476 17.3145487279524
TCGA-AN-A04A 17.9388508218201 17.2605643257307 16.6124802204664 17.2379211929167 16.3706034453594 16.0563554321365 21.027199883899 15.9737422858706 18.0709550732797 18.3876497191342
TCGA-A7-A0CD 17.6737765902871 17.88301960255 16.7749143053585 17.5318182940977 17.0447410792311 15.9162854623105 20.2610708823286 15.6197293509854 17.2221719766863 17.0488206149518
TCGA-E2-A156 17.7565130709678 17.9609403734859 17.2970634226948 17.6868132206357 16.4526884822374 16.5149182453712 20.8590903517674 16.0421634938991 17.7937497951288 17.5491321452663
TCGA-A2-A0D4 18.8132491897719 16.9389026500759 18.0373425344689 16.9404256376361 17.0022790722759 15.9465216783549 21.2073361360636 16.0038856884532 18.4844034940751 16.9435470037774
TCGA-A2-A04R 18.3088726581539 17.7735837238367 17.1555501046087 17.3013765342675 17.1272723359144 16.7768946863254 20.3200486013223 15.9915618592785 18.2024231809773 17.5436966571056
TCGA-AO-A0J4 17.3017411084902 16.5794795119391 17.8649143240926 17.30971733754 17.3815492477618 16.5654645827513 20.340291350465 15.6941603959729 18.719884879108 17.6305080481862
TCGA-A7-A6VW 19.012518885776 17.9290224934044 19.0238989486407 14.9643070020243 18.0677726218196 18.119737996307 19.9913572262887 15.5098775550035 17.9156127638579 18.0513121529872
TCGA-E2-A14Z 17.8089332197592 17.2613304698171 17.3331504340341 17.0627008046238 17.4819099862644 16.0412350012735 20.6001131840968 15.8117609140875 18.4646884777087 17.257194702475
TCGA-A7-A5ZX 17.9590130200646 17.4366107682297 16.8603435129131 17.1757874518031 17.0965136403747 16.5499453094368 19.8800871560497 15.6937112105201 17.3413413412848 17.3106868647215
TCGA-3C-AALI 18.2660620968019 17.2851972118759 17.4097452904953 16.0486981766052 17.4763750385361 16.8062656865931 20.0722494877719 15.7004483131782 17.8095935496243 17.9609075653119
TCGA-AC-A2B8 17.5383357096725 17.2386823354307 17.1110546526764 17.5380497606687 17.5276343722175 16.5449287783231 20.2697484495244 16.1141966709485 17.7489080437039 17.397435454913
TCGA-A1-A0SB 17.3897568710113 17.9547388419164 17.0770430456042 17.5791666775837 18.0874265766412 16.4568416561631 20.2018419238295 15.9215362883517 17.977435000275 17.8139822167398
TCGA-E9-A229 18.0580874772118 17.0125236028512 17.9145414901935 17.1884532557395 17.2104663476523 16.3473882932277 20.2999230062095 16.3219491105409 18.020349149248 17.7284543594247
TCGA-D8-A1JC 20.5940046882154 16.9403892725464 18.0892048233864 17.6074481770981 17.4841965514415 16.4756552089858 21.252076426843 15.6542682762976 18.3781121033946 17.8041961636306
TCGA-A2-A0D1 19.740690648848 17.0969464436162 16.8231308490413 16.5527642989622 17.2603773915368 16.6870216519802 20.4922301879323 15.8858378270616 18.826091176577 17.9148201926425
TCGA-AC-A2QJ 18.1276221445441 15.9689015504647 15.7627968817668 15.5765382245161 17.255205673994 17.2179071289779 20.0116287115926 13.9657319762443 18.0459591928743 17.7865879356551
TCGA-A2-A0CK 18.0636389648343 17.4214450239673 16.8599320911741 16.9315706126867 17.3189810027745 16.5659346948704 19.6310923086272 15.9476914728983 17.8285531826578 17.5923590945564
TCGA-AQ-A7U7 17.741834824172 17.026372425864 17.7507320332551 17.1859365750076 17.4443832122702 16.692502572963 19.9562560133231 15.8245157071498 17.7947862752029 17.4242454494753
TCGA-D8-A1XU 17.6366924416097 17.0007522426534 17.092887204198 16.4661712552698 17.1552524522301 16.5728536268822 21.2900609739393 16.0902701191913 18.2386919158601 17.0097072694641
TCGA-D8-A1X8 17.1606602722271 17.2115653778084 17.4172503545835 17.3065904663814 16.7489346381067 16.349908863298 20.6794116177934 16.3768247891626 18.2062002270194 17.327493607894
TCGA-A2-A0SY 17.8341830617552 17.8141605188193 16.7836561157355 17.2545649592807 16.8937539316126 16.4352215370842 20.8447431807572 15.6243682536687 17.9390251486249 17.3696976674139
TCGA-BH-A42V 18.1134989783913 16.756771857063 17.1165292272793 16.9276174476481 17.0562307811931 16.3751359320314 20.2398206275544 15.6775150364728 17.7231796393481 17.3258022177243
TCGA-A8-A08R 18.2850030749083 16.9334674022418 18.4458022396035 16.9737038613441 18.2891988685199 16.8170941866438 20.2525161854997 15.8371270501096 18.4739233635622 17.0281139212365
TCGA-A1-A0SH 18.0494642383418 17.6713521159162 16.4790994860913 17.3042427737903 16.4606967262061 16.199831438449 19.6120310500861 15.7504384749646 17.6985528550875 17.3870049864025
TCGA-AC-A2QI 18.1216908411151 17.4671380173179 16.9004160886524 16.4207382178349 16.559670196368 16.3956185717743 20.1105961404785 15.8422076105222 17.5689409427838 17.5243929484698
TCGA-AC-A2FM 19.1893541091195 18.6706300266704 16.7227348377426 17.1621844866873 17.2533682281756 16.1493973373761 20.7296467050878 14.9989673907738 17.5084697257209 17.6768539208373
TCGA-AQ-A0Y5 17.6280158064435 17.3747506275819 17.5942720011563 16.9028344619785 17.1216838168501 16.2239104162875 21.6872644930146 15.6985288830067 17.3454044299949 17.4952511974433
TCGA-BH-A1EV 18.6617961171647 17.8567738489614 16.7333334138125 16.6736373393913 16.5299169724364 15.2045421401365 20.1639803422098 16.1126815752227 17.6272882780088 17.5782324156869
TCGA-AC-A2FK 17.1293777895875 17.6378561026277 16.7923598366073 18.0350194405188 17.278383500087 16.1836694955297 20.0513746415088 16.1365770179072 17.449030837869 17.2150432643223
TCGA-A8-A07B 18.4043505410827 17.6646054378716 16.8529957124586 16.7762341223966 17.4937209394057 16.8173094327509 21.1822476607924 15.9533213027107 17.5445755090562 16.7760502440646
TCGA-B6-A40B 18.37003876735 16.9582568085538 16.8542028740912 15.9689503459832 17.3479575044087 18.6263839338811 20.831949940554 14.6536097898808 17.5282671639246 17.6710586317571
TCGA-AC-A2FB 17.8897166809244 17.6109191107206 17.370784472464 18.0018308682331 16.7747974522613 16.1980440690142 20.3497223166632 15.9544863800781 17.7925549569284 17.3896980800146
TCGA-A2-A0CP 18.8043308366042 16.9105142836148 16.9676347193835 16.8486726973184 16.7266158346594 16.457978283224 20.4692456462014 15.5839995325198 17.8859586360288 17.2835361730958
TCGA-BH-A0BG 17.6087553819276 17.2593234099444 17.9291973744848 17.3825763152244 17.3694003030676 16.1587411803664 20.1897333807028 16.0836819927892 18.4302574831033 16.183556166886
TCGA-BH-A18K 17.3274843421341 16.4825110837415 17.5451948964635 16.6675496846452 16.8728284330036 16.9599686938758 20.7596257596161 15.7605467108135 17.626652173917 17.0835240103167
TCGA-A2-A0SX 17.5295894789051 17.0812504041979 17.5510978438078 17.0133418520859 17.3991133754906 16.4999186269665 19.8947109141778 16.4532257076496 18.544411452377 16.8524145185181
TCGA-A8-A07F 18.1291353713753 18.1433195219 16.6247992505389 17.6950596800318 16.9192755461656 16.868870226126 20.6425559155445 15.8061387780754 17.4893983837544 17.3481138763758
TCGA-BH-A1F2 18.2491103473958 17.1865596035244 17.8837578165094 17.307938862718 17.1136000266391 16.8586960464479 20.208093310186 16.6660220622615 18.4997454290976 17.4151364728157
TCGA-E2-A1BC 17.393400854431 17.0724632027626 17.1024695894197 17.3933408146988 16.9391200494214 15.8329908246978 20.6400151866571 16.2282644934009 17.8963526862378 17.5793923134721
TCGA-LL-A440 18.0978003082525 16.6129515111889 16.70006559867 16.7427778097271 17.4684738911537 16.5422381795689 19.7731733084425 15.5787095293596 17.4745243131015 17.143073990422
TCGA-BH-A0W7 18.6162098871122 17.8778029617321 17.3702211371285 16.9284902662567 17.3547110295568 16.0377876602543 20.9381598787511 15.442269164353 18.1346363582783 17.4420601281052
TCGA-A7-A3RF 17.5186423836316 17.1395510645572 16.4773706028159 16.7244857011205 16.7827130002281 16.0465363715395 20.6802787427566 14.8347296748682 18.0377439274673 17.3125819439972
TCGA-AN-A0FK 18.1897507484544 18.0122028721875 16.7026754098259 16.6939864111218 16.4995762159446 16.6783604420259 21.0123876958131 15.1724344238489 17.1442610903445 16.6849032763835
TCGA-AC-A2FE 18.399064650399 17.8413854771797 17.0388140093843 16.7389506485627 17.4010608102356 16.3007799411167 20.37855864156 15.6417944597452 17.7137482880476 17.3459347859877
TCGA-GM-A2DD 18.1940618734393 17.0048689120131 17.2004077874069 17.205510121499 16.9128605723745 16.7697786761168 20.4569744757233 15.6951259159626 17.6951306456482 17.1287662314005
TCGA-D8-A1XD 19.9062527164234 16.9748111462583 17.1914913023645 17.5332647284769 17.3043809966331 16.0867133169536 20.7240829697818 15.7394531057252 17.9056577751128 17.5980306226089
TCGA-AN-A0FZ 19.5511973946763 16.7171915969074 16.6400026775923 16.9761975863265 16.3519529321841 16.0948856209321 21.0472494575018 15.8695731544644 17.9756447480621 17.5236141442938
TCGA-A2-A04P 17.9932317447496 16.3046373888287 17.7035348918704 16.2185489599242 18.2376215493547 17.8059331832619 20.1196770739675 16.2309705983717 19.0667312574301 17.1391131035244
TCGA-AN-A0XT 18.3827609090788 17.0204928883709 16.5811084648569 17.0407183812314 17.4292581576061 16.8669378602521 20.5153405403322 16.3025235228413 17.8100658916359 17.6271930934798
TCGA-A8-A0A1 17.5888818543658 17.4834867320121 17.1463674698888 17.3279677907407 16.9057698300797 15.8891975563409 20.342910120877 16.0880272876015 17.7460200975605 16.7011720878424
TCGA-A8-A084 17.8989812538399 17.3887682801846 17.9306597819241 16.3452111711172 16.4946210453431 16.6676012485403 20.3912218591859 15.660680384206 18.2583142186482 16.9000442657586
TCGA-A8-A0AB 18.1829328977435 18.1077319230204 16.9512815593983 17.8401223466675 17.0108662513925 16.4552839765296 20.8250317975843 15.9584723487761 17.8908670765016 17.5773625544731
TCGA-AR-A1AM 17.9447956961662 16.9260480479826 17.0291278425992 16.7599695328553 17.2612043042089 16.3918825704859 20.1270369441628 15.4784507145949 17.5751244733566 17.5351531222518
TCGA-BH-A0B4 18.6607385181627 17.3516295963178 17.27144096729 16.8901135375035 16.1331471992507 17.5453441204702 20.1239472699933 15.757844473749 18.0353083981668 17.6548481300589
TCGA-A8-A09I 19.0065389775211 17.0358881029937 18.4184644368023 16.9161269167773 17.1514769202321 16.979001781682 21.2825002475092 15.8613688982472 18.1960008524126 17.8610840580575
TCGA-A7-A5ZW 18.3948276222583 17.8855614856394 17.1705822089968 17.3112256507065 16.6822001831357 16.640627752856 20.5378824020231 15.7726441792083 17.5967531749383 17.1955816434313
TCGA-E9-A1R4 17.4646883602437 17.3788954798786 17.3173146574898 16.4742511522358 17.2763056808787 15.8266749834936 20.8716686576656 15.6722261238702 18.1007292495446 16.9907599570343
TCGA-A8-A085 17.9531051786766 16.7344089606658 17.2377323660406 16.8673259494526 16.5086843076069 16.6296696324302 20.3010859099557 15.6976503552733 17.7670178699803 17.4157961703036
TCGA-B6-A0RN 17.9703900338673 17.9274223176625 16.7006550489338 17.3144823371896 16.2229711200949 16.3501008503767 20.3684242955002 16.1330131723885 18.2379959443945 17.5516695322691
TCGA-AC-A2FG 17.6305004595905 17.5487147337643 16.9545671883143 17.5414356579661 16.827345949612 16.6995014729839 20.6914322869698 15.7169989033914 17.7469674369873 17.375296193209
TCGA-A8-A06O 17.4302540602296 17.1093900509145 17.1488086330069 17.6209223802353 17.2985116559278 16.1834035035406 21.4176041518627 15.2297709184539 17.6554631503546 17.5128736671007
TCGA-BH-A0BZ 18.7133418660998 17.7380730048016 17.7842208356808 16.7865715340009 17.1978151412156 16.3553013792164 20.5726242233655 15.7620635273382 18.2390785093329 17.7261894694813
TCGA-AO-A0J9 17.7597604404771 17.2919516959108 16.776071528098 16.6810368608574 16.8727820019667 16.8106855575776 20.3188724962738 15.7046007998167 17.9629373270759 17.0310145605097
TCGA-D8-A27P 17.5458363182319 17.4113155564876 17.0497162291186 17.3651474334237 16.7421376230769 16.709126941143 20.5987448274996 15.9980792964397 17.9782686240466 17.3492822350385
TCGA-A8-A07J 17.868961314908 17.587134547067 16.6978881353642 17.0509069252665 16.4341963123101 16.643374120229 20.2614201309719 15.9535231735275 17.795706052478 17.4576848132678
TCGA-A8-A07I 18.3355316595985 16.8224086299817 17.8422000122073 16.8011265294392 17.3006092933233 15.7610617255641 20.7472582531013 16.2522530214227 18.0608951550463 17.942267717272
TCGA-A8-A08B 18.2249823026342 17.8407894215863 17.7459855669599 15.8480033676679 17.4783635347127 17.1105983860015 20.6100014068399 15.2367402417937 17.9723024854813 18.0191074981919
TCGA-E9-A247 19.7752196817914 18.3509962279185 18.0294203458782 17.7036069659563 17.7299518186771 17.8914535355517 21.1172062653745 15.8769634882577 18.3458773694976 16.8498400452827
TCGA-BH-A1FJ 17.7059665998888 17.7801253641212 17.4815130870761 17.4711322768412 16.7788464669077 16.7147382501425 20.4809628346982 16.0396723574953 18.0957964841133 17.4497817963648
TCGA-A7-A4SD 18.2628811998879 17.8181016908378 17.8026355398485 16.0617247772991 17.6691428948676 16.3459619004692 20.3524319917116 15.7832138631189 18.4365183697801 17.4409730693901
TCGA-A2-A0CU 18.4890658285815 17.2420420290984 16.9969946420914 17.8641800559075 16.6875326655871 17.572107031702 20.6931068839455 15.8409333167664 17.6689970321607 17.4803334707505
TCGA-BH-A0B8 18.2684937419205 16.9514265955902 17.3729841967473 16.8886724271028 17.3833282011074 16.7344206068259 21.139917153193 15.9632117363784 18.3783474274479 16.9474751228787
TCGA-AR-A2LR 16.6168993905697 16.9338334404211 17.1158267014413 16.6835264704927 18.3613390323256 16.7872239607094 20.8275364812005 15.9175596818593 18.3698607954784 18.154151752301
TCGA-BH-A0HI 18.0176383923876 17.6294130259394 16.6079071869522 16.8940436531064 15.9779083253392 16.0056305871578 20.5490069863177 15.8868400986469 17.8791294769842 17.0965238064285
TCGA-AN-A0FW 18.2008780786494 18.2842939568495 16.6526104059675 17.5395188129199 16.9640941155694 16.7044190209235 20.5137909962 15.7374111288799 18.0705798328374 18.3316755913414
TCGA-AC-A23C 18.009658843093 17.8387697152209 17.2610823628618 16.9407510997491 16.8776698028417 16.7803130493226 20.9385138424354 15.8827804699141 18.2197183607076 17.6382872030409
TCGA-B6-A0RI 17.8708430118748 17.3919184027065 16.9379515428243 16.3883530784974 17.3173267762269 18.6947955784957 20.4480747060747 15.771983183981 18.1187764214328 17.4253075974838
TCGA-E2-A152 18.1489635584638 17.3988719820733 15.9400051812111 17.3377620332046 17.1896766363206 16.3632916474231 20.8732176268452 15.3619240391477 17.8714396702962 16.8547975665912
TCGA-A2-A3XV 18.7635862741605 16.8577726437043 17.0858370193285 15.9213327556344 17.1376468123385 17.4341288949428 20.7428766559135 13.7569266149933 17.4712011100169 17.2933223237005
TCGA-B6-A0RO 18.417962487441 16.7774789742336 17.114065906413 17.7523967976491 16.2254920422562 16.201268471727 20.608912505799 15.5773855379667 18.055595274383 17.7564320086766
TCGA-A8-A06T 18.5760136306702 16.3124646709888 18.6129023006891 17.3207706157069 16.4249949027505 16.5716410960767 21.1792664863903 15.9952659202013 17.0350888642652 17.2230674116358
TCGA-AO-A0JB 17.8957019402091 16.9684938520342 17.6683745436043 16.5702147777665 16.2984576249588 16.8996822255077 20.140258299074 15.7986784874099 18.2393410340618 18.263383810266
TCGA-A2-A25D 19.544099823962 16.9186801730966 18.1759732877887 17.1104616521915 16.2146533373976 16.8263299525779 20.7965664982065 15.6538507640537 17.8493442246342 17.3365937208743
TCGA-A8-A07P 17.4420497255446 17.5600053299298 17.1679517614032 17.8453793035186 16.1891762801087 16.269864609182 21.2190754722963 15.426511028159 17.7029578687836 17.7054548143253
TCGA-A1-A0SK 19.8206479673135 17.5506494547744 17.7702496164993 16.9766620260931 18.1977068370469 16.7362374398943 20.0861728603903 16.7141901923635 18.2352795669695 18.0874755175627
TCGA-A7-A3J0 17.7075429467071 17.9298868755311 16.9659230765085 16.9950122874437 17.3889322391122 16.8468462935378 20.2018848288461 15.7144478712309 17.7165239449758 17.1402944698412
TCGA-A2-A04N 18.378335505555 16.8289046314124 16.9908409312734 17.1591985096921 16.4929966891829 16.3950815366945 20.7723174366878 15.7838814076152 17.5612994583039 16.9409695424037
TCGA-A1-A0SE 18.1263237644835 18.0163763070043 16.680133976785 17.4136617697964 16.6607252804424 16.3418978627503 20.4297481907875 15.8441322254932 18.0164433850244 17.763868504822
TCGA-A2-A3XW 18.1605730460644 16.4560452663858 16.6166641867573 16.2758361222557 17.2322775922799 16.7585454637497 19.8328012310582 14.6844150511029 17.9388602665873 17.9035777339224
TCGA-A2-A0CO 17.1501221918544 16.5519585193732 17.0169472965499 17.217067728733 17.218673363135 16.5246046329672 19.8767353989153 15.6500271554711 17.6463302279045 17.1532598320503
TCGA-BH-A8FY 17.9664821906039 17.1615461253808 16.7488653106126 16.4412490605772 17.6621617610053 17.1776948234673 20.8513531706956 15.1922906533282 18.2543353866482 17.0638871511602
TCGA-AC-A2FF 17.790805253734 17.8046583331784 16.8356965492819 17.7217228079442 17.0344339977677 16.2695873273 20.3924002900026 15.8945443279052 17.7517445273255 17.4807833724767
TCGA-3C-AALK 18.0197510987225 17.1190405324025 17.1193092213251 16.296521178559 16.6577636768218 16.5910126845677 20.3196588428798 15.1843527244002 17.7417640612901 17.4934479232042
TCGA-A7-A0CJ 18.8210771627121 17.2675876970682 18.2586301278139 16.9321076509706 17.4014828003783 16.543682645715 20.7324957670971 15.9798250477325 18.4106814441688 16.9995150417315
TCGA-A2-A0T5 18.353773054802 18.2609677648977 16.8959606267535 17.4054315135626 16.9050043116441 16.0533956033329 20.6573795626079 15.6382263324589 18.225527692147 17.3319120199519
TCGA-AR-A0TT 17.70314012329 16.6840104689182 17.1237580732037 17.4233687694977 17.1022241815276 16.2880309451409 20.4842582144685 16.0852164341514 18.3013973157282 17.1746003222762
TCGA-BH-A209 20.0153216712194 16.928864993262 18.9237850624338 17.2312991185983 17.3648615882218 16.877785655866 21.4390355081305 15.9686400168345 19.0732416012039 17.4702986981738
TCGA-AC-A8OR 17.9865856390874 17.0935972826129 17.0038743267065 17.039071239412 16.7847131626449 16.5994438781615 20.341164158657 15.4344064324498 17.6401862524716 17.5924073948845
TCGA-A2-A04U 18.9720518963797 20.1533511655214 18.5529214180222 17.0522896113345 15.9240816822546 17.8554313182104 21.0170630838773 17.5126970069706 20.0776951638386 17.9165695936031
TCGA-A2-A3KD 17.7583571328656 17.2968154259357 17.0837952486769 17.3078273283682 16.873634123633 16.1350789211877 20.3317396450114 15.7140221513891 17.6743062284824 17.5825341828351
TCGA-A2-A0ST 17.8125676446695 17.6337786167674 17.3363451482884 17.8592566147764 17.5356952437511 16.912088626147 20.1553789010694 15.9665855483173 18.0850337608132 17.1102350188075
TCGA-BH-A1FU 17.0228624255009 17.0070096989583 16.9320802288047 17.2041691067185 16.8597168804526 16.0777109066983 20.361235932004 16.1301747453516 18.2041754554625 17.5284332161302
TCGA-A7-A26H 18.350607707456 18.235392206999 17.0023961604597 17.3904041173134 16.781905250389 17.5961528732642 20.9147770325022 15.9187353969745 17.7907613647025 17.3863584303798
TCGA-AC-A2BK 18.5201938952487 18.4028242856377 18.8532765486402 15.9152142187106 17.6639988695289 16.9137620524884 19.8570209808206 17.3847922765243 18.5545717839095 17.0395111567576
TCGA-BH-A0B0 18.3155449476089 17.6381131155867 16.8823441332771 16.6244608513468 16.4430897477131 16.3002390215636 20.5871913153532 15.6541009695361 18.0839083914018 17.562680819462
TCGA-A7-A6VX 19.1650066946 16.8810052997284 16.4977034346147 16.3487617287453 17.6093421869395 16.3943806080084 20.5171644543037 15.4626998291204 17.8501932403968 17.3559132226645
TCGA-AO-A03L 18.3688521842512 17.8021117892754 17.665620763986 17.1297089657026 16.9311417596693 16.4878655782924 20.8423139613355 15.5671408083581 18.0847278106293 18.0066596929355
TCGA-A8-A07S 16.8378458173017 16.751534897026 17.4961585001955 16.9936584264502 16.8668351394652 19.5417933477609 20.8374740346282 15.9759355935115 18.2891794232459 17.5338782308776
TCGA-C8-A3M8 18.6774092860435 16.6090163359658 17.368776306421 16.4260225774588 16.476083016304 16.5782917173988 20.6752010822918 15.917701940511 17.9684048045784 17.8515365137533
TCGA-A7-A0DA 17.830795740918 17.555647404932 17.4609015281007 16.622583616891 17.7707227656488 16.5476246208878 19.3398759455761 15.7578168176525 17.5185037391 18.2293972156278
TCGA-A2-A3XU 17.7266387106088 17.5860097679281 17.4822063902737 16.0541475353212 18.8831865560853 16.9561515616659 21.4946253930098 14.9691032770281 18.3916043069899 16.7282202311929
TCGA-AN-A0FY 18.1659526969741 16.3423849089288 16.9384872264007 17.8905488101181 17.8758249860385 16.1789780692066 20.1398599040507 15.7234468610062 18.0669329310394 16.9159488231748
TCGA-4H-AAAK 17.9362477170136 16.5639508667411 16.9725277511656 17.1256042160191 16.8889551099744 16.382539356246 20.3551703969977 15.3744716905297 17.4673784533814 16.8150490275912
TCGA-A2-A0YM 19.8599029952181 17.5504021181981 17.7190024675616 16.5139577132967 18.4220442175788 16.1972726751909 19.8006210574676 16.0104914550489 19.1281410651649 17.1145765829951
TCGA-C8-A1HI 17.2111854413774 16.8957184286704 17.4321751436629 17.0628556939002 16.4502636139962 16.4800746960911 21.62453572281 15.9532674618927 17.6858141304387 17.769288322347
TCGA-AC-A3HN 17.81506028197 17.0316967873549 16.8792868294225 17.096988767976 17.1721899064537 16.2270070994971 20.3172225944952 15.7885614153875 17.644850548579 17.3392844314725
TCGA-E9-A54X 18.9251043421982 18.6627363509769 17.1522931256763 16.5626283216637 17.5567280644551 16.9711681391593 20.944394401847 15.5766918813363 18.009507379551 17.8804749573529
TCGA-BH-A0H7 19.1023486724715 15.9254320793822 16.7472451649671 17.5358365399651 16.6837676520536 16.1426412109137 21.3080794990775 15.5821624665066 18.5784048874852 17.2266195245176
TCGA-A2-A4S2 18.1124526142819 17.4793289358923 17.9698016603082 16.7172173919784 17.2455814908225 16.3845299529973 20.737011344959 15.3355959874369 17.5712274012278 17.0892995444627
TCGA-OL-A66L 18.2291068921705 16.4963131791017 16.6489992984505 15.8855476003982 16.8051986184211 17.4961232172948 19.9587716161989 14.5899133337182 17.2093386279332 17.5333147901178
TCGA-AC-A6IV 17.8245034209694 17.1386414347493 16.9199362501336 16.8153007037243 17.1506410649235 16.3336662849021 19.8038115393628 15.7263879454001 17.6398492214652 17.3880073092746
TCGA-D8-A1JH 17.7442832035242 17.821908465698 16.9452157282801 17.7320701049181 17.0589935221461 16.2719011775827 20.3486312113008 16.2755695255388 17.5841690646406 17.3735006043946
TCGA-E2-A1IF 17.7491496107002 16.5649423912503 16.5439577580264 16.4539636006793 16.7422432877658 16.8956604276063 20.0272648436917 15.5588118176499 18.0103941053078 16.8131692977497
TCGA-BH-A1F8 20.5851501180894 17.9316058224723 19.2317331802228 17.014381569431 16.9762216383803 17.2243161739822 21.8168514757278 16.5101545352491 18.875721485186 17.7217278698758
TCGA-B6-A0IE 19.0237250070904 17.6356069933243 17.3723219299939 16.4806694867142 16.5754824790226 17.0384107820861 20.0839054768906 15.6839980360861 18.0417775154227 17.7154021423956
TCGA-A8-A09K 17.0645455690181 16.5970471022406 17.4594452455906 17.4809765978542 17.1186684144714 16.5895432340698 20.6618310808024 15.8749692467487 18.3275669868309 17.6918166716903
TCGA-A8-A08S 17.4324169580003 16.7175689425257 17.5871152391468 17.4601449001038 17.0538572903672 15.803662595623 20.5237312512384 15.4784298837837 17.9055621521341 17.5755300530441
TCGA-A8-A08G 19.7377021366706 16.2793482318079 17.669850036802 17.1108029958388 17.3435767169437 16.3210233072915 21.4875993560472 15.5198000343548 18.1027775084927 18.0328095993972
TCGA-A2-A3XS 17.8830031386977 16.910854617137 17.8143952975969 16.5788560731787 17.8151219870408 16.4447700255087 19.2178896851063 15.7315879207092 17.9579418485672 18.0048839093375
TCGA-A2-A0CQ 18.1336073618594 17.3025367190685 17.2362735507017 16.4051441908388 16.4752650018815 19.4702648971706 20.3427267174549 15.9959111439975 18.3933265234483 16.8740502218816
TCGA-C8-A12Q 18.2030783582344 16.9053215434668 17.2300920681544 16.8191637950609 17.5024026957568 17.1578095921229 21.0701787174309 15.7532201693354 18.0051252225681 17.6787870501422
TCGA-A8-A07Z 17.6316562915422 17.1319142523031 16.6438292379931 16.7725734437483 17.3182112875128 16.4322318634766 21.1008583247583 15.1844864520141 17.8253811207291 16.9439538384823
TCGA-BH-A18U 18.4090437349739 17.6453639962735 18.0236123258835 17.1731028187024 17.6704044192076 16.8455099367217 21.3135553727814 15.9777557510707 18.2938322201928 17.0543237814496
TCGA-BH-A0C3 17.969197788201 17.5855107942719 17.3918974325424 17.4216136978966 17.2009513057192 16.3366093154977 20.5467091698611 15.7323157024973 17.9633843959045 17.3339284958178
TCGA-AC-A2BM 20.650909484242 18.2064792565575 17.6927500201909 18.0057518725138 17.5553037510409 16.7663484000956 21.3971888698145 15.378549557079 18.5743340494772 17.4533319858177
TCGA-EW-A1IY 17.7081258227303 18.5103845243775 18.0880735557568 17.8275754168145 16.9731182862616 17.6113052995334 20.8635592920051 16.7433852339276 18.9840886791105 17.1942553422134
TCGA-A8-A07G 17.9659815312312 16.8537675295713 16.6749307224141 17.9139956285392 17.1599486351299 15.9348754974382 20.9665615112192 15.9077751917129 17.496749142518 17.3300170488092
TCGA-A8-A09B 18.1892666952026 17.7059989414053 16.9789585517075 17.2559021680484 17.0620341211654 16.6401325928194 20.7896908674215 15.6406439771427 17.126955574642 16.9807729902739
TCGA-BH-A1ET 17.7577608316814 17.952745579388 17.1372568401852 17.623292560333 16.7881544873063 16.4341187448098 21.0111603825512 16.3609289645724 18.0271736894111 17.1313436723985
TCGA-A8-A08L 18.2426009597026 17.5074649481067 17.1538108385636 16.3061706019821 16.9686264256732 16.5758705971562 21.2235994980736 15.8522488424057 18.6248174614387 17.1691779751199
TCGA-AR-A24P 17.6173367909363 18.072664440092 17.2352608042698 17.8870293583569 17.0297192930236 16.3160583340426 20.6261379936931 16.1028911883119 18.2571623013731 17.446761293322
TCGA-AR-A2LH 17.7668305455311 17.108081129276 17.3690524951211 17.1900201608875 16.7967013107282 16.4087155999676 20.7975018668075 15.3188822835359 17.8458542378023 17.4835338139682
TCGA-A1-A0SP 18.0822769641894 18.2980412265571 18.0364019083113 16.4962707576472 17.9863969202037 16.6857106611319 20.2721205920975 15.9018400290979 18.9130519966811 16.9639326175746
TCGA-AO-A0JL 18.041677684854 16.9223301326338 17.0216049429356 16.5292245807405 17.9966068053783 17.1325260329284 20.2148874480665 15.6682396779138 18.1606437370516 17.363256172812
TCGA-AR-A2LE 16.7219017289801 16.780696981178 17.15694900983 17.0916939935556 17.2526219623664 17.0813473550168 20.7314902033164 16.4448083319891 17.8418733083765 17.169540876518
TCGA-E2-A1IU 17.9489660363816 17.5279165472472 16.9219211467021 17.4239608422572 16.7852903786131 16.2168354070093 20.8193741219727 15.6970524125215 17.8438758074733 17.0854036319858
TCGA-BH-A18H 17.2188546086778 16.4885576253874 17.1247310444295 17.7516874855095 17.1541444122567 16.1805415323608 20.9414653566307 15.6685329825131 18.3836701679559 16.893155063912
TCGA-BH-A18P 18.0673713575395 17.9816841927225 17.243053828335 17.3649851013089 16.7267616792149 16.5934371523618 20.527022318752 16.2070930080922 18.1746342808038 17.9540892870626
TCGA-BH-A0BP 18.1783817976654 17.1737592029706 17.7044031631418 17.8095882480358 17.2615622961836 16.6060320881942 20.1965886264302 16.0838812351408 17.6957617104283 17.8663168178722
TCGA-A8-A06Z 16.8397629076034 16.7873312890067 16.9968148046969 16.787346140179 17.2209059259646 16.2917997715932 22.0445689172951 15.3367757972751 17.5541952703845 16.4765816138989
TCGA-A8-A07L 21.30916027037 18.1353034784897 17.8573335179149 16.9160326935573 17.4169693111781 16.8572128989159 20.8507264273065 15.7522088176975 17.7491780637883 18.0068186532324
TCGA-B6-A0IH 17.9862790710601 17.8811384113843 16.7344772091797 17.5178548504333 16.9288481119994 16.5097381157146 20.0743241766003 15.7092182261295 18.0200765055709 17.0749449301696
TCGA-A8-A09D 17.8792456991328 17.6035806459003 17.2600258842062 17.8420760067417 17.242247308363 15.9112396496198 20.5689352808792 15.8583675364433 17.8089421681924 17.4454047712205
TCGA-GM-A2D9 18.4784958033316 16.5583285344193 16.9104316422323 16.6047175365661 16.4760007408258 16.6513884985127 19.9014479467775 15.6480818356847 18.2607662192722 17.3346142899546
TCGA-AO-A03V 17.3443502665918 17.0045413100903 17.8949373227057 17.8356335561497 17.0961110033688 16.7301881829472 21.2470778428372 16.1469188944038 17.624259373708 17.8645512140746
TCGA-A2-A0SU 18.1345362783935 18.0837009961271 16.6655422985373 17.6368920577904 16.0776875369271 16.0847561245304 20.9358087933206 16.0078489813483 17.7966709553263 17.8185490177932
TCGA-BH-A0BQ 17.8813763260214 17.5183204158372 17.0714229756001 17.2547827588794 16.4639764380165 16.373357508681 20.4392529533855 15.6287624977654 17.9618466926752 17.4936379907373
TCGA-A2-A1FW 16.4224194912436 16.5432727618847 17.4977317915575 18.1491820943305 17.4297659806981 15.7421856225522 21.0987912948054 15.7357464793288 17.9090209857473 17.6517543878809
TCGA-A2-A3XZ 18.4375704455387 16.6216089140293 17.5636244993156 16.4348705047028 17.8850739204365 17.0028263486084 20.6616169556833 15.7224318227831 18.3054643505937 17.7584926714087
TCGA-A2-A0EM 17.4943893612877 17.7154944239021 16.8782510888156 17.7743770603974 16.6170065315743 15.987795347281 20.206407058466 16.255723084114 17.9821012381021 17.3379880445783
TCGA-LL-A5YO 18.8821367898201 16.761149018881 16.7102169846139 16.7317699122898 17.2951844866158 17.1445951013286 20.161858143309 15.0500145279725 18.0022527740103 17.4001557688358
TCGA-A7-A0CH 17.7893359880305 17.4775796643132 16.7281735884375 17.5831590451506 16.2412177946922 16.784895354006 20.4698968886404 16.0295800871833 17.784975798192 17.1856635811074
TCGA-3C-AALJ 20.0887386017255 16.6937676349891 17.5398686303322 16.3938893528437 17.086060295168 16.8862993083706 20.5594314295451 15.7992991747715 17.9170668286483 17.5916300535947
TCGA-A2-A0ET 17.7974563994096 17.8857140254311 17.3309215028101 18.4379565203083 17.8442162330342 16.5752186742991 21.3256808540587 15.6316974930572 18.442119549452 17.0315292442709
TCGA-A8-A076 18.70012673439 16.9957479684744 17.2504026112903 17.2219333055804 17.0675284867306 16.4532457502313 20.4440349046295 15.6966504245326 17.8822966600156 17.3810797144207
TCGA-B6-A0IK 18.4963239426912 17.6507169674365 17.1866227371286 16.2833559475114 16.6671745690063 16.9366894818585 21.2053714627981 15.7028497044126 18.3997050132226 17.7569095606315
TCGA-BH-A0BL 17.8075080551572 18.2935437851456 17.2789693906703 17.1706784052314 17.7779148336914 16.8659799238234 19.9412012557604 16.361692940808 18.2404877360248 17.1925662490997
TCGA-A2-A0D3 18.3168471986733 18.4113600124035 17.5784589194756 17.9257128340347 16.8553353055147 16.4509873521222 20.8944816502966 15.8262003944068 18.1628920399005 17.5693489458846
TCGA-A2-A4S1 19.4154920471713 17.2681834230073 16.8474963470338 16.0560701355084 18.4397040172669 17.0216229716711 20.4547244275279 15.2171585645303 18.0788535174298 16.90877698492
TCGA-AC-A3TM 18.474668374651 16.7139214696414 16.5393781213196 16.0716683846522 16.6899605748569 17.1882293087858 19.4904043891878 14.6170367098041 17.729305663401 17.5908661431101
TCGA-AN-A0XP 17.9285731569349 17.6644790382189 17.7917436514354 16.8034822327769 16.5414248989709 16.8670132658424 20.6490634582566 15.5502481477963 17.4608439820289 17.6060303525644
TCGA-A7-A4SB 17.815403960019 17.3069743786421 17.3935710882561 17.4975604720621 17.7803194703076 17.0004922813078 20.0485935236455 15.601621663616 17.6733408395781 17.2394297234107
TCGA-BH-A28O 17.445637902163 17.1878210065755 16.85216218773 17.1737638444416 17.3839827015757 16.1965980438445 19.688466735123 15.6420810183041 17.4002275966131 17.3283850592175
TCGA-E9-A22B 20.5496842383842 17.3898939501292 17.8081699069948 16.8837228017926 16.6509627997558 15.9565015103085 21.9038401963881 15.9595943503021 18.2584019633234 17.1479869096108
TCGA-A8-A0A6 17.9360881117847 18.0751040977782 16.9858235574525 17.761949759213 16.9094051033021 16.7532844554036 20.4680105390026 16.0997619722368 17.9464119010874 17.2267049985643
TCGA-AR-A1AU 18.0721279750595 17.5797423778194 17.374718477437 17.0828737628235 16.7474829751041 16.1179276527581 20.7839104776877 15.6282034852883 17.9377049438622 17.5416449942983
TCGA-C8-A8HP 18.7403733733592 17.9856935298305 17.555170421114 16.0334471734869 17.3597279429802 16.8302855473215 20.2388866902546 15.6947218078887 18.6514162504995 17.2127076775885
TCGA-A8-A075 17.536456416575 17.0659182837836 17.5522656433611 17.2276126749362 16.3306909539685 15.9942494577731 20.4493096560085 15.7846496256379 18.0544704620115 17.6344977830528
TCGA-A2-A0D0 18.5393187366812 17.7581716184479 18.8827157912423 16.4441914441396 18.4832053515957 17.276669188731 21.1935880775239 16.0963691384635 18.4111654124256 18.2238381376171
TCGA-BH-A0DS 18.9506628195879 17.9646633901138 16.6076185869537 17.1905996712776 16.6780084805757 16.6347888706774 20.7533789203013 15.6521111476033 17.5396602723214 17.4443437302963
TCGA-A2-A04Y 17.3661179804925 16.8753649065513 17.481203405016 16.956960467784 17.2098572877939 16.6986027551201 20.7658345030507 15.5048187966036 18.5173860066 16.9983103000207
TCGA-A7-A26G 17.2558777498349 17.1365604690982 17.9485186153862 17.4414995519593 17.2869208530444 16.5433542708308 19.6868581649379 16.2776294298108 18.0271240096787 17.108874719952
TCGA-AC-A23H 16.9093031153635 16.2805303785418 17.3275299734346 17.0336781403676 16.5483914013912 16.617432066214 20.4876188335081 15.6469634573851 18.1598256773766 17.2045759684533
TCGA-AR-A5QQ 18.676389762716 16.9393668093981 17.3145493342141 16.062325340504 17.3425818626656 17.021427617815 20.4517925784507 15.2429165650773 18.1096997265884 17.4456464745836
TCGA-BH-A0E0 18.274559946553 18.290496633677 17.3569275022589 16.8712953421114 17.4220309389003 17.2452286543662 21.0470052439446 16.0209306081678 18.1317400204469 17.3995043107021
TCGA-E2-A1IN 18.7227759514119 16.9243790923615 16.7263143212876 17.0757244775697 17.2362152463524 16.3536350748879 21.249265054874 15.7719103971872 17.5314339267727 17.3084259561634
TCGA-E2-A1IO 17.1450990024783 16.9892371036663 16.6567136018979 18.102626854908 17.1984953293854 15.9591982695609 19.7168346017247 15.9986637558982 17.6850881519616 16.9184134636736
TCGA-BH-A0C1 17.9037439258736 17.9792631244624 17.4433628717922 17.6786311832945 16.9873711780581 16.7328916477605 20.9323187284554 16.2332078587088 18.0168155166196 17.2558606345768
TCGA-E2-A106 17.7325754122116 16.1412270537206 17.1151203968195 17.0574794488806 17.1527414024594 15.6104622190313 20.8822732016366 15.5042127276926 18.0545149006227 17.956564896043
TCGA-AR-A5QN 21.7547798251469 16.627965461295 18.0133084976294 16.5333344615841 16.8970181467579 16.7134691488847 20.4918564263062 15.9275826957191 17.7129259211096 17.5685383224567
TCGA-AR-A254 17.4898561430923 17.2237797995663 17.8552075282189 17.2679370873285 17.7961270842335 16.4467030358901 20.772802291666 16.114322902335 17.8972716100935 17.817910222242
TCGA-B6-A0RU 17.7109341168628 17.9817599359964 17.1494189347396 17.0466817247374 17.2107535315375 16.0234935926649 20.2795375962463 16.376640812145 18.1539145966822 17.3539850950683
TCGA-A2-A3XY 17.5756123485061 16.1373585451943 17.9005788586904 16.5105733299295 18.0911567614205 16.3563788205667 19.9286613817726 15.4568115016629 18.0037581911174 17.7690362435484
TCGA-BH-A0AV 17.6109240380952 17.6257069937542 17.4912462899924 17.0672594492311 18.2751738328352 16.0698073127678 20.0229334667635 17.3595984666888 18.1156173194981 18.8440474189941
TCGA-A1-A0SG 18.6738036880061 16.627037471388 16.8612628701972 17.2407218089149 16.3055974862619 15.9614880354154 20.8574862717215 15.2224339510177 17.8034615628046 17.241173718997
TCGA-AC-A5EH 17.8345272665472 16.6349076369593 17.5588395961241 16.276596620115 16.9587717805473 16.3178390136717 21.4005175902405 15.2044908213346 17.9832694674256 17.3166266046715
TCGA-C8-A138 17.8954841094269 16.9278956206763 17.1595926524671 16.4232154618002 16.5696206851419 16.8573941218877 20.5544617534401 15.2574254410315 18.4615089111778 17.1819855368937
TCGA-AR-A251 19.5989249449701 17.9306990847176 18.2293439410485 17.3561390624214 18.2162088697064 17.1322980348767 21.1623456318347 16.6219234748357 18.9155888253955 17.9211596323232
TCGA-A2-A0EX 19.9526719985396 17.1466535614105 16.7788849004367 17.716003556349 17.0300151644561 16.2057666779829 20.5336533875983 16.0490554704118 17.4096035953264 17.1982289837068
TCGA-AC-A62X 18.807494614263 19.1767061189799 18.60202460387 16.6355741253113 16.9903721738974 16.9257551513243 20.0081602203593 15.0881492355308 18.1974695706002 17.1233303138269
TCGA-GM-A2DI 17.735066165265 17.6201706831428 16.984789028261 18.5864068604852 16.9065925167369 15.841076027202 20.1707676586685 16.2790182147919 17.9734032840707 17.2713637704944
TCGA-D8-A1J9 17.3396172330039 16.6957461294131 17.408550606905 16.9858105188511 17.3799496740536 16.0552835552928 20.6108547695943 15.8693716475694 18.258166426134 17.5666238575703
TCGA-A2-A0EU 18.6254761653837 16.4504131181733 17.3989372909517 17.4038172068901 16.8506499595209 16.3115702978138 21.0028867619977 15.8330517329398 17.7481103687049 16.8531986569859
TCGA-BH-AB28 17.7312578478488 16.4767310367087 17.2175207264709 17.3250561701049 17.3249394719443 16.6028385247849 20.3530763925567 15.3826558600091 17.7718650277744 17.4191834803779
TCGA-AN-A0AS 17.0498574243158 16.7356897615585 16.0196738305411 17.0431274410158 17.683064462455 15.9014546349158 20.326535033301 15.5267624669255 17.3709132996442 17.2749504944206
TCGA-A1-A0SI 17.5711705635567 16.7287472278481 16.952022615806 16.5121976424757 16.8365191307441 16.5401742754224 19.7784021999783 15.7223206019395 18.0717642755039 16.8196813230936
TCGA-BH-A0B9 18.6354357897379 18.7545351985322 17.8843885430949 16.5089217957714 17.3904067676597 17.060642480674 20.9136929905049 16.3963976633284 18.8898455770231 17.5959392711861
TCGA-A7-A5ZV 19.9200417835295 16.2762212253308 16.9243684669616 16.1696011569041 18.6207282475625 16.8450799360936 20.6162062716382 16.3183016584307 17.8215960395907 17.7873819392091
TCGA-BH-A0HP 17.7825780753335 17.8605273295076 16.8399506304116 17.9175423921753 17.1400351471256 16.2447539725371 20.2376046850479 16.1616612910535 18.0492525745289 16.7952820981207
TCGA-B6-A408 19.7017956402926 15.9070743029983 17.5958745398145 16.870827828577 17.4764180608976 16.5704404428428 20.4707470156251 15.4459183439027 18.0016871913646 17.3340856117288
TCGA-A7-A3IY 18.4168364140728 17.6297242370242 16.9889694938821 16.7856423680069 16.8349300813274 17.0666911636745 20.3770329248752 15.4128136189038 17.779723067233 17.5043786717582
TCGA-E2-A570 18.2472340548346 17.3836066988362 17.2206022590642 16.5212593386833 16.7853335835542 17.7217908730117 20.0795460927924 15.2726856138033 17.8430089320515 17.1006855537221
TCGA-A1-A0SD 17.989254575746 17.6649279002432 17.2679321664628 17.3025900444276 16.8742602014986 16.3391430625875 20.5752499799364 15.8142859688946 18.0020393701144 17.5823816405747
TCGA-S3-AA14 17.6986021664133 16.3415917405262 17.260779353849 17.1869494507054 17.3412269809722 16.3823853937815 20.3293630469651 15.7925476363485 16.9742063621713 17.4262191411846
TCGA-A2-A4RX 18.0258868377129 17.8620483788719 16.8343085638977 16.8123906792658 18.235822882595 15.8005525013563 20.4573851921585 15.7677920025274 17.8310853634215 17.2738545670764
TCGA-Z7-A8R6 17.4519795330471 16.582673462593 16.9279951706905 15.9440359650102 17.436415250301 16.6560661544289 20.7443369468161 15.4851303622601 18.1383463301185 17.6470949059935
TCGA-A2-A0EW 18.7239790962655 17.0014709132947 16.9496531242345 17.7557758360331 17.0568627976144 16.3500947633941 20.0714740482548 16.2757268368053 17.5322277488486 17.3536959329133
TCGA-C8-A12W 19.1325882086005 16.8141513743331 17.3836662374062 17.2507001634989 16.13688905195 15.8825736540304 20.9896386043047 15.367828968201 17.683498041575 17.8403005517847
TCGA-A2-A0CV 18.3030957486157 17.9237056113536 16.5522746482932 16.9556110805256 16.9433561370715 16.9417933929518 20.2555225065942 15.4451409885012 17.6598738613453 17.9756500937196
TCGA-A8-A09E 18.2760950869898 17.6971048633756 17.851720960956 16.6041993534115 16.8900141003578 16.6064635244949 21.1343275736193 15.1086390959839 17.5424412748291 17.4591298560147
TCGA-AR-A24N 17.7843491255543 17.5571664939223 17.7027649462048 17.8603225307904 17.3452793161265 16.3594214296647 20.9303522056085 15.6472729799354 18.0584594758351 17.1934780838206
TCGA-BH-A0HA 18.4486058694714 17.6910174706154 17.188919537346 16.8085436784517 16.1189049651692 16.7859421756474 20.2199554843521 15.7430994755189 18.0439173123266 17.4642894276348
TCGA-A2-A0YC 17.7265565375908 17.7361142554973 17.806150492221 17.3754266380037 16.540885706396 17.0692420653988 20.7056658891458 15.8047042872405 17.8237150451817 17.4459864770322
TCGA-OL-A5RZ 18.6615035759083 16.899711161298 17.3972844652014 16.9834617017811 17.599248372098 17.552409588578 20.578223227135 15.1770779627601 18.5395061740952 17.8866287274582
TCGA-A2-A0CR 18.2604792500665 16.8574814749258 16.3146363410239 16.8880795593496 16.6539827591291 17.2992202276612 19.520208628856 14.8683798448632 17.839971798678 17.5286776161681
TCGA-OL-A5RX 17.9271225296054 17.4766356529117 17.1417810040876 16.8750888944766 16.9778953158832 16.7946783681343 20.2763355160258 15.1923422530372 17.8694978280306 17.2476311898257
TCGA-AC-A3TN 17.3819119755932 16.0050659425559 16.5794466006839 15.9611305723939 16.3752494905617 16.5721374435099 19.7648032036311 14.8836722955769 17.7058902805769 17.5430569985526
TCGA-AQ-A04H 17.465850152616 18.0084063795937 17.1018722434464 17.364572708028 17.645737258438 16.2377384767175 20.7185909801476 15.7218381763987 18.5222266807257 17.4137690205208
TCGA-AC-A6IX 18.4466906548288 17.563210099962 17.3064848963827 16.8336235267267 17.0991257157873 16.6619762776608 20.6166002002616 15.8088881241187 17.8002934851172 17.7707080773371
TCGA-AR-A0U2 17.7354599324952 17.7790128265164 18.5593404374193 18.0234799159057 17.9119925841422 16.0620333834311 22.000688660324 16.6768895961426 18.9211176861848 18.1020929366289
TCGA-AC-A3W6 18.0889834189482 17.0917132673291 16.5313549625542 16.38853151451 17.3453639775538 17.047115802727 19.7190351564735 15.4759371921632 17.9693217322949 17.5149414033261
TCGA-A2-A0ES 19.6065513620373 17.5723439166606 17.2558436275499 17.8414234265561 16.9451595199955 16.2027460751237 20.201596936004 16.2266840849908 17.5336337008497 17.2373735982752
TCGA-AO-A03U 17.7916907951332 17.4826247594663 16.6273975765243 17.3869221278019 16.1492384645372 16.1465512718223 20.0103583233222 16.0962634391555 17.4796017487801 16.7143211295699
TCGA-AN-A0AL 18.7144475809117 17.7730340211166 17.3127339252955 16.7651264073679 16.9939463894906 16.6871203320747 20.3550919449387 15.5585805029977 19.502490352536 17.5277652678926
TCGA-AR-A1AP 17.2960269866507 16.7968169103779 17.2290232471539 17.0791511537859 16.8991429220364 16.5739848158355 21.378059198325 15.5488900067856 18.2094712311115 17.4105332776816
TCGA-AC-A4ZE 17.771399764905 17.3374264246159 17.2873205413685 17.1878823315032 17.233932483194 16.7392113804774 20.1434547809724 15.7772013823128 17.9636818284194 17.7132243456235
TCGA-E2-A15C 18.4939665473555 16.8419280059519 17.0153247863697 17.7458333697704 16.9094037319986 16.3870825286854 20.8345739913581 15.7926593985747 17.9101894029813 17.3015807351619
TCGA-B6-A1KI 17.9044345761354 17.5501674891238 16.6073204960363 16.9464916745296 16.5991105963325 16.2951023464848 20.9569355842879 15.6143660513463 17.3205688247357 16.8423299775664
TCGA-AR-A24T 18.0981118045755 18.0060610674311 17.1272949092564 17.5743202091408 16.9406261665045 16.6968597393359 20.449731072746 16.1579342848701 17.8267298956057 17.580281822981
TCGA-AN-A0XR 18.1368060928407 17.6134478130609 17.5553821857036 16.3560789017491 16.9465030632355 18.1840527161494 20.7403076133994 15.6445191357244 18.2438111616812 17.480474808081
TCGA-AC-A62Y 18.0639965785948 17.4848862955422 17.3717232383177 16.1968853245365 16.4114443375283 16.7784785909375 19.8413971787657 15.8477980447149 17.8865611660972 17.0997646298703
TCGA-A2-A1FV 19.964707227672 18.1595991896707 18.0356391610864 18.1550873431692 17.2949284154809 17.9596636165322 20.7080357758122 16.1372523458511 17.9594082591085 17.3079671811396
TCGA-B6-A0RT 18.2377896731498 18.2806800669162 17.3040848316097 17.9938469725921 18.1560590163517 16.9781333398902 20.1650110554144 15.9805267818623 18.2891949685346 17.3211305309186
TCGA-AN-A0FN 18.11735025455 17.4021248024931 16.7507342636733 17.3699389270172 16.6821844122088 16.8112755185406 19.978578593689 16.0708089492581 17.7042510466976 16.9417367725424
TCGA-A2-A25C 18.1999579465964 17.9601294440712 17.9718765494796 17.0375161171093 16.9051820822031 16.7517055491535 20.5293653297341 16.3592152311216 18.1706853656916 18.3022936374112
TCGA-BH-A1FG 19.9451963718741 17.288165868443 17.6231642043346 17.2363582348567 16.0742520731583 16.4661664670856 21.2597309842102 16.0429384460512 17.863259662918 17.3813313266251
TCGA-BH-A18M 17.5852911292127 17.6153656337366 17.4650932307463 17.1969125702303 17.122214198707 16.354072479157 20.9598772298257 15.9753360925066 17.8421646048772 17.2606741508479
TCGA-AR-A24M 17.8125685020404 17.8429905393099 16.8273758958625 17.5899405626448 16.3423780684921 17.0857142733057 20.0883927089019 16.5829951577802 17.7837790205023 17.2255834866883
TCGA-A2-A04T 18.4900784959052 17.3479519519595 17.8315496152804 17.8014978363865 18.2717871440629 16.388278856338 20.4567670430861 16.0526924351314 18.5628393137444 18.1338613841985
TCGA-D8-A1XM 17.8490733180259 17.0013018308701 17.3684835770092 17.2483491721705 16.8852114175714 15.6903471467449 20.2885628230547 15.6393519640238 17.9414834273404 17.6612501100855
TCGA-A2-A0YI 17.6953919634291 17.6597695249564 16.9685043175592 17.6271937715489 16.8305876460051 16.5348939732732 20.1232962111293 16.303630018996 17.7904147994146 17.3592152821982
TCGA-BH-A0HY 19.1937882615207 16.9848638672493 17.0824410107284 16.2687217061206 17.3216313238422 16.5887007217622 20.5026031186275 16.0525245532304 18.0545231181952 17.2222734339747
TCGA-A2-A04X 18.5045936905942 16.585145087917 17.6069396758447 16.6148933996971 16.6709327175374 15.9297628907783 20.453913340145 15.5234338498492 18.1407521087826 17.3522441732396
TCGA-A8-A0A9 18.3374801406676 17.7567615365163 17.1913090744877 17.2941284068496 17.2826830622881 15.6081113702909 20.8283780104496 15.832590885169 17.7297886416298 17.5898126919524
TCGA-AN-A0XN 19.4731271381426 17.582353520705 17.4712014782092 16.8127269519841 17.8929615150247 16.4743293229929 20.4431890925268 16.1976277529016 18.3601021722797 16.92195055906
TCGA-D8-A1JF 19.8521828367409 18.9386401737149 17.6844389242051 16.859693908064 17.646313254311 16.986366816686 20.8584684122051 15.6631396231619 17.5773635913762 16.5896864621729
TCGA-GM-A2DK 18.2374372803328 17.6571967909652 16.716314863409 16.5870494895505 16.6747245523602 16.4668725423234 20.2000309404447 15.4481185142022 18.0390637340798 19.0352254217697
TCGA-GM-A2DH 17.7903703802143 16.7490230803767 17.4380204871524 17.5379628753357 17.6273109927086 16.6784505472385 19.9197795995192 15.7001247915649 19.1553349957588 17.3959902993612
TCGA-BH-A0BO 17.7288862605296 17.3090525444895 17.3661905818464 16.9996642932416 17.4869945209127 16.0516340889412 20.6181062549855 16.1154524281654 17.8596388860885 17.1213558607948
TCGA-B6-A0WX 18.9517975490909 17.0456518145539 17.356044886532 16.493199342393 17.3119626543119 16.8281125971342 20.0003911642398 16.2299078958477 18.2111425247194 16.9256441704777
TCGA-A1-A0SF 18.3973371997389 17.6147450877634 16.8376047346038 17.2172203546337 16.2731323852024 16.4210352631614 20.2370083892548 15.5651639701944 17.7731769574459 17.0808456258563
TCGA-A2-A0CT 19.3187748320069 19.0539016021754 17.11603101441 17.8236165684857 16.4185484865999 15.5304159331931 20.8147754352484 15.8120845564367 17.659244722848 16.6863880850958
TCGA-A2-A04Q 17.9758364401898 17.303602724407 17.440662529319 17.9620550915005 17.273499525399 16.5541589413601 20.0598177654807 15.7176754566789 18.4239958318214 16.8431632857716
TCGA-C8-A3M7 18.3215919497612 17.6385511758281 16.9141531249385 17.7862151989077 16.887956991749 17.2333771585802 20.307306084426 15.9480874830895 17.5025272860732 17.1580592638396
TCGA-AO-A0JG 16.9330608814984 17.1258897969057 17.0357862414923 17.7124968206989 16.9008522669261 16.1653347102427 20.7090202299935 16.6974903289674 17.9400793177756 17.409805782371
TCGA-BH-A0BC 17.9898216337043 17.6985914080853 16.8150657188152 17.167056599536 16.3362075720276 16.9592534775446 20.4870815477385 15.6074713851593 17.8166621315441 17.2179738345746
TCGA-B6-A0IQ 17.8669567565461 17.7510272349364 17.8909370286144 16.7592599982159 18.3547398245436 16.9948443879525 20.6133142417975 16.4153344034138 19.0464971612407 17.8492508154503
TCGA-A2-A0EN 18.1683960518326 17.4901907443002 16.7044110995456 17.3024732934625 17.3166001353352 16.3015912979335 20.5102685106108 16.1701074215067 17.5922305339379 16.7078379574202
TCGA-AC-A2FO 17.4425712040844 17.0877060223162 16.9457371971868 17.456066773539 16.8992706658521 16.2943745805733 20.4156977436077 15.8046702287693 17.5840343307701 17.1496441134757
TCGA-BH-A0B5 17.8686386095691 17.4693503794628 17.3931519963063 17.0693498931507 17.4347287209513 17.0157896080443 20.3543133959629 15.9929481753562 18.1037949584919 17.4446527878997
TCGA-5L-AAT0 17.9954502667362 17.306133448884 16.592949331928 16.6343327601517 16.9067321810624 16.6215247246923 19.740666255847 15.5793440707194 17.6636867673498 17.5739958173168
TCGA-A7-A4SC 17.9883221247239 17.2687342215643 17.0817452513462 16.6699237584008 17.2884624910677 16.4067944052616 20.1485231988438 15.7254321973039 17.7292692432343 17.6478920668503
TCGA-AC-A3BB 18.0876645530257 17.1902628117586 16.7806318916224 16.6932348820053 16.7211618514875 16.4410828841657 19.9475768234977 15.5957683507245 17.6504156001066 17.3842423683849
TCGA-AR-A1AY 18.0457431771146 18.7892885082137 18.2572604317221 16.2342101927045 18.6981410877523 16.6425047703108 20.2655192897201 15.9205480611614 18.3072053653842 17.1296779676291
TCGA-A8-A06Q 18.5356183057553 17.290811645997 18.1049369998279 17.5258500466948 17.1400084730614 16.797289027314 22.268727368951 16.0612722035023 17.7906771437665 17.9234741088569
TCGA-A2-A0T0 18.6096101237416 17.4810877594658 18.8062796378594 16.467503848745 17.4931644912706 17.2482315490906 21.296192063728 16.7883913722897 18.2440631998975 17.0115940918225
TCGA-A7-A4SA 17.3451709613989 16.8792568037669 17.2540894113564 17.0075312341097 17.1289355140219 16.3316100225756 20.1443280441464 15.818745586646 17.8419192115598 17.7009285108374
TCGA-A2-A3KC 17.6172617658437 17.3132108130173 17.0900375626856 17.1183143460489 16.9013713806453 16.5051118333786 19.9371012287625 15.8087488390373 17.5459430724049 17.3662973564713
TCGA-BH-A0H0 17.0737906173118 16.9431996863339 17.7505487180898 17.6449819641449 17.1829987233514 16.4338921275131 21.0867993996431 16.2300546530648 18.1253738864643 16.6406094556763
TCGA-A8-A07O 20.790531817358 17.5006613536515 18.3962493948998 17.0076789539415 18.1796317688448 16.0326317361656 21.6139283742571 15.9623716019572 19.3953589179648 16.8927213736403
TCGA-A2-A25A 17.758285979524 17.6110450774321 16.9109729799213 17.7435968742939 17.1155855709945 16.7492004328522 19.988691826721 16.1647473149363 17.9218467383736 17.3709968108397
TCGA-LL-A441 18.102833173236 17.0435739444565 16.9514604776607 16.763952273895 18.2271845686678 17.540280888389 19.4841244302483 15.4312858822461 18.2881817181993 17.4004312650026
TCGA-A2-A0YT 17.6758806510103 17.6234589368627 17.9198271740866 17.8841172102257 17.4771652755194 15.820659681178 21.8946762961112 15.4877808184061 18.0861956748536 17.942896694089
TCGA-E2-A14U 17.9718870443787 17.0666106068539 16.9787444272199 17.0151532165144 17.1557043382952 16.1203732703851 20.0973613573884 15.4822515050552 17.5463774938029 17.4153020739909
TCGA-A8-A083 17.9042214001613 17.607664878655 17.2537021357037 16.9213764439825 16.8472267492436 15.7772833739915 21.3126314943483 15.8856177413525 18.2038781648334 17.0302867849748
