X8823 X2253 X2247 X2252 X80310 X8503 X5154 X5155 X207 X369
TCGA-BH-A0HW 8.59374407326902 7.84847445582232 11.8864055910653 10.645835016372 16.0896366601176 15.8308541278585 15.8730010441 20.0838928703009 18.4167874344729 18.331240019648
TCGA-BH-A18S 9.32483798067032 3 19.988728916443 14.5042713800932 18.887375107081 16.2760020529295 15.9721521579235 17.7858311546198 18.1862390560455 18.6463032225399
TCGA-D8-A27E 10.1249580521655 7.81573156675942 18.4305609007611 14.2491281743146 16.6032999753586 16.9767240317885 16.2715779717999 17.3654876380546 18.5321073220957 18.6679147148628
TCGA-E2-A1IH 15.7333988608696 3 15.1289137340186 16.2629305560199 17.8528686578203 17.9096075515413 16.6803444331749 18.138964206621 17.3602928694928 18.7109053641984
TCGA-A8-A091 10.8854205018966 3 13.1921938005879 13.4154446083606 16.6135013310786 15.2118354678718 16.7160316493222 20.1624191244623 19.3178210873771 18.0722485195471
TCGA-A2-A04W 12.2933922852138 3 12.5771543229141 15.1651312617743 15.288532432121 18.9201465665699 16.4612103376547 18.1398317305305 19.5896859301675 18.9061160302836
TCGA-D8-A1X5 10.1571994580143 3 12.433317804552 14.6935066327776 17.669236656154 16.1835519711617 16.2466644922092 17.0967602707767 19.0189462649585 19.4853199520721
TCGA-BH-A5J0 13.9461133596158 3 13.5744559281355 15.2043853434049 16.7919980589572 18.1206605555517 16.4705824525854 18.4815393606005 19.0236391298485 19.5904687249062
TCGA-A2-A1G1 7.49650065650349 7.72085214031306 12.7525986064819 14.5329510879324 15.7101816612438 19.1266812649443 16.242391147592 17.7660915687337 17.1106440614316 18.6617080955551
TCGA-A8-A097 11.7991976676671 7.62995085948226 13.4596651017157 15.1269566546945 16.906513456466 16.4665599907942 16.7250263090982 18.7314530139285 17.4784527432378 18.9314429462857
TCGA-C8-A130 11.0641914720799 9.14337248822027 13.012380034779 13.9540029985247 16.5478558561414 17.3047774983855 16.7601010048874 18.4476019312204 18.7746904024251 18.8807505783202
TCGA-A8-A0AD 15.15075160293 3 13.389879428016 13.7970507074832 16.2127102297981 18.4944693814345 15.7767490275024 17.9723569984787 18.4882995219545 18.4753880609603
TCGA-A2-A0YL 12.7434208376443 3 15.6542897494858 15.4003578660453 18.0750606468338 18.2985765182075 17.1594101969269 17.772875965803 18.0181170059042 18.6083057196699
TCGA-A8-A09G 3 3 13.250339216307 14.4181173191927 16.6853495563714 18.1869477228992 15.2657772360087 17.8097518709602 19.6438168403384 19.0197368177958
TCGA-A2-A25E 8.63435361239757 7.88851126462642 13.4386623545965 15.298525339888 17.7007253816238 16.9523170916353 16.2428354045154 18.8006318000626 17.1616170311389 18.202339673516
TCGA-LL-A73Y 12.2884071394037 3 18.6110781921136 18.0791270322042 17.674103408633 15.8155023179107 17.3279457848076 19.5134804895979 17.7983356389775 18.1893406652554
TCGA-AR-A1AK 9.91801504305697 3 15.5793225953724 15.762659358803 17.6317304610336 16.8977320278779 16.4760358515997 18.0085995149941 17.8797688545459 18.856323710693
TCGA-LL-A740 10.6124040478496 8.29132048707614 12.4273356641578 14.8153993158743 17.005071086696 17.9359030307546 17.3230310765196 18.6347521760891 18.9771189358539 18.6794731198981
TCGA-A7-A425 12.4114015083611 10.6504309169377 15.0536898068904 14.6949909084487 16.1836766628069 17.2821791463227 16.3420877675697 18.1724404706472 18.9202761873885 19.1286394184036
TCGA-AN-A0XO 12.4248245608515 7.80243440155259 12.3750705675448 14.9936290413152 17.1994180316847 18.6805400990956 16.7481416212631 17.9008774671938 19.2170342049203 18.759800928779
TCGA-AC-A3W7 12.2538281526616 7.78387113385947 14.4816929997106 14.3704108057857 17.0694889159228 17.6553510052166 16.8635157903711 17.9189966308667 19.3527273644559 19.2778896451879
TCGA-BH-A0H5 9.47608952655981 3 15.0098517120757 15.3364078547957 16.7724715037753 18.0713140081785 15.8084800782531 17.4335980057387 18.1341421608442 18.9177154323129
TCGA-C8-A1HL 10.9988163524618 8.67075621489069 13.8141927100315 14.740514096925 17.1133452573653 18.0463770265701 17.6076738622403 18.7382319122991 18.9895996922305 18.7362977275138
TCGA-A2-A0YF 10.2362188312497 8.68160053427282 13.3712826520105 13.6651337326612 16.7811152461209 16.8894284879694 15.7214791950331 18.0698587297607 18.0185261957053 18.9791453839167
TCGA-E2-A15J 12.9957923735342 3 11.1493410770767 13.0422351132601 15.8593713591385 18.1480861108403 15.9324371935282 17.5404985646571 18.5312275084215 18.8179916071712
TCGA-BH-A0BW 10.3703990271831 3 17.735109483243 12.6487264574101 17.86728923201 17.3229257035192 16.4902177334695 17.7160887833753 17.329316385854 18.3401501054929
TCGA-A1-A0SJ 10.2035090348691 3 15.8186226512217 15.2368627054418 17.5921739229065 16.9069696267214 16.806482235425 18.6550398220397 18.5311892274098 18.2268521225554
TCGA-A2-A0EY 12.3325579722855 3 13.2937134735027 14.9746180790667 15.2114299727398 16.9441919508511 14.8025971198061 17.7442180194982 19.2309569015164 19.3579082384159
TCGA-A8-A07R 9.93152754065144 8.85679469180239 16.9710480621781 13.9303611062304 14.8460913618902 16.9366279223237 15.2810493409471 17.8416726280216 18.0658274149146 19.193082477587
TCGA-BH-A18G 11.3700719309095 3 14.7264068569745 14.2283692825638 15.4873912935789 16.7711849824727 17.2013701094684 17.7532762132952 18.5717770303022 18.0158150151057
TCGA-BH-A0BR 14.2020580224695 3 13.4485163518738 15.652491651383 16.4488503053329 19.0014146822174 16.6043943350741 18.0213078367865 19.7099842218528 18.6532548596773
TCGA-A8-A06N 3 7.43957404708683 10.9385841079683 8.33136008190792 15.0482498897232 16.3238364013209 14.3655310696567 18.7902993430601 18.0875463279419 19.3968427616226
TCGA-AO-A03M 8.46127672857128 3 14.1886775656569 14.0993988764406 16.1413738123561 17.4533482123208 16.8720431232377 19.349839911488 19.4720719041049 18.6070964920907
TCGA-A8-A09X 12.2015708758438 3 12.1837460257375 15.0199497519354 16.6072583561773 17.3103732544935 16.4022373867429 17.5505486749649 19.5280231809819 18.7668144998564
TCGA-E2-A1LS 8.37395406327461 3 15.0495161296877 13.0419463570395 17.4175344580809 16.1513140861844 16.7593930168521 17.0540542085437 17.3852820255023 17.8551719493162
TCGA-AC-A5XS 12.7282157194057 3 15.2396367044282 14.2355382459897 16.644823820363 17.7545293694007 16.3150439740775 18.2335075040016 18.6955158887244 19.1613806502543
TCGA-AC-A23E 13.1366419182592 3 13.8612044098167 17.1790060724939 17.655423741141 17.0623786655485 16.98372979892 17.9477140731012 18.2925182446935 18.9791514607783
TCGA-A8-A06Y 3 9.32244262989332 19.2278330494147 11.2720725102263 18.2132049316913 17.7557298448163 15.9969222119558 16.8775635060624 18.0838241701246 19.125944871732
TCGA-BH-A0H3 14.0854710139128 3 14.7138551998576 16.0356310439408 18.1274391244018 17.9444463297509 16.8037023055768 17.6890198487294 17.9201764837384 18.4878560846383
TCGA-AR-A2LJ 12.3357896454662 8.35526001819436 14.0429102207833 15.15302319579 16.9259738434043 18.2930164563181 16.4218778451092 17.7978949218036 18.6888558777186 19.397646418546
TCGA-A8-A06U 11.2926137752378 3 17.3271363237564 12.1460445100932 15.4538975835323 17.6916671797441 15.8201593015092 16.8925655959527 18.5108323408477 19.6097885475039
TCGA-D8-A1X6 9.43029516921871 3 11.467258778884 14.4676612435254 15.3241029086342 18.7680261357404 15.1569332072174 17.9240034534215 18.4056278844953 18.5547477068819
TCGA-A7-A6VY 10.5810680611727 8.04450084871105 16.0323570898238 12.9839968964473 15.2878133586811 17.2435328723051 17.6700389154478 17.6597135487692 17.9597956854576 18.8715100672283
TCGA-E2-A15O 10.5908963712212 3 13.7030089867436 13.2909578278821 14.9637648387486 18.4338071834729 16.3150382896272 16.9835471232778 18.444365638932 18.5922675096579
TCGA-A2-A0CY 10.6195686334453 10.4394629057197 12.409472122323 13.3952953186879 16.216362218287 17.5625845080791 15.1519028452227 20.3144067968674 17.8535004770008 19.4613530076489
TCGA-OL-A6VO 8.74896950326973 3 12.5315763332828 13.6052286312926 13.8913911513529 16.9014910574795 14.6440139499673 16.4462588767367 18.2666512392227 18.6342514403919
TCGA-A2-A0CL 8.82446960672111 10.3634505503713 15.1600877340183 16.2096457682953 17.392051482432 16.8624939817736 16.4279236413577 18.7336346968273 18.0467440617715 18.7975969246184
TCGA-AR-A0TQ 10.6043834392889 3 13.833005439269 14.8517215587799 16.0153347935802 17.3938696707535 15.9742630571476 19.9801696006553 19.0392682921445 18.3449726207499
TCGA-E2-A573 10.0408139219835 12.6578709200339 14.7573489040261 15.1851372764537 14.2598987725687 17.4539269825157 16.4370448813521 17.7069523738586 18.4749845327262 18.6370955779744
TCGA-A2-A0CW 3 3 11.1635170967714 13.7070202524877 15.2384952547612 17.1398768366084 16.3452367967385 18.8912066740465 18.427225448273 18.3247092520588
TCGA-AC-A3EH 11.5297468573128 9.08082226365799 12.3444531796621 12.6221788631787 15.062647917244 17.4152215581469 15.5767905530826 17.8953613446699 18.6432625518494 19.4606679999026
TCGA-A2-A3XX 8.80623457929921 9.0363208720361 12.268367398284 13.9828450134357 15.6697657411853 17.3849275402235 16.2405380465419 17.7034105240429 18.4555181050168 18.8380305061803
TCGA-AO-A1KQ 12.5911211183267 3 12.1862413304882 14.9487671156976 15.7949518382958 16.5634463738192 15.6195522477613 18.4710202076639 18.1454749273546 18.766620801932
TCGA-BH-A0HN 8.40841410392621 8.63727111672841 10.5917100722997 8.71136204134512 16.8062381926236 17.4362158358674 16.3308985466073 16.9031593657736 19.0626981393672 19.3161294601715
TCGA-AR-A1AR 11.5945458002687 9.51865309293238 14.0678483935565 16.8000909434258 16.8351994370499 18.425875509565 15.5473075989812 16.7851008849732 17.6052886195826 18.510073941296
TCGA-AO-A0JD 7.95005746124034 10.1467814178749 13.8256557366287 12.6601759479674 15.1361425221487 17.2274771150798 15.4575735592623 16.3158755740585 19.3483035963282 18.7594084766572
TCGA-A7-A0CG 10.9286227179823 3 17.1102232709326 16.2558357785955 18.3009191501705 17.8303744196356 16.5861670184811 17.2963530235879 18.5175333646902 18.8139285944399
TCGA-A2-A0T4 14.3830022467698 3 14.98137325238 15.5215200060032 18.0871963814653 17.2301564826369 16.4568005034076 17.7018901914459 18.4394255371682 18.6665741386838
TCGA-B6-A400 8.5378890334075 9.75387791276638 15.7658653835323 13.7941115458776 14.9913017787943 15.2489289033795 17.9650827870971 19.2474934874774 17.6583881961427 18.9320623784376
TCGA-E2-A576 11.0562836396413 10.485522388151 12.9753618726041 12.1877647961931 15.7771680520578 17.9607068532711 16.3177884639578 17.4256012942683 18.5502138187414 19.6401235700539
TCGA-BH-A0WA 8.78443556379819 3 16.5961311863802 15.4094374283844 15.769351916649 17.1304389578441 16.9169685784388 19.3642090447427 18.0982003744661 18.111572840831
TCGA-A1-A0SN 10.0197327120006 3 13.1892836794102 13.2603766833333 16.6606329920252 17.451730637664 16.0888316309037 17.5987138183535 18.979392278666 18.3757438594841
TCGA-A2-A0T3 11.0745640317216 7.89310900140829 14.0804768954487 13.8881449366801 15.8707225490798 15.0439470916533 16.4261138978065 18.0780339556155 18.2071024168977 18.6920167453883
TCGA-BH-A0AZ 14.9507066536772 3 14.6900477708459 15.5324497825072 18.8355962678153 16.6672751004678 17.3696284068506 18.5830153674516 18.1043427624873 18.680817369998
TCGA-A7-A4SE 11.6788647916338 10.7461018756119 13.9360024281871 15.4876137388028 15.9712273017079 15.8912667071757 16.9159826362294 20.1052896018333 17.9381542033465 18.748827527465
TCGA-AQ-A1H2 12.008411815731 3 12.3922343791869 13.4056917329607 16.2780365884283 18.9573044391273 17.1729437799356 17.7123137941856 18.0597054445208 19.7186183921578
TCGA-A2-A1G6 9.69186562359004 7.95894175600869 17.0664368659703 16.5204279613163 19.0589901885771 16.7007683344618 18.6577746874213 17.7078098056651 17.5090301610388 18.7432177674176
TCGA-A7-A13H 11.7973114935363 7.90699699144231 14.5176146138323 14.8975143203026 16.6036720930993 16.8043010344313 16.8217008895566 17.6595471831689 18.5286700629913 19.2105397180343
TCGA-B6-A0IP 10.6065246698604 3 14.2777007079051 14.054075204997 16.6067342607067 18.3564475833331 16.1858028139971 17.750849759884 18.3425856368765 18.7778176365068
TCGA-A2-A0CZ 14.5408790868636 8.48499544034207 17.6746224063423 15.9204921859331 17.8037491221806 16.496081353742 17.4497806999576 18.7666670075201 18.4137292088179 18.8899101737704
TCGA-AR-A2LK 10.7139321592743 8.7972498815457 12.4439517341481 13.9889475353169 16.5254748867675 17.3947989953272 15.3561486823548 17.2976377885436 18.4825642079802 19.0063281929612
TCGA-A8-A06R 8.88717288981516 10.9099059336416 12.8598103855314 15.0378778751862 16.9455329504625 17.4663089234874 16.9579513211046 18.8022803801576 19.5428183568634 18.3117203813801
TCGA-AC-A3YJ 11.1290770935095 3 11.6399777977701 12.4959775510179 19.2959938090323 16.8830867842482 16.0942562590952 17.670029331749 18.5309739440887 19.6991285286295
TCGA-5T-A9QA 3 3 8.50753394078716 9.83543231916045 15.0011368344793 16.0700429950049 14.6745234108124 18.3805655667079 18.5179921818441 18.9857524799624
TCGA-A2-A0CM 10.7522849400744 9.41161375818384 13.0311308101163 15.4476758247693 15.2823404704479 16.390347302827 16.2391629143082 17.3898851082227 18.2183794365929 18.1666644846874
TCGA-A2-A0D2 9.90617340190269 9.14852709571388 15.5219208591129 13.9158583397904 15.0278478662842 17.2687407746326 15.6022526580224 18.8859988907609 18.5216604015254 19.1764127820113
TCGA-A2-A4RW 11.1316631198754 8.80159853630832 14.096908380124 14.0843947134632 16.8489469161735 18.5518337518287 16.8436478652263 18.6185408791149 19.1586847576853 18.7849590983581
TCGA-A8-A095 10.547569839285 8.0118567457786 13.9575484817057 13.8807134566717 15.8621046314326 18.2090314886235 15.2752251803569 17.1269960217745 18.6280825978378 18.5721127801677
TCGA-A8-A09R 11.4854257733463 3 12.3883087997262 13.3342926882097 16.203886875563 17.3343952454038 15.6263634798958 18.8067439286948 17.8123411177576 18.9586575775328
TCGA-A2-A1FX 8.94282584958583 3 13.7361002413765 14.8260342347763 16.6695423983984 16.5636660603019 16.2956894328899 18.4652709565168 18.5744269935315 18.3790277607637
TCGA-A2-A0T6 14.7201627806022 7.8546829955064 14.6645345150653 17.0841641445349 17.5016999053783 17.6814848272878 16.34504223837 17.5183902888726 18.203212192664 18.6658361066946
TCGA-E2-A15F 10.3725019266432 3 15.8622610612369 15.1845631450272 15.1393486577127 17.2189278033138 16.3566442921166 17.5247932118021 17.6043600455079 19.0009490573344
TCGA-A7-A3IZ 9.7747389570788 3 12.1014160768937 12.4925676714813 15.9781033479622 15.4963660340847 16.0062243886533 18.2212477550326 18.370757344294 18.7066795925696
TCGA-BH-A1EU 12.3630360959999 3 16.743202993329 16.3215914985161 18.3543401155622 17.3355971287002 15.7044643848078 17.3780826772138 17.4245142918122 18.8129973503075
TCGA-AN-A04A 10.6269024175571 3 13.6457408123675 14.6613564637209 16.9206749399188 17.0464541578975 16.9861452140609 18.9305191580605 19.0385234830831 19.0391560214857
TCGA-A7-A0CD 3 3 13.0326818937025 12.5777365977328 17.9335620470702 16.8282006831042 15.9970918142536 18.2046874799089 17.8197780126961 18.7605680727213
TCGA-E2-A156 8.92919427040543 3 11.7777482910826 13.6619906738442 15.5685643743953 17.279483443164 16.1367315082298 17.7321395782289 18.108392906216 18.9533052691742
TCGA-A2-A0D4 7.45125110683227 9.9513304419116 12.7988230042606 13.3947798739884 17.428607285493 17.2240165889262 16.7030156958267 20.0201649266664 18.1325321830238 18.7943024046153
TCGA-A2-A04R 9.47401926735451 9.70553875368436 13.5706390998689 13.2708884226085 16.8511433056643 16.4515310586494 16.8121381872644 18.3962156873213 18.1851729821703 18.2578475187934
TCGA-AO-A0J4 8.90922381290329 7.59497124790527 15.5548597748731 14.963965342637 15.1967292333906 16.6545127094066 15.4711516670957 20.1264796138659 18.2519780101698 18.1852662699004
TCGA-A7-A6VW 11.6513203974614 11.426446657873 11.2844587624299 12.0115780068737 13.7256210927073 17.5935735341127 16.0348947266157 16.9036218895407 18.1573475990571 19.408458455458
TCGA-E2-A14Z 13.1390877550109 9.96828909942097 14.3997949288763 14.6296827506573 16.5056061608841 16.757990738993 16.1038949737175 18.1159888871572 17.6164198080693 18.9507272358838
TCGA-A7-A5ZX 11.7530187080558 9.19607988821633 16.4792809450777 14.9442964630662 18.093048984756 17.0506450496883 17.5929487591202 17.4296881307527 18.3243244383164 18.9922059374999
TCGA-3C-AALI 3 8.680302714452 12.8080597515844 13.6918082021287 15.8518479058836 17.2576825074076 16.0119339224717 17.4973088407651 19.3275655538066 19.8395719502806
TCGA-AC-A2B8 14.5632006890154 7.53821459717293 15.2061611953868 15.8173041416786 17.4207093997906 17.5019488258547 15.856903604229 18.3676122310078 18.1848412979654 18.786334680452
TCGA-A1-A0SB 8.15030384926395 10.6720676180231 17.2450938341217 17.5146053300538 17.9260777954515 17.4713398226859 19.982533862253 17.9296220573727 18.1182301747135 18.7003147827458
TCGA-E9-A229 14.5175419306377 7.66929291155903 13.241802252338 14.4897153332096 17.390851909937 17.5106192002783 16.4644856446376 17.7953040702631 17.8896376032127 18.455705849934
TCGA-D8-A1JC 11.4816464573095 3 14.1612193179547 14.1951665699534 16.8920888340983 17.3432200555317 16.7133743201813 18.1895422573681 18.5033519906135 19.0271655779908
TCGA-A2-A0D1 10.5831057519535 8.51938704528695 10.7461765825656 11.24598804827 15.4981755539964 18.0264328127913 16.1443878175488 18.6433848534671 19.7509134062311 18.7552582646547
TCGA-AC-A2QJ 3 9.9980299811215 9.31815093082159 12.5496232855271 14.9825995691197 15.8597303170067 17.4260412296221 18.3867023548016 18.6365448009472 20.1310193079265
TCGA-A2-A0CK 8.00303033072239 8.23023076735176 14.917121941842 14.8064079082691 16.8735602320799 16.6719236977714 16.1925395344775 17.8117514544827 18.3717282019168 19.2469231862255
TCGA-AQ-A7U7 11.4690465836146 3 14.4721166095827 14.6914043740931 17.1651982984488 16.7851576813123 16.47395338541 18.4632907199329 18.3721337326473 18.9330706973119
TCGA-D8-A1XU 12.482787499234 7.72590097656823 12.9236688261631 14.5691025913162 18.1745211228384 17.6227099572119 16.6951426129448 17.2942390726543 19.034516297725 19.2976943277165
TCGA-D8-A1X8 11.6692563150805 3 14.5383314604743 15.2646200404451 17.8737109687585 18.5245629197115 16.5527930120695 17.7011137182539 18.0645657597482 18.8691270000389
TCGA-A2-A0SY 14.0240610767131 3 14.664129723172 15.8484281095237 17.5682117482842 17.9427372851723 15.8560685447678 17.935741519971 18.6999658292804 18.7734818037209
TCGA-BH-A42V 11.8727575372459 3 16.1786966157534 14.9810098801714 17.4766019430341 16.8736441265797 17.4467835124456 18.0532083698294 18.3972748787424 18.734318359393
TCGA-A8-A08R 8.59561955020256 7.85032313073919 14.5942727440959 14.525098811147 15.8282474385166 16.3614973640895 15.5407827116674 18.7849113850752 18.2151181980944 18.5031191151843
TCGA-A1-A0SH 13.9450068542736 3 14.2922172501836 16.5506483811726 18.7120600584464 17.3415147695558 16.6752973652391 18.2857612576128 18.6100048521646 18.7697803780213
TCGA-AC-A2QI 9.67256820428228 7.94008524395826 13.6215168833658 13.8166747302938 17.4716367017308 18.2670979786934 17.3330573056548 18.9698229065052 18.7797155795081 18.5374948608892
TCGA-AC-A2FM 3 3 13.0195470264652 12.6097680053799 17.8373818386979 15.6585140702378 16.0900807258829 19.4505993256322 19.4480479497711 19.1893472292657
TCGA-AQ-A0Y5 14.9962682561025 8.08323846342901 14.1132828971858 16.6916388762918 17.3605536684138 17.9430522168747 16.6070702004585 18.7898932132041 19.0215725912847 18.7275056829366
TCGA-BH-A1EV 9.54196687074464 8.21476998256864 12.6197635069224 15.3513727399187 17.2149521239764 16.6125677338553 16.0720920830864 18.5026882274046 19.2800313220379 19.0326573567967
TCGA-AC-A2FK 10.3576149541322 3 18.6352454611532 15.9847411356268 18.7649958190884 17.4465257545732 18.5800704583899 17.5282721419184 18.0500030721772 18.4745453510705
TCGA-A8-A07B 13.6027003067845 9.26958301355948 12.1109493762985 16.3106072810991 16.5076025747263 18.1810379253063 15.5062437885656 17.044990660675 18.4615201257927 18.1631575662261
TCGA-B6-A40B 14.9984087087673 10.5120121038631 12.4308696663883 14.3171886651478 16.2142638954356 17.0725983413435 16.8856569754721 17.9631543242035 19.2919520838212 19.545040340631
TCGA-AC-A2FB 9.63277660751752 3 16.4150129065953 14.3578524007771 17.6492157725353 17.4206094791787 16.1714986795126 17.8240268402755 18.0062422084846 18.6479095467782
TCGA-A2-A0CP 13.7233724697385 3 15.5737438788115 15.0811331464809 17.7888634539104 18.3091815216392 17.1729638004752 18.2711524311254 18.6218083253016 18.5173653015278
TCGA-BH-A0BG 11.0447651165592 7.86421473086557 16.7357359769291 14.0719496991227 15.5955373553439 16.3920543416697 15.8765926057489 18.3182819767281 17.7067897551263 18.442097689586
TCGA-BH-A18K 14.0889857650865 9.04057866119627 13.6364375058384 14.5005548812523 16.8889396710041 18.4977236813339 16.9314002662918 18.0393967336003 18.8499761259006 18.5675890072607
TCGA-A2-A0SX 13.8556899308685 3 13.8554098655226 15.0887642039534 15.8477862337394 17.0778165189072 15.8890494485124 17.0801947699914 17.8194413749063 18.5778899079152
TCGA-A8-A07F 9.99674345339165 3 13.2156478698227 13.1172537698712 16.5654164167799 17.3846750354199 15.6527538806884 17.5099140932403 17.8955384963831 18.7203926646027
TCGA-BH-A1F2 13.2578422585679 3 15.8629584159205 16.9696974385705 18.0883645551447 17.5770241575473 16.6167716962153 18.3369541249794 17.3500704219253 18.9689225031073
TCGA-E2-A1BC 13.3537058803945 3 15.6197273309626 15.0671566542476 17.8753177658449 18.9892523003019 16.4270850941833 17.8471633017679 18.3357260973901 18.4290300727489
TCGA-LL-A440 14.6950150411451 9.8747873228189 15.9949895978484 16.7582956824975 17.6051982527422 16.5121355282508 17.1320491479348 18.3005751482445 18.2555233979057 18.8854471229945
TCGA-BH-A0W7 11.9882460838618 11.3935748713172 13.7813575083411 15.5162744301148 15.9749132984671 18.0213273904647 16.4968847081417 17.7712183711603 18.9837149363166 18.9489018530964
TCGA-A7-A3RF 10.9200678705743 8.02318687515366 11.5431816630026 13.6395630714682 16.3338976862121 16.1892678541033 15.7731367316866 19.2991137633405 19.2782403978433 19.130527654475
TCGA-AN-A0FK 10.731229084604 8.19106216740081 15.6933126694983 12.6613326737454 18.3398822640534 16.0034933160962 16.2336838609122 17.7653305295097 18.7954343538873 19.428404230878
TCGA-AC-A2FE 13.8750533126902 8.8480986951492 14.5600343110092 14.4626842064224 16.5200837855322 16.6372180618235 16.0312013712548 17.9833597439498 18.233608166074 18.892940613963
TCGA-GM-A2DD 11.828036387004 10.0695899040714 14.6823602995363 14.1881101691079 16.1983064091203 17.0304394699116 17.1569095105708 18.1831413798394 18.8783332448759 18.4563994771133
TCGA-D8-A1XD 12.0014923146472 8.36126630889395 14.1839324666152 13.8081033119374 16.5872166767705 17.8129991720597 16.8965950987162 18.978635328802 18.966857777386 18.1947022218437
TCGA-AN-A0FZ 7.37506686065589 8.56848682940802 12.5064443281533 12.8475590241315 16.5537314317104 16.9430404556586 17.1608660172095 18.6057884287466 19.0305963906365 18.6655608954614
TCGA-A2-A04P 3 8.62936133003405 13.6510372931025 15.6182325689892 16.150525471943 18.0403697108503 17.4057276034972 17.757627002092 19.2521217778519 18.1960192864462
TCGA-AN-A0XT 3 3 14.5963565960366 14.3366400923299 18.1060287353111 17.9045727691785 16.6725026760769 18.825339964795 18.9366591711649 18.7624093773232
TCGA-A8-A0A1 12.4069085139271 8.58171272984704 14.4550035892381 14.5294025206156 17.1637253690598 18.6822075374701 16.4106247163625 17.4785658489123 18.2354760942471 18.8396932912404
TCGA-A8-A084 12.8044019152912 9.19853651069298 14.7019006401523 12.9891031216519 16.1386980927771 18.3028660854479 16.1118284810684 17.5359363745131 19.7664313827838 18.9547627953771
TCGA-A8-A0AB 11.0106068376696 7.59929368180862 13.0163935623517 12.3167877006875 15.3814976876581 17.1372822817731 14.8381493262445 16.8396710698472 18.0007191343451 18.7498255127935
TCGA-AR-A1AM 11.2135865860839 9.00586492676113 14.5129254714322 15.1550494724057 17.7353736582514 17.779239969654 16.6816728284589 17.3935935009739 18.6660008527164 19.0794701219197
TCGA-BH-A0B4 9.77627525633213 3 13.759553654794 14.6152930694337 17.0202559114442 16.8493999470852 17.2854420362407 18.020495670101 18.3013739288054 19.1927706231461
TCGA-A8-A09I 12.3611111882394 3 12.198088254959 13.4470790594528 14.7077473897934 16.7881999283745 16.5920983664773 17.7150075733809 18.8577649891133 19.1485795540819
TCGA-A7-A5ZW 13.6528000509234 3 14.38652834975 16.5748748611846 17.8792295827848 17.4796738087125 16.6956890473001 17.8672655138685 18.4435606906705 18.6045047882756
TCGA-E9-A1R4 8.93425531965758 3 12.6294223707717 14.1560811828292 16.8855497719404 16.991772271179 16.5265027722771 17.8356083644979 18.2519586810571 19.0075395917854
TCGA-A8-A085 3 3 10.4968016031706 12.2713646703229 16.8983643333562 16.63693994247 16.5461717548729 18.3727294882047 18.606224871252 18.6712182739471
TCGA-B6-A0RN 14.4649769855838 3 13.1166527975157 15.4004883323035 17.0312575662831 18.1450536753629 15.6038977165631 16.928563987681 18.1417636540087 18.601518862856
TCGA-AC-A2FG 9.89689160432235 7.59470156229454 18.0903932450223 15.9792879950878 18.2913337617766 17.1124497125585 16.1673809130774 17.9448481625628 18.5515729865494 19.1322087463824
TCGA-A8-A06O 11.6852566945896 7.96272115784942 13.8147190017093 13.8746812965832 16.4688039739965 18.7108312709668 14.7520525804583 17.5925036504669 17.479540658624 18.9567506428674
TCGA-BH-A0BZ 10.2012034848495 3 13.1397837122388 15.4080442006621 17.4851621007654 17.3167509943657 16.7153489216541 19.0359309181554 18.4032079922682 19.213890314858
TCGA-AO-A0J9 12.9835141291967 8.25434058334629 15.9724189463977 15.5473520712131 17.1596077511781 17.376436612101 17.2796135265307 18.3831229754823 18.3946152564134 18.1141060213911
TCGA-D8-A27P 10.4955925363879 10.1467814178749 13.9948488090107 14.3826009777368 18.587846307089 18.4628139550202 17.2325828894691 18.039873706801 18.5046110109537 18.9879570404864
TCGA-A8-A07J 13.7957576670577 8.47670205589266 14.4488690258318 15.5487572037122 18.5044881287573 17.2089011799151 15.8763618194602 17.3079619756546 17.9307415558703 19.0689503445658
TCGA-A8-A07I 11.9793714852784 3 12.4372637275633 13.100578351404 16.0010372617031 18.2685317590163 16.3038715516798 18.3701705061683 18.6764473354941 18.9414543821194
TCGA-A8-A08B 3 3 11.719283084378 12.187288271834 14.1993820565473 18.6453809666465 14.733381915373 17.4150259451629 18.9315075263418 18.4451711100049
TCGA-E9-A247 10.0876769543758 7.77952822804474 12.1572825308122 11.8403655481172 15.6955155501748 17.347845041923 16.7186466098824 17.8186754686502 18.5453156788768 18.7990549142022
TCGA-BH-A1FJ 9.42090032885737 7.69472681188251 11.8450823853234 13.6545472870319 16.2898980861467 16.9681526402148 15.7134301334136 17.8387865221598 18.0910911993809 18.6677864346005
TCGA-A7-A4SD 11.0904686415991 9.52748626590038 13.6332821038945 13.9940328444362 14.9845647084297 17.8819280049491 15.4106074674716 17.6293456823189 18.1815702969283 19.1754128306733
TCGA-A2-A0CU 11.6780483090409 3 14.5164049901759 14.8940587716392 16.3042464314037 16.4816451421409 16.405129464307 18.6718364142283 18.0360040500157 18.8316794857867
TCGA-BH-A0B8 11.6904631968201 8.49386212882336 12.7612992891247 14.4492648320002 15.8288591803741 17.6007138506153 16.0156576479578 17.4725338847068 18.7013258971882 19.1610452897205
TCGA-AR-A2LR 12.38048944382 9.4588441678425 17.2890076586889 16.256835461749 16.8507025325116 15.8031438615259 18.0099488236497 18.2712668858812 18.9393334497154 17.8765589007426
TCGA-BH-A0HI 12.0215078617819 3 15.8933878673935 13.8978502313239 17.8545602645854 18.3325467668908 17.1947267564292 18.370563862378 18.6665498143297 18.9829022867966
TCGA-AN-A0FW 10.6188737133994 3 14.9728632282193 14.3973058508056 16.3180544350095 17.4599870564476 15.3656043851884 19.1168080132585 19.567557231015 19.2497484479281
TCGA-AC-A23C 10.4909268806451 7.77067924868616 13.8679663889559 15.2273354662681 17.5958366630936 18.3020212622 16.0100473717897 17.5779602613402 18.3373845936999 18.8070439357233
TCGA-B6-A0RI 13.7786838157768 3 11.9199667617226 13.7610511281694 15.4103206740888 18.2172576794019 15.8081879667227 18.7280483669601 18.5744231440278 18.906065759896
TCGA-E2-A152 12.6343967817855 3 13.1020296974081 14.2576781814741 16.3615947438347 17.8722937079719 16.8488883061174 19.4000034608196 19.3024819676451 18.2914621247735
TCGA-A2-A3XV 9.91730741061572 3 9.99440355805689 12.719056880457 15.9585512314865 17.0771341344694 16.7790026687808 17.1978749759717 18.5660249966116 19.6823524509203
TCGA-B6-A0RO 9.22477051775857 8.87906278568576 15.9729813941163 13.3164727170046 15.7619303435785 17.685406286785 15.8248692323332 17.583447223636 19.6380575833664 19.5137434813049
TCGA-A8-A06T 9.97162882021862 7.66701323019887 15.6929394541818 13.5032649115909 16.1186118268941 18.5750842861861 16.0315687958338 16.9817922428149 18.4558113797113 19.3108698040121
TCGA-AO-A0JB 9.81892575588459 10.050962628159 15.323206005326 14.6644936044654 17.0393846113929 17.6078075787344 17.7628618874703 17.4376842160025 19.3463992299453 19.3704214639345
TCGA-A2-A25D 3 8.1882670175532 14.0718669613877 13.7852493072609 16.7714958368976 17.5337218182136 16.5903459975943 18.149750358079 18.6205837958676 18.869239715402
TCGA-A8-A07P 10.8035342084952 9.05290874954461 12.2851832816534 12.7405396584745 16.3968837411097 18.3123164916721 14.6060833515745 17.7038628315463 18.2869680082715 18.9780309836929
TCGA-A1-A0SK 10.7947185528423 15.3603016760634 14.8640021352496 10.5676963976273 14.2257461265517 16.6571790240743 15.0852822735593 17.013741495295 17.9581368491803 18.074627003634
TCGA-A7-A3J0 8.40899259948823 9.21312360536833 12.3278080505336 11.7578792826612 16.3195042479117 16.2762118243187 16.3035245550667 17.6423920416728 18.7283066924787 18.765511958396
TCGA-A2-A04N 13.7490968139858 8.165010971558 13.4534644998522 15.055629655991 17.2698018483563 18.7604137224754 16.632200580838 18.0864522599755 18.4128785705461 18.2083963578691
TCGA-A1-A0SE 11.1628129125295 3 15.2231276601605 14.8309865280884 17.4194216645038 16.7578472031619 16.7958070889067 17.7487422572949 18.1135301040681 18.4625380968374
TCGA-A2-A3XW 3 3 12.9057841056397 13.6953949696273 14.5828934745126 14.8686067680562 17.5919909716861 18.0368808649165 18.1008175904247 19.5135283087625
TCGA-A2-A0CO 12.01511073904 3 15.7730043796459 16.822443325872 18.3706565879021 17.3301458354357 17.0787701604913 18.3555438797793 18.5702403591523 19.0332585849462
TCGA-BH-A8FY 3 8.75997932807478 13.4049811931447 11.3979250472882 17.6689226476319 17.8557602604119 17.0600324290567 18.2279165563645 18.5662868318433 18.3800863825003
TCGA-AC-A2FF 12.188746738775 3 16.1654828030741 16.4709095375668 17.7671909160428 17.8289486236553 16.5696436788445 17.9185177614576 17.771081842375 18.5928689585953
TCGA-3C-AALK 13.0831812838184 3 13.4270147423152 15.2732694447093 17.1458878702087 18.2888648438364 17.0352245571408 19.1909002750937 18.8705947427793 18.7371155951075
TCGA-A7-A0CJ 9.51828801705246 10.4814747571022 11.7411017931463 13.6807602333987 15.7371180809658 18.5158095117545 15.3383299074298 16.3836208813064 18.2235493044876 18.3334979188481
TCGA-A2-A0T5 9.47388135804435 3 13.543167382184 14.6054867465893 17.5615821684074 17.1877174099317 17.6709414027047 17.7304407246783 18.3421890378119 18.4122732611084
TCGA-AR-A0TT 12.5369304666094 11.5711024906033 13.0518455646095 15.6857384696338 14.9945075901131 17.2935790939553 16.2021857196885 17.7206737067107 18.1776622043396 19.1407189738099
TCGA-BH-A209 11.3134248529924 9.74895480717899 15.3032620550429 15.0912230361693 16.4721994952159 18.0506319087027 15.5928331286382 17.0869237102152 17.7191924555593 18.5637601584405
TCGA-AC-A8OR 3 3 11.2637586081961 11.381846729384 16.3903252023925 15.7506002135127 17.263572956414 17.7862846430855 19.0670340968172 19.125168409824
TCGA-A2-A04U 3 8.72409366728495 16.068857403489 13.6109761821161 15.2268975960851 16.5834106231725 15.9391339491291 17.9348712735226 18.1901469640943 18.7932991796434
TCGA-A2-A3KD 10.7419265653972 3 14.4106645143665 15.9442668590506 16.3909500246143 17.04645694997 16.4607936053847 18.0503893295812 19.118460640876 19.2135847793964
TCGA-A2-A0ST 3 3 15.6497492306073 14.7427390480893 16.1617821981064 17.0265949378103 16.0088687887514 17.0969376698572 17.9560451660759 18.9008734098358
TCGA-BH-A1FU 13.0871163553 3 14.8749671446142 16.5832758297803 17.4382439992352 18.0447223182942 17.1695600417679 19.4698552597159 18.9378568442776 18.5883453013898
TCGA-A7-A26H 12.7462376007075 7.58066392165034 14.0096214146985 15.1138224921256 17.4215764166536 17.1903274361552 15.5318047440176 17.4386145342713 18.1098383992221 18.6563135980318
TCGA-AC-A2BK 7.77930735355675 10.7737042312249 16.0135156015832 11.1447557454641 14.5106852817624 14.6625159974225 15.0098573909979 15.258533960807 18.0834684733222 18.305622208523
TCGA-BH-A0B0 12.1260971779143 9.28857561372007 14.6023855745243 15.409771499648 17.4080079473959 19.2563379060081 16.4600727107205 17.6434957844562 18.8882336894242 18.755414155115
TCGA-A7-A6VX 13.3938612945007 9.21996027733477 12.5157036712162 13.7231557486184 18.645642308297 17.7841639412357 15.1476016037662 17.1077516321093 18.0027229486763 19.1375950027068
TCGA-AO-A03L 10.0506023951835 9.96330943679611 13.7252421467829 14.4063156779903 16.682832595226 16.7551127584688 15.9434467809137 19.0477746419482 19.5621166647578 19.2854140517191
TCGA-A8-A07S 3 8.03461242880369 11.6525325341935 13.0758086603105 16.1237965009185 17.6815999156984 16.2830933719419 17.8241583844625 18.7732303118479 19.0501280739369
TCGA-C8-A3M8 11.7215730550723 7.68728649525752 13.3368642497343 12.6893463766001 17.2654771649529 16.0050015940562 16.6864759594664 19.0414727927226 18.3275436297878 18.7224840002943
TCGA-A7-A0DA 9.74185521357206 8.98521927567149 12.0152762988261 14.0475048620972 16.3873162809713 17.0905740301935 17.468845423822 19.9270178694841 18.1122429127687 19.4200439401262
TCGA-A2-A3XU 3 9.38312620129995 11.979535080131 10.8261907811724 15.5396876071025 17.0383364834958 15.5221376660101 16.1697045846996 17.7357251302773 18.9152083043348
TCGA-AN-A0FY 13.6832853410948 3 12.255823853976 13.9148749490342 15.5079787564979 17.8140856718607 16.0140795661935 18.4087735986916 18.0841368328977 18.3766381634404
TCGA-4H-AAAK 15.6132449209269 8.36666270238878 14.1100612830332 14.6361087916457 16.6172759558096 16.8015435193813 15.5479225555652 18.4150051300321 18.3301052896862 18.8154790639307
TCGA-A2-A0YM 10.566132431671 8.81824844206906 12.4416839792019 14.4231357944299 14.373500789828 15.4395572955457 15.1377198868735 18.0607624623838 18.4047967208751 17.984331186224
TCGA-C8-A1HI 10.9162609510117 3 15.4726880021957 15.1712014348337 17.734257707649 17.027215190499 17.7964839513936 17.4810224577997 18.8675613032253 18.6765351302403
TCGA-AC-A3HN 12.7716720714577 9.1826686121952 16.2175444335714 15.5483364857783 17.7819512007636 17.6094784816821 16.7305455569468 18.3648977635657 18.2869325129016 19.1949045765386
TCGA-E9-A54X 3 8.64250476423737 11.8042872773388 10.1842823530284 17.0643285215858 17.6181029954225 16.1492080566232 17.1623517671261 19.005723162769 18.7064273558245
TCGA-BH-A0H7 12.9268088616682 9.55026267778247 13.2415522083726 12.2907342124304 16.4157075630661 18.3044142030664 16.2904106370768 18.8019168464158 18.6837410753004 18.5617361653329
TCGA-A2-A4S2 13.0221307534188 10.0953575906552 14.7163690664788 13.905253149523 16.60807975334 17.8859816045466 15.7065675594891 17.5181355225366 18.5167820790303 19.128804123204
TCGA-OL-A66L 13.0526468300097 11.855397599173 14.2648563318072 14.6767523169929 16.259284849261 17.1945492117985 16.8798882200461 18.0340890051565 18.0209419555672 19.6286679438944
TCGA-AC-A6IV 12.1297846772714 8.01418892095532 15.7155493732482 16.3122764512523 17.5047244317857 16.0832553644947 16.9275512491702 18.5321117099719 18.5168696770944 18.8698881869432
TCGA-D8-A1JH 13.6294562402657 3 14.3835255149196 16.1034567719936 17.628552689366 17.6251524360029 17.0341639938102 18.460127736701 18.218605821661 18.5010158804121
TCGA-E2-A1IF 13.5232714125177 3 14.4361470181238 15.9796598662628 16.6685591760231 17.3475670031324 17.6824932281575 18.1009832325688 18.6234859088371 18.7719972099197
TCGA-BH-A1F8 11.282583455646 7.75883519320166 12.8181364313792 15.0359542886283 16.069004759257 18.0703583664103 14.8438912031956 17.90357884096 16.7981041350202 18.3843512011727
TCGA-B6-A0IE 3 3 13.2889431640322 14.3366573939972 17.6785823944781 17.9326301484821 16.9713088683886 17.9861137229855 17.5498390279063 17.7562735313185
TCGA-A8-A09K 3 3 12.7517363842464 12.6804939550932 15.4042446144904 17.3966389479354 15.5694525991743 18.846063634927 18.0404078940484 19.1837068549188
TCGA-A8-A08S 11.5495186501108 3 11.7940957811226 13.9032442072828 16.6216157942002 17.8499731389157 15.6852091348005 17.3213278212855 18.7485023876819 19.1124856410124
TCGA-A8-A08G 11.9497240395075 7.71326532283102 12.032101100858 13.3544522020416 16.3737599694984 17.2722445084934 15.5187591472612 18.534401958964 18.7784632915698 19.3366392198577
TCGA-A2-A3XS 10.0087045398665 9.92143173568983 13.1148096677386 14.8005189380293 16.1817837381253 16.3447109879014 16.7043941992429 17.8516098354022 18.2620818784725 19.3496478401714
TCGA-A2-A0CQ 12.503987426518 8.02603425673307 13.9815333924683 12.3068407676792 16.8736435487598 18.1274004357993 16.2155519853479 17.7843223808572 18.4322891781754 18.0991196203599
TCGA-C8-A12Q 10.8782943805019 3 13.9767071854625 15.1324614671818 16.577596354187 18.4038801708174 16.4239311634973 17.7810561623596 19.700945452994 18.3221478605947
TCGA-A8-A07Z 10.3756621043614 12.5097706414616 11.1416661719448 10.9453699402307 14.3369385494123 17.1513051472584 15.235927212756 18.2651347006569 19.0620541254128 19.6994767748713
TCGA-BH-A18U 12.124227307801 8.07704812038347 12.740923622481 14.9424901651119 15.3603054107899 17.6037666331265 15.9747094909706 17.4698830059768 17.7615225321315 17.9087486795405
TCGA-BH-A0C3 13.0836499951039 8.30874232515247 17.1695478148022 16.0958053524121 17.7890922824399 17.4685689058996 16.2009415099514 18.0948693976512 18.4036994981181 18.6313254820569
TCGA-AC-A2BM 9.77794146282519 3 13.0412325455508 13.5280929417028 15.0670783352115 16.9747560922421 15.8643878010875 17.3459915187097 17.6989108770882 18.2880360003138
TCGA-EW-A1IY 9.02572649365738 8.6808017322722 14.6894695825771 15.1410715186047 16.9376265680186 18.4918165354894 16.6032714590217 17.48488980651 17.6199069215336 18.263953134521
TCGA-A8-A07G 13.3320774073214 3 15.3930067755424 15.8963238396236 17.8655145662293 17.7870989099117 16.5665261957754 18.0764613067351 18.462544702431 19.3534228962675
TCGA-A8-A09B 13.8700236006513 8.99669316759936 13.2732364776829 13.7171053691225 16.3033849565563 17.5140712746517 16.437012706019 18.2343512536651 18.1235805242319 19.4406302432457
TCGA-BH-A1ET 9.65772590639653 7.36416570895824 14.6191595335315 14.5323135854342 18.2790763733183 18.1328977423126 16.2993061140177 17.1040535825768 18.2805214598851 18.7090554257555
TCGA-A8-A08L 12.5259164621266 10.1359351447361 12.0425400425634 13.1132476501548 15.6025878995987 17.1660451690846 15.3887850896341 18.1563497893293 19.5195639776883 18.8228618903316
TCGA-AR-A24P 12.6868682875475 9.72333317295514 14.52586072985 15.8579143633796 17.830661290372 17.8218164769957 16.1263991826578 16.9849385199704 17.8911743099664 18.6944243011428
TCGA-AR-A2LH 11.6962937558172 3 15.341835106188 16.362834742885 17.1400967841015 18.1482617086726 16.7814600039335 18.3389831352018 19.5836654329246 18.9781576416257
TCGA-A1-A0SP 3 9.67263054248697 16.1193250297521 13.987681048377 14.9451865948472 17.9876916482414 15.9985365512828 16.8518511029909 18.4278555245434 17.9816929625047
TCGA-AO-A0JL 8.62394820593408 3 15.5820126544652 14.1600459949903 16.2739689667458 16.7844895206539 17.0692275974292 18.345356288249 18.1002321715546 17.8885865307646
TCGA-AR-A2LE 11.2532933854646 3 13.8839915790665 14.5220442518088 17.5829666156782 18.0106671533436 16.0951490416731 18.2229656127265 18.4348785138811 18.8270578002822
TCGA-E2-A1IU 9.59055000092589 3 14.4768526029957 14.0286724585772 17.0908629241981 17.8246377841208 16.2219398323077 17.3765503825389 18.5520427215924 18.800463444731
TCGA-BH-A18H 9.96118058013482 9.61335491116148 15.21892436155 15.2290042756027 16.3319368004382 17.5770227962993 16.5902230501531 18.047120434462 18.5986175651418 18.6587670737714
TCGA-BH-A18P 11.7844367945244 3 13.7562132993169 14.0523685207223 16.7363793156701 18.2903818673269 16.045285572333 17.9459975609263 19.039840451946 18.6158330803664
TCGA-BH-A0BP 14.2974518142014 3 15.9022519531434 15.7315708660746 17.4025178927199 17.7585855511718 16.8482382863218 18.830545510459 18.9698931784678 19.171658650282
TCGA-A8-A06Z 8.92471091069832 7.61007076101807 10.6073913438691 10.3124995045394 16.0902067609642 17.9909916845771 15.7415751025653 18.2033365002917 18.1432153111226 18.9930119767107
TCGA-A8-A07L 10.3798996606578 9.04225953518909 12.090992391111 13.337201296866 18.0003682216732 18.1056150037927 16.6636019824759 19.3958850730271 17.6725539349378 18.8873145659213
TCGA-B6-A0IH 11.4651841441065 3 15.9849131821275 15.4414156881127 17.5905825242504 16.8887156654739 16.5951058322357 17.4645284080564 17.6736789543625 19.0413534028482
TCGA-A8-A09D 12.2186622394446 3 15.3716977054969 15.1286547839347 17.6647107514422 17.5002876102723 16.4671684410773 18.4604919622309 19.0772635471467 18.7786108015407
TCGA-GM-A2D9 12.6497481431475 9.09579672719936 13.4762796040206 14.0862414996503 17.1724289651014 18.4432522041919 16.7504991913834 18.5745597685697 18.9258938719275 18.6040182171969
TCGA-AO-A03V 12.3606856131005 8.17354749882622 13.8620782611993 13.8299590043152 16.201218457538 18.1388268187496 16.2424061055841 18.5734618804618 19.2359213489967 18.6836298895814
TCGA-A2-A0SU 10.4657430067169 3 17.0716566260019 17.4452170176113 16.4055903424455 17.6014489651065 16.8802123145568 17.9342902010074 19.1416349417028 18.7983782115504
TCGA-BH-A0BQ 12.7757585284846 10.0801647874947 14.3528979493683 15.6854459439487 17.2245031635732 17.3297591504543 16.7446207732509 17.9399963583124 18.4593901292112 18.8228715952491
TCGA-A2-A1FW 3 7.81234201991134 14.7438023366832 14.5476068455754 17.311844036199 16.7799527691636 15.7952308775454 17.9252815642013 18.6513898867846 19.0931084114897
TCGA-A2-A3XZ 11.0462744890275 7.99867584900656 12.9399808085707 14.7097180683221 15.5508247479353 17.722318816519 16.1462678556836 17.3001374887518 19.459935232928 18.9474903452351
TCGA-A2-A0EM 12.590415922236 3 13.4622597759782 14.6827754549673 16.8186887890846 17.5985519598296 16.0877910993533 17.4913420534472 18.2769926824202 18.9155871902198
TCGA-LL-A5YO 10.760444182043 8.69394035301681 12.8550825226743 14.188243812289 15.654110167682 18.0439861572815 16.3630860997016 17.171053121995 19.4797507457477 19.1607592159456
TCGA-A7-A0CH 13.7674747358385 8.36364445905092 15.5465557233118 14.9830386101023 17.0923926313778 18.5445968523993 15.7940988857875 17.5018231773226 18.268045997142 18.6598968610821
TCGA-3C-AALJ 12.5485400064225 3 13.1424024993149 14.4222570971064 15.5549456332927 16.3740939910015 16.3326228855736 19.9880580674487 18.9322159418948 18.5475347851146
TCGA-A2-A0ET 9.07759974655191 3 15.2697034987597 12.0464033874118 15.9712423182269 15.7616969891169 15.5624262616215 16.8178408765516 17.9369551287337 19.3195262606122
TCGA-A8-A076 12.9608586225112 3 12.0830157466016 14.0721563840734 15.0578837421382 19.059591623949 16.0587472259652 18.0741577957884 19.2804213712998 18.9550336758927
TCGA-B6-A0IK 3 3 13.5423939867253 13.9991963052089 16.0556864534032 18.7281045715935 17.2580146157801 18.5423545369259 19.3657008124221 18.5314609849961
TCGA-BH-A0BL 12.9563857055159 7.78283583270619 14.8906682099689 16.0253326850148 16.5887247691429 16.7598341334446 16.9228244353348 17.9876943893297 17.5444563138081 18.315528205821
TCGA-A2-A0D3 7.75476969793753 3 12.8928994022831 13.5897145167665 15.6832656304728 17.524892911351 15.5344745990475 17.0470277110701 18.5229022980649 18.9241511548595
TCGA-A2-A4S1 3 9.39854794441633 13.8917581582446 17.1476917242526 15.015729081605 16.788648046406 21.0941293701771 17.515311221331 19.0921788814331 19.5075967526924
TCGA-AC-A3TM 12.8034501992498 10.4590460060073 12.0886602027765 13.2824405796378 15.64109607549 17.5624179649601 16.8018597732566 17.8332090943972 18.4851966416549 19.8119985154787
TCGA-AN-A0XP 11.2058231561309 3 15.4353216045253 14.6924228399324 16.8759940030369 18.0120251496007 16.9526596249243 17.622353682932 18.3903422854297 19.1633821047403
TCGA-A7-A4SB 9.48885401191951 3 15.9547636755591 13.9528755805709 16.8045561910499 16.1051384587435 16.2025566872793 18.7470899771154 18.3904131364845 18.8395574878339
TCGA-BH-A28O 11.2508191248612 3 16.7546175220648 15.8064844974477 18.4396658739883 16.4315426333054 18.5298225607839 17.5909900240372 18.1480531330727 18.7815026187685
TCGA-E9-A22B 10.9745355293607 3 14.6151897112166 14.866061695576 17.6118901531517 16.6957976414336 17.5555256571584 19.0207124842277 17.9380163321928 18.0405133592657
TCGA-A8-A0A6 8.40514054751411 8.63398596811079 15.4829307102935 15.8281205487513 17.6990274364709 17.4708217545418 16.408332727141 17.1736361054691 17.926691874344 18.0642746825117
TCGA-AR-A1AU 10.1905543346337 8.13433856890198 15.7400350163716 14.6379253177644 17.4584678362522 17.9976716200282 16.2126235007343 18.6903783052313 18.1708182370165 18.3682225761509
TCGA-C8-A8HP 11.7632779318297 8.84922498407175 13.1828722810744 14.9443110971576 14.654686724205 16.6916724205311 16.6600268854225 17.8690323784188 20.8545619111126 18.6494224650901
TCGA-A8-A075 11.8581032841483 9.10998214187224 11.842749511317 14.2694341015561 14.829265428032 17.7322597606809 16.2228536069666 18.3947198585786 19.4018003655115 19.3674802705263
TCGA-A2-A0D0 8.16346162980227 9.37408464131272 16.0083822154209 11.0698040812767 14.4600879208415 18.1233991932695 16.0491997023165 18.5288059046344 18.7870614796092 18.4076676732345
TCGA-BH-A0DS 12.5021003878875 9.50213748160664 13.6747414930903 15.3168741863092 16.7100081462622 17.595255068159 16.2136625412776 17.6324946146811 18.4328176445648 18.3799857763785
TCGA-A2-A04Y 10.176991574796 9.41791061165286 14.0084946309933 14.8737837830371 17.9707076336131 16.8305939237529 17.2045771747286 18.3089159262601 18.6331606753788 17.9761803964687
TCGA-A7-A26G 12.9127569084463 8.62025365983644 15.1233700589976 15.9536250398891 17.2792219474116 17.1612853502526 15.8962316393284 17.767055003491 17.0880420341804 18.1286018378817
TCGA-AC-A23H 9.15677558730557 3 12.0709680779161 14.0981219854737 14.9228697996418 17.9729668988386 16.5945255268198 19.2304824730854 18.9829295269059 18.9575429800497
TCGA-AR-A5QQ 8.38073955508986 3 13.4587083030297 14.0413282840761 14.1657253354552 14.9620429324106 17.765456465532 18.1856757922541 18.5897739947489 18.8957262368401
TCGA-BH-A0E0 3 11.25131673617 11.1175758026148 13.234076346109 15.4290634170468 17.8479172197809 16.0945769258524 16.5574470942616 17.8861542518932 18.483266276568
TCGA-E2-A1IN 14.7339928504881 3 13.7143752571221 15.1010303622734 17.8181732233352 17.804898918217 16.966698301457 18.4479776099318 18.0975658680046 18.1953803181128
TCGA-E2-A1IO 13.91163964767 8.07962400619397 14.4410871430904 15.451995523206 17.5081575635998 17.0661565407676 16.7300453666975 17.8085229120415 18.5177912801439 18.8288829871779
TCGA-BH-A0C1 11.9686857382592 3 14.060175020458 13.57060471584 16.1757502172131 16.9592885550597 15.686309766074 18.0400324634795 18.4126072380084 18.8971046632064
TCGA-E2-A106 3 8.1430898186147 11.615011782464 12.007868854114 17.2107673784431 16.3563834911858 16.5297901338371 19.1868864137842 18.5629655313289 19.1340008552067
TCGA-AR-A5QN 11.1521368465576 7.8470624745827 15.5757842569504 14.3316073692173 17.3871155061326 16.9140788427949 16.4011593659344 18.1329558976848 18.7528858888099 18.6829531113724
TCGA-AR-A254 12.043271980641 7.74437696618927 13.36142904647 13.8743875192093 15.9510699088104 16.818827158049 15.372779031239 17.3524635297717 17.7745488015607 18.118750779502
TCGA-B6-A0RU 12.0906266845374 8.11620808546463 17.2571826437558 16.2286741339703 17.8954203593342 17.7442227136715 17.7007879524342 18.7967209358326 18.7527859256079 18.6003701738657
TCGA-A2-A3XY 11.1604218573632 11.5857265787143 16.0703166423183 16.9434937123152 15.7835462022413 16.7226955012365 18.8370268389723 19.3208298290119 18.6447600544336 18.9176797391633
TCGA-BH-A0AV 10.7512683018143 8.02355793401498 14.7706099347829 17.3979975066016 16.0988171672382 16.893076746599 17.0457356098278 20.3900896495189 17.6449901393987 18.6856296986891
TCGA-A1-A0SG 10.8504119728889 3 13.2832838443999 14.5533203324396 16.8618434182502 18.2642505846948 16.5062165936939 18.655877006047 18.9399093647548 18.6637940042568
TCGA-AC-A5EH 15.6537885475993 8.32407373071383 12.0410061087268 16.0244124101177 17.0164762804712 17.8425249059601 16.6206189072779 18.1481296165371 19.3829910363694 18.2177146843116
TCGA-C8-A138 10.8647344193472 3 13.8659440726745 15.2358767035696 16.759680738529 17.1807807631509 17.4769423757714 18.2956260643033 19.5878262727371 18.3272786095613
TCGA-AR-A251 12.0134187006634 8.64912351904455 16.619567060253 15.5203294343731 15.098193637125 17.3951582084306 16.2968698972738 16.9209527193161 16.1644801910748 18.990094051892
TCGA-A2-A0EX 11.7402968968142 3 14.7940884190066 16.3108695610674 18.0739024491675 17.8701219527976 16.4970458428068 17.5160373209206 18.3544787558984 18.7118435816647
TCGA-AC-A62X 3 10.6694538442613 15.2978209773102 13.0261860538452 15.4710164690072 18.0766561480836 15.912655974457 17.6719280119973 18.0575391534078 19.4844945237517
TCGA-GM-A2DI 12.6969623831368 3 15.8027204835575 15.5825253522839 17.2243537002818 17.5763512956153 16.3539262923445 18.7898648004934 18.7630064401866 18.7636160204964
TCGA-D8-A1J9 14.1377061234918 7.62341354815277 12.9798857237005 15.0215552168485 17.4203263709082 18.075914917752 16.1899314502658 18.3315374738887 19.2342845898789 18.5636516969168
TCGA-A2-A0EU 13.1024718802192 3 13.6625537499667 13.346201336187 16.8963010326865 18.3369615644488 16.5932961626769 17.7531640667836 18.048392339551 17.846059264515
TCGA-BH-AB28 10.3203123958045 3 14.0968911497073 14.963126171337 16.2208329639625 16.7077443691664 16.2896572245388 17.8485331682185 18.3217498739533 19.1104835221056
TCGA-AN-A0AS 12.7147916389828 8.45669343647432 11.8553149879591 15.872526356176 16.0238382541371 17.9330057747561 17.3554415146149 18.328449242296 20.0880011420166 18.6318766987878
TCGA-A1-A0SI 14.4951370880837 3 14.1247394317621 15.3305081002224 18.0947460660512 18.1924981658832 15.8419127207169 18.1443734947655 18.9856678503607 18.7871862470979
TCGA-BH-A0B9 8.74868183004245 9.96712561500789 14.3638701237251 12.0218246874859 13.7782659575781 17.5973074400925 14.482103482782 15.627692733063 17.1412468251175 18.4547479882479
TCGA-A7-A5ZV 3 10.5571797625613 15.2930311232319 10.3122482790419 16.1449618849914 17.1802047404759 17.4857918967007 17.0869827534285 17.7718612681879 18.6859731917629
TCGA-BH-A0HP 11.1155637571124 3 15.3749889622004 15.2934383344516 17.9262078550392 17.8080036737642 17.2079864858426 17.599319978437 18.3233511424925 18.5396816466016
TCGA-B6-A408 14.5627156547128 8.97383879766486 13.8695895273516 14.8132678596339 16.4071594021962 18.751967590601 17.0078950888953 17.7784480721747 19.2222724882434 19.3673909013373
TCGA-A7-A3IY 12.9942307073052 3 14.87527429273 15.5541940809273 16.2475635777125 16.3900403463444 17.5070354938261 18.1759513935511 18.3701892462492 18.7539294329309
TCGA-E2-A570 15.5328344740038 8.4862090685357 13.2384303158944 16.7753608713898 17.2735292418648 17.8489918617636 16.5665536986132 18.0026452646254 18.9466220012582 19.181179202015
TCGA-A1-A0SD 10.5137329200991 3 15.0873033943663 15.8064951217392 17.3995731612454 16.7877651695841 16.9345665918231 18.0196301409235 18.3853235451796 18.6923324320054
TCGA-S3-AA14 12.6427411795681 3 13.8090991213799 14.487012844835 16.8983483562219 18.6339675922008 16.6118078391035 18.125536273446 19.0572697284166 19.014742108293
TCGA-A2-A4RX 11.7823949308182 8.86805557850887 16.4754432985052 18.8985891379942 16.726718218565 16.9804603752516 16.5660281375107 18.2214770830305 18.6974331427588 18.7561183551279
TCGA-Z7-A8R6 8.86931364398008 8.12045242355236 12.4669173686341 12.0047507839955 15.3990823791523 17.8637305874875 15.6011228395141 18.6334364796501 19.1991475245198 18.7384951286977
TCGA-A2-A0EW 11.7576262909586 3 17.3081277438446 15.4216261377161 18.051025295441 17.885248674015 16.1766688588472 17.6398368907876 18.300903837766 18.7201512212404
TCGA-C8-A12W 10.7227600048023 3 12.6799192376029 15.4541930631116 17.868452941768 16.8565842973625 16.08783692655 20.3666075246264 18.0968095047655 19.0750975578591
TCGA-A2-A0CV 11.4898867873952 7.77355390575817 14.6209989453111 15.9834152619214 18.6676667789792 17.2366804732892 17.3435335808654 17.1684315007125 18.4309898453941 19.3847024002986
TCGA-A8-A09E 9.98111815941482 3 12.7149756240998 12.8656848153468 14.1467661467963 18.1881423135172 15.4398198674722 17.7199008235969 18.4688678761761 19.1656235770177
TCGA-AR-A24N 13.5183430048109 10.3451726679485 15.5922772554929 15.4810532218804 16.2239074825958 18.3388047372704 15.92970242816 17.0126679003515 18.1630185388424 18.4662929578112
TCGA-BH-A0HA 14.0197996437741 3 14.0317920023232 14.0753440382139 17.8458230225445 16.8450589796665 17.8559746351527 18.1935901385693 18.502496821261 18.147706107718
TCGA-A2-A0YC 7.55131231029545 3 13.5496707545326 13.7483265844609 17.0144324019922 17.6862965862549 16.1910151309937 17.896017551048 18.0254678194763 18.9490644140346
TCGA-OL-A5RZ 10.0346533490109 9.68666966255386 12.2858464002635 12.9668401475809 14.8168199891413 17.1555054647356 15.4253271380253 18.0646194035779 20.1472474965375 18.8242486895537
TCGA-A2-A0CR 12.4591076754913 10.3777800190443 15.1930786141963 14.5826243207776 16.7058660180345 17.2498352177837 17.2481891554527 18.1101685655161 18.7163908546688 19.6234416206616
TCGA-OL-A5RX 8.04878841370012 8.27620007755433 14.6607091112432 16.0229657324751 17.0966980809213 16.9717190840152 17.6515899168231 17.831345659333 18.6648812682899 19.062971010988
TCGA-AC-A3TN 9.50949217491445 8.18283287582695 12.573186925649 13.0574267118751 16.7256476148832 17.521175000158 16.5664176905538 18.2043143366156 18.608728479181 19.6718202506822
TCGA-AQ-A04H 3 7.86146881154215 12.4361630805566 12.9324094174452 16.370384108 16.4442492010157 17.4433046790719 20.3244604218892 18.9705525368421 19.0381262154662
TCGA-AC-A6IX 10.9897160687239 3 15.0551376195405 15.0066196814622 17.0957171048095 17.2554251034704 17.0454388745926 18.1867803751631 19.2190859603877 18.9622166159177
TCGA-AR-A0U2 8.62948048790618 3 12.6620982345109 12.409934454086 15.602718342841 17.4725283749027 16.1805937416898 19.3840267131964 19.3431519821503 19.283401920573
TCGA-AC-A3W6 11.6141162294195 3 14.1021108624272 15.8587453092233 17.4058226744394 18.5252436580817 17.166227944491 18.7433580263055 19.3038585882275 19.1529559968904
TCGA-A2-A0ES 12.2910545003725 3 16.7030633193305 15.6083058789132 18.3453934795064 16.8522326671064 16.6315810538478 17.9665804295215 18.2640522557461 18.4962198520273
TCGA-AO-A03U 7.68024631988484 3 16.5357716059716 15.4887449456493 16.8252308306825 17.2872210336566 16.6172765053159 18.2496191935597 18.6444364622433 18.7272854363799
TCGA-AN-A0AL 11.4785970276984 3 13.1782783206278 15.420824753825 15.7056092333591 17.5083884261263 18.0657073625693 18.6000453621893 19.3875645817098 18.8272878618204
TCGA-AR-A1AP 12.3227830345141 3 13.6294593280222 15.1441405680333 16.3765108753954 18.2886961431859 16.5493515786805 17.5223472576078 17.9471802965112 18.8807094535237
TCGA-AC-A4ZE 8.75341545178801 3 14.4306554164051 14.1198043860197 17.7130584831392 17.6404536206476 15.999230267708 18.7192599575539 18.7481085619617 19.2001326121369
TCGA-E2-A15C 12.2603180460167 8.20951318715687 13.7320190432304 15.0007969912948 16.9133324065273 18.3474352476333 16.8279366768848 18.1354425553959 18.4199939047036 19.0617184613327
TCGA-B6-A1KI 10.0731813702216 7.7654590517841 15.9915957970023 14.2502863750244 18.7626040407811 18.3518092055835 17.596195187676 18.6447448243538 17.852116843431 19.1070124064843
TCGA-AR-A24T 12.6405810443859 3 14.7177898666098 14.7891653314262 17.9306240051478 16.138148966046 16.6621402137091 18.2995630356294 17.5387637131239 18.8504494204736
TCGA-AN-A0XR 10.087889667245 10.3202522852015 11.0891922039266 12.0898573009131 15.3935963158079 19.0106758739376 15.8885500008825 17.7435162802771 18.945376145666 19.1306232460349
TCGA-AC-A62Y 12.5312675584366 8.27739166857517 17.9715624367005 14.5095431521558 19.3560255872676 17.8944157699454 16.7396098756562 17.4124279038322 18.7275037745846 19.1443377431198
TCGA-A2-A1FV 11.9822651983258 3 15.3908844888581 15.1589391998646 18.1667558073232 17.0119388490075 15.8020557533858 17.7908103751255 16.4620545220952 18.5947524770391
TCGA-B6-A0RT 10.6064226336581 3 14.5785256519876 15.7378220992753 16.7775071908789 16.7722243561911 16.7357188858397 16.6380793105774 18.3106201768149 18.5424718928632
TCGA-AN-A0FN 15.9795290112298 7.9880298429912 16.7187263117965 16.9878916343323 18.3144268780569 16.6164738515454 17.7267817376212 18.9712432977909 18.0225081511632 18.3160376534215
TCGA-A2-A25C 12.4470891945394 8.32314899984745 13.5157800943643 14.8640515732767 17.2910742814446 17.6042866815042 16.3809497029925 17.6388967281245 19.1767828611079 18.7075385380922
TCGA-BH-A1FG 12.0599459628413 3 13.293653789688 13.8182229613318 15.3018180093108 17.4752586719021 15.8396076232348 17.9864218872448 17.79996454875 18.851153524595
TCGA-BH-A18M 13.7412536945497 3 15.7414196429693 15.6383238167733 17.7606435662852 18.9886036790317 16.4856464789438 17.5969411345401 18.2287353219777 18.7745912995471
TCGA-AR-A24M 11.5713237931831 7.6137130226124 14.6288130323358 15.1747832434436 17.380223468791 18.0485875262973 16.5220580507335 17.5796397888585 18.3329622118966 18.919516293107
TCGA-A2-A04T 7.81522972261957 9.59694791260929 12.8765808664866 13.7793740666044 14.2070267890763 17.339687392946 16.2776955635965 17.1009842000062 18.4234080655937 18.3887826935231
TCGA-D8-A1XM 13.4195126990032 7.60444490677949 14.9091793223225 14.5834007563618 16.7921477413003 17.815291829879 15.8979938238358 17.8891023817284 18.1110556685904 18.5164978255982
TCGA-A2-A0YI 8.55751025624994 3 15.1383681033845 14.8632561047662 17.2410117602789 18.7167744087697 16.1557139290841 17.6169840742643 17.8659112674721 18.899509331402
TCGA-BH-A0HY 10.7477881643018 3 13.0871020727801 13.9220430886688 16.5190603536258 18.9505111868161 16.1007286602548 18.1228484351255 19.6968938044861 18.1676558452266
TCGA-A2-A04X 7.83646787520267 8.0628399958533 12.6679504189245 13.4671678470161 15.8050201354596 18.8319483798193 17.0531424481931 18.2626779316146 18.6282288116389 18.3462996036536
TCGA-A8-A0A9 13.605703768213 7.78356045961241 12.4492482077735 13.6546672545612 16.4780050984097 17.9549999146788 16.3126069923044 17.6357734523999 18.335002571311 18.7391100214403
TCGA-AN-A0XN 13.3590202968128 3 13.6517088404946 17.3214770873721 17.3051243661481 17.3474875581761 17.2966227512905 18.5220474471637 17.6216160629058 18.9125770387847
TCGA-D8-A1JF 13.0762364500592 3 12.8006034176395 14.7390258337976 17.2717665613295 16.8208809825883 15.898253235083 16.8774971437209 17.9392579550588 18.7331804768785
TCGA-GM-A2DK 12.0066404819554 3 15.7919217289438 15.3617655283039 17.0681272105347 16.976100820557 17.1440142486051 19.2450562598063 18.0276465436437 18.3558342536361
TCGA-GM-A2DH 8.87713273190123 7.56369631284768 13.4056477005268 14.7828933281384 15.072255781231 17.7723044884258 15.0028608352026 16.8118783493127 18.9136554938099 18.8333073167278
TCGA-BH-A0BO 14.110271444583 7.94813442962959 18.3664130468679 16.893962356824 18.1433544658213 18.166707532305 17.4880299166579 18.2561389108396 18.2866775200432 18.7823827928074
TCGA-B6-A0WX 10.4892340542376 8.17078794172573 14.5593824933031 15.4232349494162 16.590661361815 16.7568767753416 17.7563380259436 17.6991453911608 17.2876636966971 18.4290945127022
TCGA-A1-A0SF 9.093396703057 3 14.9416139202681 14.435265788998 16.7088285096693 17.1818875615821 15.6750297995938 17.7476997379068 18.5697022248252 18.4399957308114
TCGA-A2-A0CT 10.6855586650457 9.92441115545328 13.5486328437308 12.5588125661467 16.9105989600541 14.6785478792208 15.92767033639 18.1439624633553 17.9525672462879 18.4932074361009
TCGA-A2-A04Q 10.513118366177 9.75259197345986 15.5193519291633 14.7724289320787 15.4357753216248 17.1608410520563 17.3902106523533 17.3844986175558 17.6931272941089 18.6665100699698
TCGA-C8-A3M7 11.9778678121848 7.93497734492008 16.7324203111434 16.7790438409175 18.7271814945677 17.5520490493231 17.1447331277692 18.2482790968219 18.7548699572019 18.5999612550224
TCGA-AO-A0JG 10.5594525221546 9.38802736819788 14.3347668037263 14.3791234891622 18.1915831110817 16.821847954225 16.6503101411431 18.0231730324702 18.3961108367132 19.0217051664812
TCGA-BH-A0BC 9.19244862009337 3 14.4602732481954 14.0556750268823 17.501512982714 18.175437579236 16.4637720874137 18.6044894692846 18.8043636306608 18.9979284360839
TCGA-B6-A0IQ 3 10.7659347901664 10.8513979076244 11.4942205607169 15.1094452026177 17.5855561246955 15.7356555553354 16.1776236670661 17.4222081553728 18.7455122538575
TCGA-A2-A0EN 13.5024960786676 8.92648003286773 16.268533050956 15.076499316919 17.2304830802186 16.738620356036 16.8053246360489 17.8025029570662 18.1634061472282 18.7696784529534
TCGA-AC-A2FO 12.0204128671138 3 15.3800783681599 16.5582280067952 18.0376647983243 16.7639500762765 16.2311096719654 18.3612636902325 18.1017911347014 18.9776044001294
TCGA-BH-A0B5 13.2401899546746 7.93590461905852 13.8791402771745 14.3039768291516 17.012474361524 17.5297730015542 16.112737772482 18.0447424929062 18.3760432719308 19.1177681206037
TCGA-5L-AAT0 13.0170821612005 3 13.7190311518582 13.936904971282 17.2667303516258 17.2738750195643 16.5960685823697 18.500138149113 18.4704360509802 19.0532243540273
TCGA-A7-A4SC 8.50234966774328 9.71788770180649 15.1538267625992 14.2657007106687 17.9816712207367 17.0610494264774 16.5358992102749 17.840941831953 18.42531271227 19.128748479294
TCGA-AC-A3BB 13.3832290672715 10.0722709846716 14.9750384267258 15.6211263409749 16.7541622772087 16.7431390222616 16.4811113203863 18.0594381757156 18.7071726926458 19.2572762364685
TCGA-AR-A1AY 7.87410267402409 8.10067044493664 14.8661654285607 13.9671818508984 15.0796732932058 18.3627081665935 15.9257834682834 16.8425113098636 17.9263488238319 18.2571976300739
TCGA-A8-A06Q 7.43391463122244 8.62897663935417 10.9187559352626 12.1758434127145 15.1926809803077 19.8582337483753 13.8870921318315 16.9040873975583 18.6635891203819 18.9385571153984
TCGA-A2-A0T0 10.3274686219945 9.56769899345114 12.5178890507194 11.7687950664197 14.7428771839939 17.267001140231 16.3998158237957 17.1977672288122 19.2431944173418 19.294488307784
TCGA-A7-A4SA 3 3 14.8359459682458 14.183448609495 16.6619534497028 18.3971237770681 15.6792913960578 18.9535927452161 18.810185526661 19.0425722166508
TCGA-A2-A3KC 10.3750763574361 8.05927930197176 15.5720153754666 14.9140228599521 17.6530180714957 16.1820253897765 16.8146387420312 18.4977886241615 18.4472752986667 19.0245268257809
TCGA-BH-A0H0 8.46017533341061 9.26482414291773 13.6522624084046 12.9629603231389 16.6444980005535 16.0651242616808 15.4626106865256 18.2348863804199 18.5759821919823 17.8176794897498
TCGA-A8-A07O 3 9.35186591362704 11.8025878128926 13.3240787411559 14.5461240742538 17.0002091944736 15.7370675796357 17.997672599928 17.3564067120391 17.9696101256457
TCGA-A2-A25A 11.9729349794435 3 16.4834352866441 16.3649177175457 18.3869263326844 18.0970260397972 17.4563291327311 18.2082726527892 18.4393308838224 18.4680321530657
TCGA-LL-A441 7.56830165270742 9.34296882204244 15.3740762221135 15.3979153863158 16.1359146847405 15.4706329290072 16.3552262031867 16.9838351113488 17.9741200709085 19.3772307755655
TCGA-A2-A0YT 10.9172290245015 3 14.4174043746957 15.1929354891802 16.8254910205421 18.3311156074187 16.1571553679028 18.9196145767365 18.6458004029349 19.0210360527753
TCGA-E2-A14U 9.59306108457152 3 15.3511320680942 13.1962199205363 17.4183584926784 16.3173120238566 17.4189144459245 17.9066131424139 18.5870573168325 19.1640014535818
TCGA-A8-A083 3 10.6611744969856 11.4738498611934 12.6286644036696 16.0568570563439 18.5750989886311 16.2491050353393 17.4231699521116 18.2914133896401 18.9835248677966
