X729 X735 X4153 X5265 X10747 X2159 X717 X2149 X2 X7450 X966
TCGA-BH-A0HW 9.06317925635596 3 3 14.4890092653543 13.8283707233004 12.4779724613432 13.5730136474096 18.0487246896689 19.5846462418474 17.9982546771495 19.9091801874366
TCGA-BH-A18S 9.02926354353624 3 3 19.8158757192793 11.645438204782 12.3394032234327 16.9740670959198 16.5344844975517 19.8721681714061 17.7737317070481 21.6160755538887
TCGA-D8-A27E 7.65106251483226 7.74568735907693 3 19.9460822569361 13.1767604249506 11.3421296216741 18.2638189800962 17.1578155963936 20.8591293010029 18.1269402357267 22.9468738057569
TCGA-E2-A1IH 14.6546477115696 3 7.61936060135687 18.6312895846909 11.6327221851611 13.6513679206063 17.1098301239373 19.5921932140536 21.6742189095154 18.2019882574018 21.9239162290768
TCGA-A8-A091 13.425983232939 7.97181326474543 6.22857161588777 17.0918604315549 14.1628877770106 13.7638550149615 14.7705234777038 19.4541046102691 20.8631060094321 19.2629721818224 20.266404953965
TCGA-A2-A04W 8.0071919379352 3 7.43878708621364 19.2220428078331 10.9316759471337 14.5249412845963 16.2433187079259 18.6041599671038 21.9859473264592 17.9253718149543 22.0469625241845
TCGA-D8-A1X5 6.73738083680723 9.64473727827728 3 17.8086231484489 10.2506565097605 13.1580081282133 17.6762761487637 19.014919444864 20.9508939251854 18.2267954000603 20.7982032010739
TCGA-BH-A5J0 11.1872153782615 3 3 20.2805676904316 9.70089565836383 15.3751964685167 17.8545146253996 18.3637924079502 21.2816367928938 18.7324387720168 20.2784116083279
TCGA-A2-A1G1 10.0895681422869 9.41673149262779 7.38864731803489 19.0652742519092 12.4429056959817 11.7280158996845 16.9926087400161 18.7170849863317 21.3889136087162 18.1723063366635 22.6553022040532
TCGA-A8-A097 13.5158326224835 3 6.37020711508276 18.9576265711986 12.3484419051157 13.7061572157227 16.8136445437923 19.289245156385 20.9566133372042 18.3536344655643 19.9143295028815
TCGA-C8-A130 11.2295450458687 8.09302860056931 3 16.4792198637885 12.5698235596056 13.5458829539937 15.6701865484462 18.693657639278 21.4638636681875 18.9260542633647 19.9276137810197
TCGA-A8-A0AD 12.5609662765959 3 8.65133699760142 18.1517959786106 12.6937317979093 12.9599381554388 15.4864568457627 18.1393489251781 20.7049399671488 17.841923540453 20.8009818882137
TCGA-A2-A0YL 11.2661341048759 3 3 17.3307736369229 12.9051529166855 14.3208735538331 15.625800686045 20.2480514558465 22.2803445963573 19.0866293637698 20.9058749190344
TCGA-A8-A09G 12.4886464779638 6.83210122963844 3 17.494813935225 12.4692970782492 12.4463233967798 16.3587282569384 18.3338148224468 20.8914356480007 18.7685343827355 20.2669296824076
TCGA-A2-A25E 11.6714014219783 6.86858582909865 3 16.8710438750726 13.3803106122504 12.0008486231356 14.9006712908091 19.2227505943406 21.0443005521454 17.4686870198479 19.4169968534508
TCGA-LL-A73Y 11.7356609471414 7.97056162798005 7.70584980516969 17.3216290699848 12.6085025584017 14.1561855167622 15.7271774376428 19.5254763191692 21.1211593504983 18.4426038878143 22.3317781391344
TCGA-AR-A1AK 11.4324946786304 7.15088732054647 3 19.1317990046442 12.5869703331313 15.0218654005979 16.9163070524555 19.6768699833971 22.0651993858 19.8430655331175 20.6570578785425
TCGA-LL-A740 9.83257547662368 8.22053406493038 3 17.8859049167003 12.1167466352354 13.6156209231534 15.9374142983269 19.306701306271 20.9222479670784 18.1898532397195 20.3878943773613
TCGA-A7-A425 14.2569880886457 7.07389592318172 7.76531321367557 17.9263279464492 11.4630765872071 15.9030906759764 18.9082814649948 18.374957596749 20.9981870609062 19.7915867596486 20.0825764532278
TCGA-AN-A0XO 8.35142234573058 3 3 19.8410843916697 11.645956257845 13.8730940258244 14.7327754450113 18.6081085535375 21.0135732389332 18.2803749454052 21.2389502290688
TCGA-AC-A3W7 13.5974421928208 8.68613395239191 3 19.6329365516723 13.5330927132574 15.2497848259352 15.1934491758292 18.9051848995798 20.8762736583386 18.6909180862379 19.9729641685612
TCGA-BH-A0H5 11.7483886016462 7.12145599343523 6.86439490367046 20.0966237289123 12.9033177686066 15.0477970547275 17.5416108213896 19.1513697418374 21.3483499251545 19.2247109151839 20.9790893305218
TCGA-C8-A1HL 11.2830424737759 10.3854738782366 3 16.3111458868833 11.631471338378 12.1448075649343 15.9929185921885 19.7850110463093 22.093684544061 18.9435622868291 19.8505523508962
TCGA-A2-A0YF 13.1368333455747 3 3 18.9752469786474 12.2657260730919 13.0153089033423 15.1987130991302 18.4316016708606 21.4997488081487 18.0048547313143 21.1975890236289
TCGA-E2-A15J 11.2140941571523 3 3 20.0922710663769 11.9855283863917 11.8985688421833 14.4184529448946 16.9049464984517 19.6807331366887 17.3031918238416 20.5433284443806
TCGA-BH-A0BW 8.86451364112658 3 10.4791010623223 21.1239561797125 11.7722104018831 11.2675069746735 16.9544742881874 17.7805198818299 23.3364502564876 17.5979394377711 21.451601347472
TCGA-A1-A0SJ 13.3394413837364 8.0764259947042 6.86153602615051 18.1623689546246 11.5103849358962 14.0167938220809 14.9837187360901 19.2895941291452 21.8786149691591 19.477163117279 21.3223427019105
TCGA-A2-A0EY 13.5893574295946 7.05738256643328 3 17.8203948188003 11.4898331940138 14.2476728521055 16.3947859390923 18.2224696232333 20.3270808269961 18.8914479729071 21.3219584248235
TCGA-A8-A07R 3 3 3 17.3975816681546 10.5619787100645 13.6697068039214 15.9743612296635 17.1823616583709 20.5307738766758 17.2944985094626 22.1072638135389
TCGA-BH-A18G 3 3 3 15.8284217794898 3 14.0489096912664 15.8956406935382 17.1072138167711 19.405248714692 16.4275729409004 22.2933478029966
TCGA-BH-A0BR 12.5500102060148 8.29149780466894 7.06852211547057 20.0366181134989 12.0157768558964 13.7091925781763 17.1944604489396 19.6902029528658 21.5178017866004 19.0536603913639 21.1665542298378
TCGA-A8-A06N 5.83351749815952 7.370316708828 3 15.9709087702202 13.6618541799289 10.5383551618383 15.3801338130654 17.9823889091639 18.9449527150679 17.2847425010081 20.2997176318543
TCGA-AO-A03M 10.6680346984499 3 3 17.7106116498271 12.8587869752421 12.8700180773869 17.0250470851975 18.9157502258793 21.0073318031505 18.7219326146664 20.3618479366298
TCGA-A8-A09X 12.2643122876036 3 3 18.2931909645872 11.312259303033 14.1158829991359 17.4800953602009 18.4829682685267 21.899722818322 18.4995185648847 20.9505821882737
TCGA-E2-A1LS 8.84199422664811 10.0955499382922 3 15.5428622122644 13.6181759509009 12.0754684588141 13.3878529358871 17.9301826625567 21.4433849605722 16.2895648627348 24.4635830635258
TCGA-AC-A5XS 15.4090209284562 3 3 19.2470057541476 7.88720868182956 15.4035901139959 16.9384652249229 18.8399415491077 21.2198986483314 19.4610605727888 20.518648473136
TCGA-AC-A23E 7.14273211020602 8.36249605977324 3 19.0838614058945 11.3074586058843 14.324847781225 16.6394437439543 18.8168701334378 21.3340620586336 18.5440458612484 20.8645093066024
TCGA-A8-A06Y 7.60861506006131 3 7.0473069865382 22.9716467082711 10.5202497055547 11.3682049087335 15.7335756422215 17.394069054508 20.0316303513695 18.5164115586938 21.4260190338399
TCGA-BH-A0H3 12.8829015553313 6.87236901479513 7.55857833477324 17.5942543716082 12.5125004410262 14.934772342049 15.4628640088419 19.3885971379485 21.9232094782297 18.9990345934752 21.0165982589795
TCGA-AR-A2LJ 12.7149758765488 7.32094233263601 3 18.4513934251812 10.0531242850919 16.5803006456098 18.1586700616196 18.2733643306803 21.8588958888195 19.0355217007129 20.6114487450289
TCGA-A8-A06U 3 3 3 19.9763846726406 10.928602846636 11.3634815261251 16.7463036707231 17.7438037053139 20.3768569554992 17.6931485490211 20.7153517165896
TCGA-D8-A1X6 9.90345381140298 6.69099765645105 7.37183590007877 19.6762587652469 12.4078099720012 12.7592418957294 17.1789212223605 17.3803492441109 20.4912436233717 17.1152053976554 21.4144849122873
TCGA-A7-A6VY 6.3888027825413 3 3 19.2449515758743 12.6505464708807 13.0609916501076 17.7991407098626 17.3199537838372 21.3865431968733 17.5975014760736 20.880014621897
TCGA-E2-A15O 10.0720391763256 7.23823614002952 3 17.9754300318808 12.1901557359263 13.9771266588525 15.2939997470778 18.2794652666132 20.1676560897265 17.6209792861903 19.7350641734366
TCGA-A2-A0CY 3 9.37591533056101 3 19.1148020021353 9.84444941254816 13.7715913233835 18.5294246675168 15.754222117604 20.5578832389705 17.7069218170791 20.0928218449881
TCGA-OL-A6VO 13.2122178532504 3 8.63810072819351 17.1510654052155 12.2415826595511 13.6351892045185 17.0213590682023 16.6020146597475 18.7837675608281 17.2989867431399 20.3641008716348
TCGA-A2-A0CL 14.4768456736943 3 3 18.596414824352 13.6042995167476 13.9998603868052 17.4094741744391 20.6378372890135 21.9180238832429 19.811277570605 20.1992469747433
TCGA-AR-A0TQ 12.5068064123645 7.64704868588373 6.45220051520255 16.6883294401385 12.311888779342 13.3405300958834 16.5816323330303 19.1805053128111 21.2516744030578 19.103446556312 19.6525705513233
TCGA-E2-A573 7.56976380718801 3 7.00925600689114 18.1999948863441 11.062204456494 12.3760956992919 17.1949064391482 17.142378960772 22.0969797115334 17.2661162827257 20.9320151172816
TCGA-A2-A0CW 3 3 3 16.8852118678858 10.4148766062082 12.8940927546728 16.1406276994925 17.4795235761544 19.9826715442607 17.6802385764661 19.6931532678683
TCGA-AC-A3EH 8.91239848969466 7.07491130590651 6.81841249678832 17.146357058419 10.6372518526282 15.8234764374433 16.4055827782477 18.2682834795768 20.4147505400914 18.7993003439605 19.8832521054602
TCGA-A2-A3XX 10.6575826996504 7.03245272289958 7.72285907622301 17.5674756610575 11.4633700707112 12.5536686768297 17.628689144413 17.7523398859676 21.215000992397 17.540168212438 19.9544703780328
TCGA-AO-A1KQ 11.3933578885362 9.44523551741373 3 18.3470544793906 11.4297369019828 12.8842581817081 16.9058211323365 18.0416990352058 19.9329204581442 17.0383509024703 19.9545608701551
TCGA-BH-A0HN 6.94852937638372 3 3 18.9560758637437 12.220576481075 13.1833349197067 14.9723161314334 16.2227928992674 19.3498396615263 17.5958176917911 20.6306209641011
TCGA-AR-A1AR 13.0609982314802 7.49555903277678 7.79376265376892 18.0000879634614 12.5919157073968 12.1837548838793 16.6666346251087 18.6636450787079 20.9755494876756 18.3472400364939 21.8148332714634
TCGA-AO-A0JD 11.6320653829063 3 6.89028857791833 19.4102101035692 10.8654053371205 12.9751366515978 15.6819760302972 17.2766170032875 19.9385161685978 17.3639044269053 20.6773372888001
TCGA-A7-A0CG 14.9047745793365 9.9034083319047 3 18.1344135866703 11.9525852157352 15.5739592182577 16.5273726319979 19.3503331020908 21.973248692722 19.3943718498311 20.9839219441902
TCGA-A2-A0T4 14.1787081169173 3 8.20065709071624 18.4292838914163 11.0838533977987 15.6850955694624 16.250515153106 18.9331803709463 21.77573113818 19.4092004817116 22.1453853339856
TCGA-B6-A400 10.3853526658986 8.29007352743082 8.0234588340004 19.8372259629331 10.1513451481312 15.6723245609983 16.7317686295535 18.5292824414147 24.2399189995747 16.7248664782023 20.5792942400466
TCGA-E2-A576 12.6773413534446 9.01224968594287 7.21055230864012 16.6210758891177 9.21958103275113 14.6369687600542 16.6342252718652 17.4402711523201 20.6454159416306 18.0144860488407 20.3083369374928
TCGA-BH-A0WA 3 3 8.26786789968669 17.5051556570905 11.0420243541079 13.128079557389 16.3594009832678 17.6028661865136 22.555111270716 17.3048063100252 21.7535018212795
TCGA-A1-A0SN 9.98332924550248 3 3 19.6818069151005 11.1842567605746 13.4956977451472 16.4292408361427 19.5635566470167 20.9405624900922 18.6678195539163 20.0516621850629
TCGA-A2-A0T3 12.5652931499509 3 3 17.3523852572889 12.7218774431743 13.1846003263787 14.2818249524677 18.9032080326184 20.8867135244847 18.3483992692607 21.0294348264079
TCGA-BH-A0AZ 13.1005915787396 3 8.19083667980371 18.0483308318835 12.3270181600345 16.4814132828212 15.9035144029798 20.2262694758158 22.2894869322733 19.3602924080079 21.6210249588218
TCGA-A7-A4SE 11.5108211120191 3 3 16.8741860556423 11.8979938674689 14.591921989383 16.226793350169 18.1894400119495 22.1428694207662 19.0112997961327 21.0176940818138
TCGA-AQ-A1H2 6.02828424462617 6.64335173202758 3 19.6556275464708 10.703791590924 13.1159651990342 16.912383380322 16.3972476171493 19.677508337133 17.2980813421934 22.0025048399252
TCGA-A2-A1G6 12.6966247615906 6.93654564223189 3 21.7707777365201 14.1834918661226 15.0711953193099 14.5612991130409 18.6193060989833 22.1109886308134 18.6884096047571 21.557400409842
TCGA-A7-A13H 12.2941478369726 8.40482632243093 8.1376242420677 18.5948453960094 13.154887589279 15.1927237798073 16.5661313890134 18.8831136828264 21.4599244713227 18.7137837272093 20.1939639820595
TCGA-B6-A0IP 12.0995183097851 6.70549674421832 6.45415628551721 18.3658546527736 13.065189074793 14.537841648617 15.3160782705084 18.5174270665301 20.2524942833618 17.8617270086046 20.473235669257
TCGA-A2-A0CZ 13.5428075546884 7.44741761014331 8.71804661740708 18.0350840883903 12.8319941548933 15.122769235711 16.4876294523182 19.7520041501898 21.6696873365741 19.6627852478136 21.0084362301631
TCGA-AR-A2LK 8.62940785843319 7.75290544775103 8.77262790175688 18.6847750790251 11.6348485567655 13.21428524664 17.0136234872848 18.7375899103291 20.4934312542605 17.3258545671682 20.3392152948668
TCGA-A8-A06R 3 3 3 17.9990875401187 12.2545040766959 13.8572878345713 16.9578659084652 19.3471187286961 21.3559367106215 18.8214915287411 20.1605098078147
TCGA-AC-A3YJ 3 7.54115745053763 3 22.17774281507 10.8643186676376 13.5585306543883 16.0112257331179 16.4439051820332 20.7560166127001 17.6433868126558 21.8987227998051
TCGA-5T-A9QA 3 3 3 14.684222790368 11.24012774307 13.3927392220085 15.6948394486655 15.7972428033706 19.2046515471672 16.2336144435563 17.1278900890617
TCGA-A2-A0CM 10.6457212375815 3 3 17.7171143182531 11.8428190877388 12.3493952708515 17.1060630876263 18.1268837327454 20.435417655925 17.5434264720002 20.9653365515152
TCGA-A2-A0D2 11.5052368763493 3 3 17.4963049646886 10.8569229373671 14.1881943714438 16.4539068894951 17.7503496320543 22.7105444077679 18.9213282168673 22.9413927409704
TCGA-A2-A4RW 13.9149959521399 3 3 17.508893793168 12.387819748929 15.8920498735309 16.7111564756193 19.2575780479299 21.272167971698 19.082143868575 20.8095022791323
TCGA-A8-A095 13.4781645802721 6.98767952486091 7.67695974433397 21.1354153221898 12.8922275787523 13.8043788481567 15.4126343648738 19.1254990919098 20.6998239561394 18.8045682894101 20.0689139296559
TCGA-A8-A09R 11.4552475632799 6.75377705609074 7.4365536169274 17.8640076503012 12.1409840427443 12.1794649375585 16.9292505716604 18.6141255497363 20.7687813692613 17.9882468875977 21.2605771083349
TCGA-A2-A1FX 10.3445664243393 3 3 17.6441005486645 12.8159724929274 12.9715285095681 15.6794946318165 19.4170637555758 21.5989910338193 19.4661656663514 20.3368529430678
TCGA-A2-A0T6 15.3125975779282 6.83598623722244 7.52117311969 17.3126043654772 12.6658605320168 14.1756793516964 16.0098992192848 19.2559485555466 21.1560962661163 18.8276377988736 20.7718469315834
TCGA-E2-A15F 14.1276998110586 7.27937850302098 7.02053789643506 18.1224774278156 13.7326355425332 12.1743231156843 14.9504639025725 18.1362712267835 20.2471238458887 18.2830347278303 21.2277631297446
TCGA-A7-A3IZ 10.8893399116806 7.01488715827936 3 16.81183466603 13.6916597615112 12.8930035030394 14.5114740486745 19.7380949754638 20.355868560972 18.6565187140278 21.0320424118495
TCGA-BH-A1EU 14.9996542892115 7.17783888059704 6.92012023808476 21.9253977496042 13.3776822636189 14.2916456164119 16.6645518871881 19.243901346509 21.9453474959869 19.8392612402853 20.8369361584717
TCGA-AN-A04A 8.89945007856837 3 6.80618183067036 18.5864830796675 10.7017678527752 14.673837780219 16.9630317796198 19.7032382285331 21.4306883821353 18.8518159366932 21.6439596727694
TCGA-A7-A0CD 12.9787581484794 3 3 15.8047711125716 12.8998061212102 12.332458507884 15.1424278135868 19.5195277576709 20.2724597855265 18.8453876738691 22.6999061863846
TCGA-E2-A156 3 3 3 20.4972884722576 12.3495536376314 13.1476082073721 14.8246775834414 16.4403577516225 19.8998797714037 17.8027644625143 21.2946898272569
TCGA-A2-A0D4 14.3739259258606 6.66359851621555 3 18.6899614103078 12.8013874137297 12.9374339556658 14.7358234291703 18.7291872824048 20.9347134177726 18.9387305567831 18.9641604244337
TCGA-A2-A04R 9.94731917893299 7.11948257603412 3 15.0933240876252 12.1246958363065 13.867429035951 14.4260899572776 19.0410001108467 20.3758196263402 17.7980125040442 19.8753157730495
TCGA-AO-A0J4 8.80399304905897 6.58668937880713 6.33730412071048 18.5519488256262 11.4623750221826 13.2630876985743 16.4395016019742 18.2265626616642 23.5728196809066 18.3953690443297 21.7296811295054
TCGA-A7-A6VW 10.9937786559724 8.38451454821572 3 18.2005128070023 8.44150878514088 11.9253207017584 16.9238105306086 16.1161331824593 19.8065256361146 17.3132898359946 21.3013349607823
TCGA-E2-A14Z 12.9569934011927 3 9.36430088848933 19.2287002161593 12.7514262488837 14.3524066087302 16.8611686431766 18.8573206647032 21.3667366770575 18.786674810796 20.3313121091582
TCGA-A7-A5ZX 11.125813242405 8.14494033673852 6.927347624568 19.1745531226245 13.472813071732 15.952186501643 14.7509455867093 19.9435365861365 22.100297391899 17.8298753932819 20.5868590008879
TCGA-3C-AALI 10.4888396919361 3 7.37609122744239 20.2941273996464 12.9120826032696 12.90557110872 16.9290420777759 18.2551041580959 20.2963701639243 18.6766210707619 19.3920729714508
TCGA-AC-A2B8 15.1987662986438 8.03180951733424 8.95848555896864 20.8120046174139 12.3040084629613 13.6819969722414 15.6380273973555 19.3408151239414 21.8287808615059 19.7492688348069 20.9490192994146
TCGA-A1-A0SB 11.4978676234604 7.34324665517198 3 14.40908819175 14.0018526371243 12.9186432858936 12.9788596336659 16.2898966198228 22.3963117099045 17.4784647306723 22.1850727656697
TCGA-E9-A229 10.0363395406819 7.59953096133935 8.30149806840887 18.5596315804448 13.2612656659263 13.9832787865017 16.5686130507969 18.8433216887107 20.892542032981 17.4374416795959 20.2257233609696
TCGA-D8-A1JC 6.81396843844487 3 9.5910975428002 18.4493572723729 11.0397588993845 12.2417507957325 16.2164663336288 19.0567097951488 20.9902152637814 18.3629195694062 20.7585981149338
TCGA-A2-A0D1 7.78482623034582 7.48099187099316 3 15.0624455038851 12.8671235810552 15.1830145285086 15.3181105237805 17.5964044968053 20.1824764050185 19.2121857421423 18.7805351173629
TCGA-AC-A2QJ 12.7868544640687 9.514836230879 3 19.9783001028205 7.45474943185164 13.2400680163868 20.612435557582 17.4058667134335 23.6542223276283 19.0093654169247 21.1104378385809
TCGA-A2-A0CK 14.9193959359753 3 3 17.4639670254364 12.2091374774336 15.0437053660005 15.3171376191579 19.049591824632 21.0596000810812 19.2989308251722 20.1196443576574
TCGA-AQ-A7U7 10.5356118980375 9.06301085311 8.38681548434699 19.0779279993944 13.655117055463 15.0459547892869 17.4724289174903 19.6028048682879 21.8276792062719 19.7366056766783 20.207468064663
TCGA-D8-A1XU 10.1722240726893 7.65602651281626 7.39364471406985 24.005118095315 13.2219949323928 12.8309775475859 15.1941313235372 18.8886808838667 21.053618870935 17.8203764456231 20.9825520706792
TCGA-D8-A1X8 10.4000857783968 3 3 18.6551644948777 12.3249909268823 15.0286969192881 16.621617395316 19.5514670024614 21.5622179522059 19.3073437678266 21.2691979824975
TCGA-A2-A0SY 15.2895292858522 7.04591150183581 6.78977219231206 17.7065068883896 12.1596584244024 14.8433110222558 15.9567456139712 19.3753009184184 21.8001134974506 19.6463844335846 20.6929067383894
TCGA-BH-A42V 12.5421415186781 8.26168791898096 3 17.9274810312888 13.3323109972813 15.3517790572115 15.2762366410592 19.1682878464408 21.8646609495944 19.7962727246425 20.5464061879096
TCGA-A8-A08R 11.4398331964358 3 6.57853457819462 18.378575432918 11.6954728365886 11.698930299837 17.5500486644737 17.7908777382983 21.0331794333354 17.8849582218947 20.6605143638562
TCGA-A1-A0SH 7.9872484435039 7.12461977385172 9.94679889362394 17.4791466679732 11.6040247496063 14.1851108607528 15.1982039790493 19.0981716854528 21.2349968918928 18.2578810112923 22.8791257972365
TCGA-AC-A2QI 12.6925725190567 8.43824369179812 3 17.7403489830131 12.3613039029777 15.2995865561318 16.093295189363 19.7753405715882 21.4502265747068 18.9829173361298 20.922300330494
TCGA-AC-A2FM 12.003176829222 3 3 18.5096906130502 12.3708277603524 14.5160583161303 13.8266488724835 19.3691371283064 20.2959046027719 18.9268841463023 20.0089692807192
TCGA-AQ-A0Y5 7.91748214345707 8.99022834202487 7.74775929480513 16.256313451799 11.6537940847483 14.3480529878186 16.8879442571891 19.1393236191387 21.2139874354692 19.7788976588935 21.396010424699
TCGA-BH-A1EV 6.54823769682607 3 9.17048226008562 16.7193686686898 10.9741679768032 13.3828417152637 16.5472240381855 18.3868418105382 20.2878730148906 17.2380008157299 20.2293757844325
TCGA-AC-A2FK 10.3211517044866 8.22716496461359 3 17.7919583584873 14.3485810308555 15.2137333511973 14.642880468046 18.4274915802247 22.4253093595863 19.2583533803046 22.018741959402
TCGA-A8-A07B 3 3 3 19.0143582597558 13.8221955536654 13.6737446838377 15.2249295265521 17.8514236300553 20.4669024714764 17.9041247541167 20.3039762609264
TCGA-B6-A40B 13.009946396599 3 3 18.1251867332614 10.2363273703005 14.622968188051 16.2162341881466 17.7155593561816 19.5930190043468 17.9327977711815 20.7548354497003
TCGA-AC-A2FB 10.6880235540738 6.8808412546102 3 18.4977294418518 13.473012372038 14.8528741105397 16.5452165360626 19.880467090379 22.0659345912966 20.1675669393863 21.4325124115521
TCGA-A2-A0CP 12.3725054473228 3 8.63871643831225 21.9991150207126 12.7164505469695 15.3174525074305 15.4068592105043 19.3139352206956 21.9710042619351 19.2467168785948 21.5801139088224
TCGA-BH-A0BG 12.0827740573172 8.36160706191695 7.53061640039668 18.6209308896503 12.366458016479 12.6824529394884 16.45931879874 18.241648830959 23.1014374316066 17.8858368548625 23.2657191110327
TCGA-BH-A18K 12.8338632353656 8.56164113289919 7.7270191534061 17.3077869267787 11.1248237576834 14.5095686927566 17.4100075604591 19.1792985618661 20.7674431154764 18.8403617972044 20.8591264244348
TCGA-A2-A0SX 13.2358110701145 7.82023822438449 6.61661711535949 17.8890463311297 12.7824453581067 13.3421495025429 16.7233497688677 19.0032634387459 20.5010258089118 18.4653296922275 20.2111748313553
TCGA-A8-A07F 9.06988595423743 3 3 17.4093891398702 12.2853452044391 14.0268094428814 15.5169455774241 19.2723664618581 20.8365360784359 18.225966361944 20.2480767699793
TCGA-BH-A1F2 17.5860009847864 9.29347871125795 8.0450260220035 17.0091350044983 11.2972832073478 12.8238171896719 15.6939748316337 19.6030600849741 21.0540376459217 17.908276498531 20.7753476849216
TCGA-E2-A1BC 17.1404214250209 3 3 15.6842209929003 13.1198083980234 14.6756717374631 14.2588905292659 18.884975076469 20.889410761075 19.237906903089 21.0774510335526
TCGA-LL-A440 13.9272940177348 9.13239436589208 3 19.520359403832 13.7796751579285 16.3045842932287 18.0548951327908 19.084340449204 22.0221292095772 19.9376853582865 20.8569413396758
TCGA-BH-A0W7 13.0793297959573 3 3 19.2336979098818 12.049057122891 15.1084803189538 16.8883758696334 18.8378349427262 21.1266653695088 18.3415183671258 20.0650073099621
TCGA-A7-A3RF 6.36893114809056 6.9986364234952 3 15.2663195248392 11.3375009670369 13.4601436397372 15.5176783440156 17.0977480913002 20.3182594229815 19.1707971645017 21.2243969140405
TCGA-AN-A0FK 9.00259337298787 3 3 15.6637990569826 10.1469107288438 13.2372807689642 20.3800763063728 18.646964393351 19.9095232011606 18.6867281040975 21.6271961325257
TCGA-AC-A2FE 15.0037553694497 9.09335875229702 3 18.2979147890726 11.8989971010547 15.3089132392701 17.4517479224858 19.4608069812619 21.2212387964621 19.2322390729451 20.5966141430474
TCGA-GM-A2DD 10.9714663768408 7.46787154894787 3 19.9621869921505 11.9219313198052 15.3410103520197 17.5962081410183 19.1402830498227 21.3749124933033 19.146287831772 20.5686663448432
TCGA-D8-A1XD 8.19457386530837 3 7.06745296362039 15.1865251125528 13.4956318062131 12.8648608855237 14.3459605496605 18.3240048322465 20.3026617532828 18.0135155111564 19.5871537602646
TCGA-AN-A0FZ 14.3672016762874 7.52895724574136 3 19.6567107883015 12.7855989254381 13.3146312732254 14.3971704495793 18.9361946346217 20.5063243821005 18.6589569506207 20.6237983681506
TCGA-A2-A04P 10.937211091413 3 3 16.9948228932172 10.7079865157085 15.061883955672 17.0333026925925 17.3732294579318 20.6485719559966 17.6856393989475 22.1004348007896
TCGA-AN-A0XT 13.3704168958776 3 3 15.3371194717775 13.2377956989239 14.1360100568505 16.4605487765258 19.1869825519863 21.5031514797492 19.6751499300984 21.9265684611295
TCGA-A8-A0A1 14.1621541083878 3 9.22369959114417 19.2104685597692 13.3106709936986 14.3585836977842 17.2460900916048 19.1611711620049 21.3231561743966 18.888807700514 20.2709461933961
TCGA-A8-A084 9.43940981236642 7.18750344513635 7.88154429373817 15.6779030362325 12.6687068355004 14.3739912386704 15.7684910364594 18.2771480843402 19.4885577649088 17.364219868671 19.5447422123693
TCGA-A8-A0AB 12.3082847447277 6.59082335801703 6.34136737537975 15.7324599776016 12.7482591375341 12.9819403777914 14.6327799313471 19.7930660391695 19.7443611184159 18.0355359969199 19.5132130919785
TCGA-AR-A1AM 13.7198788508011 7.00342987621337 7.69311033938918 18.601789865282 13.4402716517569 14.9011263946034 15.6684663609401 19.0942718091012 21.1740328694048 18.1198433032028 20.5286091546532
TCGA-BH-A0B4 9.25988653871437 3 3 16.9834006438157 12.1007866509799 14.4591455023875 16.1486910524902 19.5704482285242 21.7537595377892 19.287717225838 21.2091983330475
TCGA-A8-A09I 10.1550793859757 7.20810767154803 3 17.9620309570761 10.4674180419496 12.09921386009 17.2089812354097 18.1585984308666 20.0574278332121 17.7479149762861 20.887366224728
TCGA-A7-A5ZW 10.5827434721793 3 3 18.6828369209383 11.8643604553097 14.7131540737833 15.7668856682818 19.3118881907426 21.3482135627545 17.6544624749984 21.4076121953728
TCGA-E9-A1R4 11.2006176887231 7.15507000692443 3 19.2959567666735 13.3144486374929 13.9208999139221 17.4221319970491 18.3516668873394 21.1440885574741 18.1980401712919 20.6455404338933
TCGA-A8-A085 7.34049455968888 6.49944350979779 9.43031911481224 13.0274146971062 12.9387852549959 11.9032149929835 14.7324604384061 19.0696585770996 20.2665228911805 18.8764862640619 20.6696318161003
TCGA-B6-A0RN 10.4481348774946 8.25463110879129 7.98820743158848 16.5218407610857 11.279352811312 14.1117097983629 14.3316253845284 18.4126222817151 19.7676523007509 16.7590342984812 20.448660772897
TCGA-AC-A2FG 13.073615480912 6.58643146918182 7.26384159736106 17.3408839601751 13.5427335091583 16.0714682643916 14.7778066332469 18.9868020750831 21.3604497936885 19.2447905991345 21.3091955920381
TCGA-A8-A06O 14.3841726176538 8.46110040573799 6.68542903280578 17.7982695830958 13.536551643334 13.1233645150555 16.0789197637798 18.7160206905012 20.6415266228051 18.814368654803 19.613600627524
TCGA-BH-A0BZ 10.1817213956555 3 8.12039473031172 18.6930682127361 11.2900780031591 13.7081026784136 17.809537982694 19.5864797502335 21.7295781121946 18.6414149626808 20.0049069392776
TCGA-AO-A0J9 15.2251446647769 9.16361737390594 3 17.2645667501006 12.3194516875534 15.8777974629177 17.9826891287856 18.739638778708 22.1407222589751 19.6502197811847 20.5210005529432
TCGA-D8-A27P 9.56573262663001 7.14765840779414 6.89028857791833 19.0212920661127 13.6362161855418 13.4341772973815 13.8712515817754 18.450906700531 21.2335310598674 17.5776723481825 21.1386716213509
TCGA-A8-A07J 15.4126452095044 3 7.17886734979173 17.3628083271677 12.4317002000083 14.7409255371175 16.9097485956927 18.9641441775751 21.8112911725081 19.643575067118 21.3391332341959
TCGA-A8-A07I 12.0073968337693 3 3 17.368983003032 12.9550205014446 13.2711596612007 17.1040978055789 19.3005709681421 21.3412864135057 17.7617449248512 20.6426630831877
TCGA-A8-A08B 3 10.8621930851388 12.5222261481924 20.286632698867 12.6042542437187 13.182086082563 16.2853622649658 16.7305576212302 20.7569821155273 16.7183344062035 21.0572934906585
TCGA-E9-A247 11.9951499981527 6.76366251104121 3 17.6177546349952 10.9903979005034 12.8377537162942 15.2870761873669 17.8678114641518 20.9827964991584 17.8420685025236 20.5472608797352
TCGA-BH-A1FJ 10.2135280799395 6.68223046490551 6.43126052912063 16.3429726797805 11.8996319829738 12.6991812543255 15.2633583610976 18.4323677837828 19.5735979016578 17.2086745259222 19.704086370762
TCGA-A7-A4SD 6.85873222494219 7.50409459312065 7.24303209028541 18.0266218840082 12.3070715318041 13.4374036084826 18.1553541044941 16.3669723288221 19.3246006523803 16.7277195304017 21.5221811336521
TCGA-A2-A0CU 14.1785627618375 8.64256414829329 3 16.9375029120344 13.8245544321711 14.5436012292232 14.8558877935793 18.7503042963202 22.5328567754549 19.4142809394394 19.8947671086474
TCGA-BH-A0B8 13.2764379149088 7.45607175152084 3 16.2036781936944 12.1127348598689 12.4162146124545 15.8345017004965 18.3771207442307 20.7343383276542 18.7103971967926 20.9980586131196
TCGA-AR-A2LR 16.2021345719431 3 3 16.764301975496 12.7274079910706 14.5898106521623 16.1695360825542 18.685769317412 23.6026066122773 18.8355564024266 20.9603974086788
TCGA-BH-A0HI 9.51250181132256 3 7.78890552403448 23.0544753790299 10.7381682680928 14.7947683442525 15.5289350871655 18.6127682082259 21.0931093956634 18.7557988838589 20.874031560153
TCGA-AN-A0FW 16.0853320249951 7.82460990190038 3 18.7980263769298 11.6074349751016 14.784551526506 15.7677195910607 18.7780025405791 21.0323573191184 19.6462942524826 19.772261215042
TCGA-AC-A23C 13.6620980970022 8.2670693006363 6.50304439948889 17.9492292722019 13.6653312464191 12.8774360868058 16.2123919076263 19.2481843301833 20.7135623901206 18.548148370497 20.9318331540142
TCGA-B6-A0RI 9.96616111157929 3 6.67398762175309 22.1365618742378 12.9778583789108 14.0265208705816 15.8479681705819 18.4596611011908 20.4300933597486 17.3749076504423 21.383844340815
TCGA-E2-A152 7.53042666080866 3 3 18.5802405344132 12.1494925822313 14.161980994226 16.3352430402103 19.7833194857727 20.3214179330806 18.281235527565 20.8896020810553
TCGA-A2-A3XV 10.3918212620148 7.5447940277721 8.2458361327558 20.0254446157017 8.57066495898848 13.5623277060405 16.210758179882 16.9749546126702 20.6571656438792 17.374283494584 21.2025998746015
TCGA-B6-A0RO 11.1906803898696 3 3 21.5377353607523 10.0731603164692 13.130170111058 14.253979209083 17.7658619139405 20.0725474289825 17.1720734079426 21.0283558374805
TCGA-A8-A06T 11.8334547077022 7.59725590398576 3 20.7464212323421 12.7927762830435 12.4779862272158 19.3875080162889 17.2433542765665 19.8240893170362 17.8576887937892 19.717600557508
TCGA-AO-A0JB 12.6780535081548 3 3 19.9164361366257 12.9016949235788 16.4318989128399 16.8958576074384 18.0246258664728 22.1972840096677 18.2254730697663 20.4899631288005
TCGA-A2-A25D 13.8604597659869 7.15858855956243 3 17.8396938954302 11.5070257606737 13.8440497151894 17.4841612302269 18.8877436105379 22.037222178005 20.2984974434425 21.0057082438746
TCGA-A8-A07P 9.74786333618144 3 7.73906786296882 17.5424995604898 12.3166331206918 13.5320906730635 16.0938764204211 18.2059013920806 20.5001586306221 18.1176166573597 21.0916264663615
TCGA-A1-A0SK 3 9.12233136787013 3 14.72728282731 13.9190265984279 12.0613074714295 14.3762722549268 17.3724878784292 19.4373799838027 16.9796861864796 19.1241298302599
TCGA-A7-A3J0 7.50256920885306 3 3 22.0675123413014 12.2784069226109 12.417458155917 18.4127170180536 16.4399393466513 19.8882151662889 17.1844581618144 21.1939201218651
TCGA-A2-A04N 11.1282137292339 3 8.39684120722619 20.9515217848764 12.549235798297 14.331160186821 15.2631340053252 18.4945513890811 20.7024872223897 18.2834928399304 20.6139308732287
TCGA-A1-A0SE 10.9370083262525 3 7.6441653104772 17.6690699571718 12.5247865522324 14.2184934314077 14.8134482612385 19.1916293283264 21.3811873801746 18.5849098158138 21.1829384993258
TCGA-A2-A3XW 8.97275443287756 3 3 17.9259957962306 11.280948905227 17.3430536449764 16.3414115388338 19.1116381383561 20.6642255924354 19.0630856225589 19.9588820819607
TCGA-A2-A0CO 15.0754998011303 8.12797749015807 3 18.2423522963357 13.3934835400883 15.8290340758521 16.8580561385089 18.7952275525801 22.3969977337536 21.0403165020428 20.8110490127114
TCGA-BH-A8FY 12.8115369263358 11.4718433796735 9.40325006434875 19.4228747415391 13.2011361787719 13.8440497151894 14.4606503571062 17.2974324364766 20.5907952794603 18.6090537504524 20.6888495804676
TCGA-AC-A2FF 15.5388673426984 8.788904864447 6.61140674861093 18.6294168755891 13.736665308454 15.7811283214406 16.3805880744392 20.2664099196571 22.5622298594349 20.220791718029 21.2113637684143
TCGA-3C-AALK 10.6922573701914 8.2374763717513 7.01642382845463 18.4676402571322 12.8030192874301 13.9505770191165 15.6900407125127 18.7562766347504 20.8472270734992 18.4719767235181 20.316698794885
TCGA-A7-A0CJ 7.4623584712901 3 3 17.4046539208031 12.3357580512734 13.5744980271308 15.6651997964149 17.5270597863213 20.0489123711812 17.4719157657665 20.3003938436188
TCGA-A2-A0T5 13.700074986977 7.11935112249313 3 18.9487229742071 11.3191389057392 12.7866216081164 14.4441485499988 19.124381196391 22.1512998134494 18.3819544733186 21.0563976733056
TCGA-AR-A0TT 14.1694150886559 7.25054446702639 7.94595254162472 19.3859813215146 12.7352453743889 14.4288123265643 18.0274724165 19.1103802029302 21.2272844944942 18.1134340147802 19.9842351817249
TCGA-BH-A209 13.4234055071918 3 6.52005300285104 19.5156011546649 12.5475116176516 13.8464189769265 16.6363770579233 17.8082264538307 20.8783191722461 18.3508397809147 20.4104469877213
TCGA-AC-A8OR 3 7.61144361468334 3 20.3740937903272 13.4685471743559 11.58026178162 16.4151649939399 15.7073784046581 20.5689068442141 16.9742161972614 21.5636960557453
TCGA-A2-A04U 7.03150492474506 8.65281442979236 3 14.506889435232 11.4233884666962 13.0793318435427 15.7387891990008 17.7323014758529 22.9449789181444 16.9834302772215 22.2306245710922
TCGA-A2-A3KD 11.8536067145643 6.83157715090592 3 20.1250029849988 12.9293109677289 14.6811688588507 15.7063049398488 18.6668755187379 21.385312720981 18.7942639743262 21.9680174332129
TCGA-A2-A0ST 10.9304113975039 3 9.76194024556384 19.4035633555715 12.597701993826 14.3353852160189 18.7023962693243 18.3268225357681 21.3138783891858 19.616323851981 23.2432750351453
TCGA-BH-A1FU 11.7764200049155 7.3210959175347 8.01796347363559 17.8061060215366 12.0451148810605 15.1869351979758 15.2615462887492 20.0486585585698 22.130601772356 19.1214476411447 20.4612679654616
TCGA-A7-A26H 12.9641259620266 7.51108722142315 7.24996092750682 19.0757742165357 12.3314210443521 15.275368446924 16.2288955093561 18.876168281997 20.5898625489184 18.3233061518753 20.3096041648631
TCGA-AC-A2BK 6.35233745773398 3 3 14.725167936474 9.69636129410915 10.5416092861258 14.2040260176866 17.0096963677997 18.6829664343928 14.8094882761831 20.8821042574145
TCGA-BH-A0B0 13.8983937832651 3 3 17.795553075711 13.1797528665782 15.349001624063 16.3970229926588 18.3819483219769 21.616901959583 20.072625842494 20.8864255974587
TCGA-A7-A6VX 11.9392023597345 3 6.94997675311354 16.8885691448454 13.3571754447183 15.3416715628772 17.7170532826176 17.9771727101188 20.0040234065178 17.9237206438624 22.4481765266798
TCGA-AO-A03L 9.66931018939498 6.97388022725577 3 17.9962952539431 10.6813877442131 14.2044884326683 15.8678979669214 19.6376032817445 20.9693388868429 18.1274001679159 19.9114634028087
TCGA-A8-A07S 11.3258100779383 7.00968846293829 3 16.1767337450108 12.0372290976177 12.9160064871211 15.7763171954269 17.634782156143 20.5033834656988 18.3995463658981 20.9564377839719
TCGA-C8-A3M8 13.9027664316078 3 7.91670432745283 16.0239371243773 12.7191003531157 12.6914506296654 14.7535511037065 18.9192656199609 20.9957021653448 19.2613884470135 20.2178805551421
TCGA-A7-A0DA 3 3 6.72842767907864 16.7490350202352 12.8075304588871 14.7226604088056 16.1318422834045 19.0201140178287 20.65010525334 17.6000731036644 21.8298323645733
TCGA-A2-A3XU 9.21419591168089 8.32938342213848 3 19.4281767396914 10.3602198635604 11.0826756969969 15.1736230570217 18.2057195166804 18.2506202884837 16.7584441501959 21.9848952564983
TCGA-AN-A0FY 11.9287891876709 6.64218164622147 6.39186343349919 15.953406722905 12.6408078757382 13.8697451103287 17.5333983127411 17.9722696326465 20.2704533427436 17.8207765345509 19.9295922724096
TCGA-4H-AAAK 10.7518320530932 3 7.0726543692765 17.5837839796828 12.4888753583825 14.7537841221626 15.7520254797089 18.8935680867325 20.6773785403398 17.9722376823511 20.0620729297527
TCGA-A2-A0YM 13.0150577373194 3 3 19.7447898326083 11.7201502645503 11.5719839227054 15.7867403737858 16.7260858447853 19.1156816457271 17.6134905421677 20.1310150426978
TCGA-C8-A1HI 11.2004274418394 6.60986411340862 3 19.704887556077 11.3567027069929 13.9517201772056 14.2448663362543 18.5262860252826 21.8407366900036 17.2513208003998 21.4662163709948
TCGA-AC-A3HN 13.8054392086506 6.62680455685904 7.30556878125625 18.9705513545335 12.7874080794265 15.2225017200924 16.0893966161471 19.6628454394911 21.6824315792846 20.0056053822565 20.5617309818666
TCGA-E9-A54X 15.129048319665 3 3 20.7313450835434 10.8277626520567 11.6763918425498 16.9173408916643 14.2882659566677 17.5333545338895 14.5162387499492 21.5422713728084
TCGA-BH-A0H7 9.02346154796789 6.97212187675766 3 19.6323198898847 11.99721845534 14.8605985051964 15.6527132564088 19.3914882305766 20.5339815420477 18.6107691500096 20.8636666598426
TCGA-A2-A4S2 13.5901647408847 8.46026474722906 3 17.8158865534037 12.1883960704406 14.3672377104882 16.9573200046356 18.9985001099326 20.7885234742664 19.393459327211 20.2564091620947
TCGA-OL-A66L 13.9648302199317 3 3 18.8010002518474 10.1114600273761 16.3899914932433 17.3033104836896 18.4157757184742 21.3785210446125 20.2081430308209 21.0014891833367
TCGA-AC-A6IV 17.0433736278626 9.71728325495563 11.3267757591483 17.7123791777697 13.1123243002704 14.8287430752581 16.9680269156806 19.5573968297911 21.8675195595904 20.6484718694215 20.6973525446175
TCGA-D8-A1JH 13.6745720457885 8.46528631288608 7.79579904064434 19.8115630414772 13.1548505464373 14.0245989424595 15.9030985136636 19.2309342856084 21.6867750702596 19.0391369502308 21.331632943684
TCGA-E2-A1IF 13.1389577564668 8.2306439544206 3 17.0408194171874 9.67924792923941 15.5336158087111 16.4364747580658 18.7328379077096 21.0311442054859 18.6079410232963 20.9173927627999
TCGA-BH-A1F8 7.59442443713239 3 8.39229997912485 17.0206562014314 12.014933818925 11.0496325871685 18.3933501264477 18.5986180676775 20.0642924080826 17.335251779813 21.6397942491211
TCGA-B6-A0IE 9.96853885618288 7.03097965345462 7.72134952327958 17.3196038286522 10.1241325415246 15.947953653266 15.9408481881127 19.2525171905657 20.6080735321126 17.5551497634486 19.5179644754269
TCGA-A8-A09K 9.69473247261077 7.27092695241402 3 17.3439730211462 14.2902211711133 11.692472326172 15.8528005561813 17.7796420530549 19.9388300799093 17.2174123504685 20.1135351037285
TCGA-A8-A08S 10.2138696727034 6.90005940334242 6.64584039034223 17.6292128605725 11.8615037227245 13.2758102353582 18.1227556778507 17.7348209719808 19.6247175786309 17.5572095012002 21.6088761947957
TCGA-A8-A08G 11.9484421651684 8.93028590471466 7.94283599964548 19.5559311436764 12.9173788933023 12.269259851289 16.4762717414896 17.7861510743762 19.8869344739408 17.7856523340727 19.5410673003595
TCGA-A2-A3XS 10.3323178597741 6.93438337402612 6.67969506515252 16.3924715544089 11.7059695443265 13.8489388893345 17.0358003848874 18.219913127008 21.2206429163597 18.036887646262 20.2876663488521
TCGA-A2-A0CQ 11.4769771857636 3 3 19.3732872057477 12.6873070350124 13.6935411212852 17.5365557615295 17.0215933999738 20.328637979826 17.1095530268991 21.0353342865893
TCGA-C8-A12Q 12.4052736889106 6.81761289536825 7.50227328161714 16.5700228737942 11.7428457663117 13.3228771581838 16.1637505140312 19.3377175091394 21.4968086934045 18.4417490966486 20.227345329475
TCGA-A8-A07Z 10.1767660577513 3 3 18.1095349505891 11.8121804713079 13.2118441381632 16.042806479613 16.8619409795249 20.4010710514996 18.4502765719119 21.7597678986225
TCGA-BH-A18U 11.3264902937908 3 6.79456174147706 17.860942045154 11.3928701723484 12.417232765148 16.9707956282657 17.9026916546259 20.4598447626862 17.9399859189078 20.908286749532
TCGA-BH-A0C3 17.5900090730635 7.27566492145686 3 16.4515685321648 12.7186968519427 16.0633795944071 16.2120527295004 19.6948040401749 22.011094184499 20.7197121526042 20.2576203739255
TCGA-AC-A2BM 9.07158492519745 7.01791943245958 3 16.9923905413319 13.1555513778383 12.2532272539522 15.2498741758396 18.1636359437471 19.7187044610906 17.4623213724938 20.9106167004286
TCGA-EW-A1IY 15.5813160083311 7.63881482952035 8.65621797914431 17.5178192756609 12.1001376957484 12.5212495916514 16.2823175590601 19.6414929019612 21.4374401714084 17.3368955285397 20.8094784195156
TCGA-A8-A07G 9.90664589510248 3 7.66136288141203 21.1819512384913 11.9975931130981 13.7577967134427 16.1324220089969 18.9749811745199 21.0194717542771 18.3820036630146 21.1906847395778
TCGA-A8-A09B 14.6736218121832 7.94872023771483 6.73920865992449 22.7193776419914 12.184469900014 13.7026953508466 15.0273602531195 18.1633785015628 20.7515097465643 18.6812736640874 20.4520411222347
TCGA-BH-A1ET 12.9806587195712 7.85534805606594 3 22.678781470131 12.5152188843992 13.0694350027917 14.9453863905854 19.628408490196 21.1044531901878 18.9904100044076 20.794429336372
TCGA-A8-A08L 12.0503688536524 3 3 17.4397914633945 12.7759277597663 13.9514348268807 16.570016873136 18.0868418065787 20.6558786957728 18.906599167795 19.0353005860558
TCGA-AR-A24P 11.4172049294566 3 9.69849575713613 19.182501681923 12.3413716681989 12.5486800861595 15.3164082156852 19.1181532557537 21.1395333245559 18.2550107131197 21.0221618882077
TCGA-AR-A2LH 13.958016708765 7.59318947998752 3 18.5448430218247 12.7351614520882 15.550737377935 16.6047609347623 18.5666227785436 22.3733599329802 19.7438332875368 21.0201560661141
TCGA-A1-A0SP 11.9926488457141 7.08818501939167 6.83152402713509 19.3277937164299 12.0618335402105 12.881750570959 16.5780681483864 17.5496484226185 19.7883901252759 18.2457793596491 20.9657501882611
TCGA-AO-A0JL 10.4027550157606 3 3 15.3944436359443 11.8759866210214 13.2110198867999 15.7700622734169 18.2748521827074 21.3681413642853 17.6543269047054 20.7480664880834
TCGA-AR-A2LE 11.4853595884568 7.47614286552629 7.215338437582 15.5296461257529 12.9931620242882 13.0579661434952 14.7972057984451 18.9652882228735 20.8698610774848 19.3245670693313 20.7581140757697
TCGA-E2-A1IU 12.5147902785148 3 3 20.6033550042158 12.5098264170274 13.5220413723745 15.3051424239869 18.0892484643161 20.4958050983132 18.750189893977 22.2935374525585
TCGA-BH-A18H 8.86740252118963 3 3 18.7674116904067 12.3234383907408 13.9389173393679 17.0879396678396 18.8768530905053 21.2523972019767 18.8116330006976 20.97634165245
TCGA-BH-A18P 13.2721843350347 3 3 16.6643243682279 11.3712787782515 13.292285401992 15.701756455299 20.662914866356 20.1916315001164 18.1906968936604 20.6271089000374
TCGA-BH-A0BP 17.8157321505035 3 8.81732183304854 18.7018263404074 12.1662290042518 14.1639059960272 15.8611269607594 19.2764496244327 21.6654193034181 19.7712142680419 21.9394789562746
TCGA-A8-A06Z 5.98804537441431 7.54043133222158 3 17.9326040538516 12.6526979623092 11.7122619162664 18.4530531652251 16.9761960405064 19.9494845558049 18.5579343333334 20.0408104749908
TCGA-A8-A07L 3 7.03811528742659 7.72866153053593 14.5601186607347 11.0114773483113 14.3173354139965 15.0289013931642 18.471334502704 20.5346478495511 17.6677554228974 19.6119645072814
TCGA-B6-A0IH 13.0558127381218 3 3 18.3345512841581 13.0564733171407 15.3474300600581 15.8759020024862 19.2332196213287 22.4048050503061 20.1387191064724 21.1096933970465
TCGA-A8-A09D 15.9139870675523 7.20972797471206 6.95164852624683 17.3163407094057 13.5346852079573 13.0996093765776 17.1281528632632 19.6836408326285 21.9532563639491 19.550814331383 20.1438112795087
TCGA-GM-A2D9 13.7455847402568 10.0130710471152 3 18.3789031855259 12.968553592621 14.4769759051485 15.2134630471985 19.0983714367095 20.7617636463438 17.7312997347968 20.4992132635842
TCGA-AO-A03V 12.2861444989993 7.1443035385118 3 18.0037133646061 13.4051506703819 13.8616933064268 14.8673116675835 18.6265389697464 20.7116824217748 18.7749372033418 20.142292040772
TCGA-A2-A0SU 12.4981531964506 3 7.1087210599252 17.1987060677495 11.6807048253785 13.4807478380409 17.9892096733292 18.8527107591493 21.9007795930585 19.8072758858776 21.8127110276539
TCGA-BH-A0BQ 14.3436982564845 3 7.21722355202945 18.0239845799103 11.5329699367074 14.9169585420901 16.2525126008578 19.61919085907 21.7879673549359 18.8941259631516 21.5711473919324
TCGA-A2-A1FW 13.8873962010502 3 3 15.6696704595895 13.5626054018116 13.5523543032184 15.4382015066091 19.3704353633083 20.6800696231502 18.1379915570063 20.2237517028099
TCGA-A2-A3XZ 11.1560248253079 6.974936407272 3 20.5980325584007 11.9711296058213 14.2716777305445 16.0252416075565 18.3351411992156 20.2489446734951 18.233261368965 19.9063055686869
TCGA-A2-A0EM 12.1966430142048 3 7.77430794603802 18.5080378636077 12.7553919364152 14.0886292131477 15.3018827328876 19.2268882903606 20.6596939037588 18.4912062808712 20.7325175447805
TCGA-LL-A5YO 7.95694478232661 8.62269087389202 3 19.2567630661679 11.2412117426655 14.9183464934598 18.002360451013 17.7138394942503 21.0134919670482 17.4844727290703 19.6642150713565
TCGA-A7-A0CH 10.8264025635422 3 7.06974509745594 17.8099250464096 12.4857863750709 13.5812899573632 15.8833099333116 18.0374840594287 19.8441953293883 17.8416867513424 20.8085150213039
TCGA-3C-AALJ 12.9893896487408 3 3 16.5426437820194 13.1825179365307 11.8837929321564 16.5090970550865 19.1827140594445 20.6022127768953 18.489899460184 19.4622500411349
TCGA-A2-A0ET 12.5055742307697 7.68940466734089 3 16.3841621364555 13.1623215804339 10.9630357594622 14.7668111758638 17.0272615629579 19.8861383033177 17.4667616529234 20.7837845391585
TCGA-A8-A076 11.5384761065676 7.74907926117735 9.02734432676424 16.5743062760857 11.4937451678682 12.8282148298925 17.0060238047594 18.2484984878227 20.2156311154221 18.3335826483419 19.9093528008873
TCGA-B6-A0IK 11.69318322231 3 3 18.4565131915819 12.0632980393969 14.4469147330429 15.0792972933696 18.5574345622645 20.7505526159619 18.2754115678553 20.5215798444456
TCGA-BH-A0BL 16.149716503244 9.2606655753244 3 18.7537509781158 12.1770536048021 13.3577670183321 16.2148414693359 19.0850220782692 23.6921379516297 19.3574683381172 20.6713626492185
TCGA-A2-A0D3 11.5743080096236 3 3 19.8105540545699 12.5847886216573 13.2537152195052 15.3314299484779 18.4896478238778 19.9000646488658 18.0665427930939 20.7611565398359
TCGA-A2-A4S1 9.95884933558782 9.9057012753588 3 18.384682876513 10.3757331203515 12.722691646518 18.5147889027493 17.1501097535165 21.0653838056033 18.1557500990454 21.2951333296171
TCGA-AC-A3TM 11.3430615495762 3 3 21.8106815112077 3 15.4648052282047 16.5286081730071 17.2422320232118 21.2048747783247 18.0903269604556 20.7620023464926
TCGA-AN-A0XP 6.36651351156886 3 3 18.4832234105668 12.6816992587957 13.0618638709427 17.4329363771162 17.8143555339355 20.8844519667815 18.172377921534 20.4781952163078
TCGA-A7-A4SB 13.521421466376 3 3 17.7180333671853 14.8626393373697 14.8047204795626 14.7601616797077 19.7691563792838 20.7004663786135 18.4447861529468 20.3752804951471
TCGA-BH-A28O 14.4696068274353 8.97108929362316 9.01795460454823 16.7046914573125 13.9842620430424 16.634827191579 15.3096764780324 19.7797020856424 22.1399294027762 19.263481125397 21.1030460726308
TCGA-E9-A22B 16.3500890924501 3 7.59478139224144 17.2283156717329 12.1666794419152 13.3239371411264 16.3661852452274 19.7784011485567 21.5829226724289 19.2711844948521 20.8456994331537
TCGA-A8-A0A6 11.4964263661506 9.54745550793605 3 18.4660378862306 12.9375595204633 14.1428533448554 16.1538974046146 19.0978142773768 21.7765219369391 18.9132835684796 22.0946202248798
TCGA-AR-A1AU 13.7636939716328 7.10627320346987 6.84939356273182 17.7792147255773 13.3399831364824 14.8370897641118 15.582214981719 19.7065382664965 21.4416967700775 19.1331977114934 21.7130944406202
TCGA-C8-A8HP 12.6243302144128 3 8.50900895413676 19.2157455210371 12.4362300395888 16.0246957465833 17.6797563058667 17.3961686952197 20.6730979832655 18.2706591772613 19.9316672535609
TCGA-A8-A075 12.6015191111632 7.10276487198434 8.36240241828001 19.7904067857653 11.850335874436 12.6648239609282 17.4939987193324 18.0857570081818 19.9637879526098 17.72796887306 20.4567804522048
TCGA-A2-A0D0 3 3 3 18.4496077868445 12.4872303470768 12.8198115941375 15.3307330323577 15.2605762608143 24.3372449090893 15.3750001994724 20.6023963068707
TCGA-BH-A0DS 14.5885148471883 3 3 21.0518339839084 10.8002233828927 14.7274186457517 16.5087428189161 18.6419369741366 21.2588805538282 18.7773201460671 21.6342583570765
TCGA-A2-A04Y 12.6466715452458 7.79617014868172 3 21.4728914001499 12.6778824980871 14.7052079466131 16.9045191468581 18.2499442402974 20.9133413570719 18.264747310098 19.6429278345907
TCGA-A7-A26G 16.9881947474092 11.8785531746615 7.31783312255561 17.8702905187668 12.7073066615808 12.9939596628452 16.4613887155499 20.1968448689698 21.7990915579573 18.4874600414137 22.5121621693867
TCGA-AC-A23H 10.0403346566046 9.05648049236436 9.4549351539767 16.5100989028418 11.3998440028819 11.9473915988097 15.3171066256608 18.4905313438431 19.7223767196293 17.7701483160752 20.3495604080303
TCGA-AR-A5QQ 9.83625525528011 9.11291237709193 3 19.5973715073641 10.160399848896 13.1185176425915 17.636916249502 18.5832497351555 20.029198151484 18.2961778721133 22.249616149924
TCGA-BH-A0E0 8.20814340076735 3 3 16.5143768022713 9.9222658546086 13.3072438561359 14.4917128810358 17.6002805058424 20.3669268564407 17.6547989283072 20.3161570327983
TCGA-E2-A1IN 6.05637146519556 6.67278706249613 7.91428322933447 17.7679444960223 12.422803946818 12.968749027802 18.5055476541471 18.2572046137002 20.4756286737979 18.1611582526168 20.2610218639448
TCGA-E2-A1IO 12.3049000187693 7.05325609917882 6.79702506552008 17.4120585891324 12.4164225923807 14.8962014066888 15.6598374436808 20.0285874838527 21.538160955267 18.7536537497675 20.4802970183662
TCGA-BH-A0C1 11.5571463745803 3 8.22877958110008 17.1477550489454 11.4012073212816 14.8410201668476 16.068380957619 19.7711316049368 21.0712356479968 19.217599807734 20.2090631372304
TCGA-E2-A106 10.0569217024596 8.07250911362005 3 19.0351431521829 12.6939539144181 12.4851467035346 16.6750843929626 18.2566133507351 20.0157442010668 17.7603546919739 20.5748318598101
TCGA-AR-A5QN 16.6483444567116 3 6.57543974190676 16.6601858772368 11.6597609021224 15.3972160195394 16.1024377980817 19.2450306606863 20.9422115066053 19.1721992505974 20.6355057506925
TCGA-AR-A254 11.7696551143797 7.67446672327046 3 18.7058709709369 12.1371946965602 13.0723225025074 17.7124147110795 19.0975129746908 20.7536605942069 18.4105648189098 21.5402250753175
TCGA-B6-A0RU 13.2963615386579 8.04566700143413 7.78046952275622 17.7824313868606 11.687670766336 13.8967895131049 14.7875677312728 18.5025560419945 22.2458335780214 18.5660153184029 22.1214409082585
TCGA-A2-A3XY 14.771755491866 6.63071993239204 6.38059153731648 17.7004928513273 12.1750020048153 14.8952168597752 16.9892053053706 19.2202551760471 23.3843794555103 19.1999796962233 20.3304974844073
TCGA-BH-A0AV 13.3424928121507 6.99899530702616 7.68856353291345 19.985840755793 11.2907255192755 13.5354364135828 15.5814970410854 19.6032984311699 25.3747889631754 18.9439697113997 21.0454833205398
TCGA-A1-A0SG 12.7993839415432 3 6.8358404214939 20.5908039516138 12.8897234667085 14.3308338450763 14.977710246394 19.3225347585303 21.064429031422 18.6336174108868 20.8069113186744
TCGA-AC-A5EH 7.59260438245135 7.2905832443935 3 17.6075726813584 10.3973384142374 14.3347528386354 16.2158181648553 17.3062081343717 20.3388011438409 17.1513151775065 20.0921692663364
TCGA-C8-A138 12.2456840977073 9.0418590781027 7.2390145498739 18.0380979076181 11.1612089473767 14.2521403185302 18.5254596232158 18.6145053911717 21.4899763282825 18.1401675740575 20.1675695918266
TCGA-AR-A251 14.2251009534646 7.05213300598921 10.1576882979036 16.201963160405 12.5772758532744 12.6984258516089 15.5578641249557 17.8929282230617 20.7522173643367 17.8728535223087 20.3785793992518
TCGA-A2-A0EX 12.2469265922844 7.38402427115196 3 18.2136313130344 11.1137664097562 15.4521220889291 15.157438909376 18.608648283468 21.3468534636168 18.5417554829562 21.267874411268
TCGA-AC-A62X 6.69987805227906 3 7.08126770129645 16.7193085490362 9.5638204400336 12.1187565413555 14.3321959560905 17.3367776502226 21.5858140603941 17.8640276685391 22.532228422899
TCGA-GM-A2DI 13.1178219563588 3 3 19.4093817387058 12.7186233380377 15.4584461909993 16.8145596803092 19.9557454285152 21.6062866325304 19.7615387439901 20.3276691706594
TCGA-D8-A1J9 6.00020929325304 10.8893877440856 8.56929384685753 16.9212906130102 12.0962957671417 12.3099651033237 16.6346552069148 18.453552280074 20.6495508788194 18.3628707997564 20.8702392163459
TCGA-A2-A0EU 12.2940604214673 7.1746790971585 3 17.4000007917001 12.63380407633 13.3011474445965 15.1306216839022 18.7445091418403 20.4160242184025 18.1478049034682 21.6161268448453
TCGA-BH-AB28 14.9105306570881 3 3 17.2290712981352 11.9843959854286 14.7704892436776 18.4721020365232 18.6362152617735 20.8540241533764 18.4969549488519 20.4608883372997
TCGA-AN-A0AS 3 3 9.41538830058518 18.127927817011 12.6839116323852 12.1376335693858 17.7395293229134 19.0539239734691 20.9234215420349 18.0741582455747 20.9072412595553
TCGA-A1-A0SI 10.0179114404888 7.74494652439584 8.4492046092128 17.204171672045 11.6589434203147 14.4248951699398 16.5987749757694 18.8438225737385 20.6988841562429 17.9637174916519 20.4579228404768
TCGA-BH-A0B9 9.62916701099149 7.36943982668211 3 17.6456048501972 11.2678400633467 12.4577046337095 16.3416807121346 16.4965028525731 22.1675472322274 15.7875342240715 21.9007130667144
TCGA-A7-A5ZV 3 9.90394540814517 3 21.3880532208007 13.039046718446 12.0268355941085 16.517660529857 15.8890633242162 23.5089692960456 16.9820172835249 22.6697735512428
TCGA-BH-A0HP 13.6215734947519 7.86264298058735 3 18.2044992346449 12.8870220846805 14.7224370166892 15.8191278855476 19.7423757494455 21.8533718022965 19.2519829439447 21.005211460844
TCGA-B6-A408 8.23349810503932 7.92625710786973 6.71773960360962 17.6645528492828 13.4713699933572 13.9178665041876 17.1645904833576 17.2860413487246 20.4033679010635 18.312730004339 20.3671485737837
TCGA-A7-A3IY 8.29838023432685 3 3 23.1317063432492 11.2806536239184 13.6279525777792 18.0960317901349 17.6160597917479 22.0557110377787 18.7983617530411 22.214232660632
TCGA-E2-A570 15.4257740936219 8.4151823869212 7.18805681457933 21.3199620198266 11.6129488660086 13.7941101009173 14.7216848683316 17.5795100514922 20.0749781515451 16.9551712661002 20.6663732211146
TCGA-A1-A0SD 14.0657618062641 8.88435661681126 6.70085105317902 18.1866026070918 12.1170859205774 14.0307682628406 15.9993841750945 19.6789718447535 21.970905277193 19.207019676429 22.4048272811154
TCGA-S3-AA14 12.1214113145899 3 7.42665035143812 16.1290855620931 13.9265944146404 14.9000288182799 15.1966149598824 19.7352194460542 21.0542355734811 18.6720831410667 21.0167839009727
TCGA-A2-A4RX 14.4095316094296 8.79664252392753 7.55868959605019 17.2898396838203 13.5846432395223 14.0732658266942 15.7116498139995 19.1956661583537 22.4640487326277 18.4179504582115 21.5670557623412
TCGA-Z7-A8R6 10.788276816048 3 3 17.9286459350547 11.6920303349062 14.740359843386 16.5586182421677 18.2754802988779 20.31909276223 17.4139934168545 20.0523544552534
TCGA-A2-A0EW 16.3782402069236 3 3 18.1152709239986 13.445270517079 15.6113336673308 15.519909596546 19.646376392625 21.8213236630215 19.8845993630052 20.8869310818265
TCGA-C8-A12W 10.5235876734742 3 3 18.3973144069333 11.0928376013655 13.7054053477186 16.4386296463132 19.5696029891888 22.0087568929246 18.3868315684166 20.1134350039194
TCGA-A2-A0CV 9.97526338993688 6.7579193844921 6.505765323586 20.634038777873 11.9563293131323 14.1425580330138 14.7594972286115 18.9840279337902 21.6184987641764 18.1380277963815 21.3246181888184
TCGA-A8-A09E 13.9077193351473 3 3 17.3102117336988 11.5151562205993 13.2383342211567 15.5544320006386 17.7386827102922 19.4643701443533 17.9485786488956 20.8308804645102
TCGA-AR-A24N 11.045108921406 6.78710579432055 6.53451121629055 17.0153199715667 11.6791087219268 11.5309530825868 15.4785930419998 18.8149902705647 20.2947816883702 17.3507226847472 21.4915992005055
TCGA-BH-A0HA 11.5747771887993 3 8.68641400465794 17.7581075054837 10.8272448329928 14.3167629830013 16.3603267542662 19.5636854654128 21.4947024466087 19.0272946791414 20.7592800327983
TCGA-A2-A0YC 14.952520109555 6.76029263689992 3 23.8662193746134 13.2223347735155 14.1147593192893 16.2159102285104 18.4675092011473 20.7702869157586 18.6360779051961 20.7424011932807
TCGA-OL-A5RZ 12.8953241070291 7.65820608670515 8.3611259182341 15.2900935182963 11.9830533596968 12.5705264442786 15.2239502708934 16.9720617589332 19.4260624377511 17.7757760784108 18.7722946102673
TCGA-A2-A0CR 12.521866164187 8.3326426708251 3 22.5963145272277 8.79599473335414 16.8453545613925 18.0199709403353 19.0079954559238 21.8975700636493 20.112428402586 20.9800797215296
TCGA-OL-A5RX 12.0397474150224 3 8.50848570783338 18.1056511321121 13.3127552488342 14.5785925097286 15.1319190727058 18.8938529233985 21.2730708102235 18.1288788336312 20.8405518103723
TCGA-AC-A3TN 12.0895806184188 3 6.89587857581434 17.8114584456552 10.138509030138 14.8297580830745 15.4978688640194 17.5580784957636 19.8882851454918 18.2737849825697 20.8522999251893
TCGA-AQ-A04H 11.6131773156031 3 3 14.7378531697685 13.7594068792332 12.524534429645 15.0404341057127 18.6006440864828 20.8265773434245 19.2310750352925 20.5416507601006
TCGA-AC-A6IX 16.2765512499259 7.06428972838775 6.80792176339172 17.2411592007447 11.3112977196166 14.7682497229812 15.8060198407165 19.3375382912125 21.4013632740108 19.7813720856046 20.1739076689484
TCGA-AR-A0U2 9.09912295837077 6.86395343927627 3 17.0292210962746 12.9086301491056 13.8551291364924 15.9185904558176 18.1286580800262 20.4352921806525 18.1883065153637 19.0255103166576
TCGA-AC-A3W6 15.092395570407 3 7.95954117951904 17.2003136694472 12.6161667263832 16.4095716948153 16.5576583580586 19.7381822225943 21.745403822934 19.7945870482281 19.8451963594956
TCGA-A2-A0ES 13.102929763945 3 3 22.8042394037639 13.3106083185704 15.2405552167928 15.4252771411975 19.2396444115837 22.4611574598188 19.4162232830986 21.3524382494417
TCGA-AO-A03U 12.0576387714557 9.12683343728983 3 19.1160340801513 12.4093832150492 12.811022307709 15.4158940721062 18.6263700014068 22.0181844728026 18.4209701576411 23.8166925291449
TCGA-AN-A0AL 10.8213194138579 7.25404098758436 6.99547307881449 16.7941464462386 10.2442884218384 14.7590458839653 16.8453197033079 19.0698936714107 21.0370026935512 19.3889322677364 21.8423111581742
TCGA-AR-A1AP 13.4749908175562 3 3 18.1524387768027 11.5963543766439 14.8269516023393 16.0856298610221 18.1168717393501 20.9986546937102 18.3314975049589 20.8050412540698
TCGA-AC-A4ZE 14.0567304572307 3 3 16.5829465753962 13.4495792537228 15.1317318576006 14.8812919830161 18.7814788691624 21.0712399152489 19.8144196588847 19.6185259139822
TCGA-E2-A15C 11.372474922233 7.17921511433075 8.84824398584765 18.956442277373 13.1569259634239 13.7980119194262 15.1615160540035 18.9680691353423 20.7802896990231 18.0162037011535 20.5598178638666
TCGA-B6-A1KI 14.1847872467294 3 3 22.519776695793 12.9209729725835 13.1546825479195 15.0933613494109 19.5264468434289 21.4630324046681 19.5626224315036 21.1199358250964
TCGA-AR-A24T 11.6122003741412 3 6.64584039034223 18.0008648781276 11.7362547834275 14.74003060247 15.830701903073 20.3472905974379 21.9084056285762 18.9494222368676 21.1402924617177
TCGA-AN-A0XR 8.58549134684761 7.31298072427637 3 17.6070612757343 12.5717873343926 13.3718161992544 15.571895967384 17.3545429559787 19.0783769576441 17.0900868462928 20.1797035809206
TCGA-AC-A62Y 14.0157163428113 7.24517237519584 3 19.7131677622895 10.4560132928108 13.3003804690282 17.6982227480636 18.6570155251888 20.7500276743852 17.93737464637 21.5387826608935
TCGA-A2-A1FV 14.649362389335 3 3 15.4169430710739 14.7697649724999 14.0068059212263 14.6320358394195 19.725402794595 21.143941297969 18.8204023158187 20.4785746949942
TCGA-B6-A0RT 11.7526578077154 9.36286165868586 7.54893419357057 18.5344340014648 13.2900993912299 14.9558548971239 17.8881565919641 19.3005134035955 21.1336887962842 18.9604254486529 20.6039218791716
TCGA-AN-A0FN 13.5176720239653 7.91768815731399 9.60968239109084 17.5897974228086 11.7721195653798 15.5865658253027 16.7165041084211 20.6704594074936 22.472272093203 20.0444904246274 21.0633729522786
TCGA-A2-A25C 13.1093222496114 7.28968330818887 6.11640616248712 17.4192386112522 11.8802565950877 13.4940269057588 14.987919119272 19.160174022711 20.9054254962887 18.5598558605222 19.6796176771263
TCGA-BH-A1FG 11.2767486617049 3 3 22.2358818021242 12.4067492259395 12.5047121780734 15.9881723435228 17.7642653268431 20.0261055821299 17.3946623254558 20.6213993052013
TCGA-BH-A18M 12.379659999538 3 3 21.8034127310189 12.3284106448826 14.3862747784517 15.4002919730148 19.4253144585157 21.3578012550419 19.5152454225538 21.4844397639774
TCGA-AR-A24M 9.27565624688454 3 9.39373067865781 19.6948829617152 11.7125928795746 12.2674994669075 14.7510588174472 19.2859906878663 21.6891479680398 17.9850829403566 20.8806377962517
TCGA-A2-A04T 9.71417460170147 3 3 18.2221637693765 12.399854167432 13.3377577018562 16.8716398547985 17.2531457218287 21.0656126405326 17.8050572007841 20.6559745943051
TCGA-D8-A1XM 14.1327563947847 6.59575069782592 6.34621067754712 19.3693141760897 12.1565817689066 14.5176522840081 16.2272651049286 19.464133456329 21.1481914732899 19.006513183529 20.5759358069505
TCGA-A2-A0YI 13.7467370211193 3 7.47965131264864 23.9398667947086 12.4670312751489 13.8838017366347 16.0223254513232 19.7213958732259 21.5495082104677 18.8115381626565 20.6953117600978
TCGA-BH-A0HY 12.9979629149068 3 3 15.8244793829467 12.2711458342747 13.2539039934243 14.7987573670942 18.4024324514782 20.5990133957783 18.8698708646898 20.8235831848866
TCGA-A2-A04X 6.40591670936551 3 3 20.0471625844311 11.0689699470488 12.9450836266037 17.6506926248179 18.2546241183721 20.6049306322954 18.2265295659429 21.0277505713209
TCGA-A8-A0A9 10.9342432642192 6.76753922179218 6.51523899567367 17.7063524726249 12.8049560064221 13.5069334023175 15.4574909080077 18.1623745760903 19.9997894229575 16.440569336899 20.4642587143468
TCGA-AN-A0XN 3 8.50687133072367 8.81135840691157 18.3205588955458 12.4421196382802 13.6585275803675 16.6494106671266 19.9645895721094 21.471367259196 18.8260168484104 20.8027858859466
TCGA-D8-A1JF 11.556619484237 3 6.5655887355731 20.871843061227 11.0981663210419 12.8969589726024 16.3673385444043 18.1340222444442 20.2705613309135 17.4120605720756 20.7695137908981
TCGA-GM-A2DK 15.5964352791105 3 3 17.4593183414483 11.6421123203399 15.013870261988 16.9599656274979 18.9387258983041 21.4938970721942 20.6796400403888 20.6936739103318
TCGA-GM-A2DH 11.5041627723184 6.55679420909922 6.30792637178054 17.4414072110876 11.3328229638249 13.4410781323542 16.390763241511 18.4888817005874 20.3209640050366 17.9605598075868 19.4049379832412
TCGA-BH-A0BO 14.9872642915458 7.87785850351061 3 19.3377713060746 13.0970726341442 15.8464845367013 15.6399121556741 19.6036516310831 22.0269635597575 19.7598747657046 21.7502179964715
TCGA-B6-A0WX 11.699505491741 3 3 18.2860772334059 11.3426891440702 14.8503423982116 16.1695889868158 19.1223282495891 21.2354722967188 16.9783371065669 20.6910113247851
TCGA-A1-A0SF 13.8816765285191 7.30810531434641 7.04896120971871 17.5497540019611 12.2010815468126 14.6982235043746 16.235776163533 19.4039790766746 21.3801216890947 19.4728673697329 20.0351816839008
TCGA-A2-A0CT 8.60147878900376 3 3 16.501501544623 11.0555957051011 13.2247599527182 15.1676857898602 18.2436752475636 20.4264088041975 17.8436990898248 21.5484499743263
TCGA-A2-A04Q 12.9231685024994 8.12348950033231 6.90672975651494 19.6574005272564 11.728231104748 13.7291412274966 18.0419521722757 18.6693087327149 21.0907919384733 18.0576624339396 22.2317644355211
TCGA-C8-A3M7 13.302027130755 6.9134088637874 3 15.9511758308866 13.333252163824 15.4248666518514 15.187777671357 19.567024135787 22.2800307467085 20.1731364221522 20.8714030243581
TCGA-AO-A0JG 11.4261851023114 3 7.50376682048956 16.8976000931019 11.9442670867131 14.7387724960125 15.7757178133001 19.3452298120195 21.3495323024005 19.4128270728032 20.6253077486689
TCGA-BH-A0BC 12.2576896749546 3 3 19.5870632695148 11.03515204546 14.3410922231166 17.1655041153285 19.7908139556403 21.9801697850441 19.88257387833 20.0229441222136
TCGA-B6-A0IQ 3 3 3 16.8830497168601 11.6554395087001 13.0128638445564 14.7248325226919 17.5851019000815 20.2800665903588 17.2690933105494 20.627850476351
TCGA-A2-A0EN 15.7905544077829 8.85501636392838 6.67331789102377 18.5782740255428 11.1662867420764 14.4406590419661 17.4241361078163 19.6613836104414 22.0508226829072 19.9714267439617 21.3501358848156
TCGA-AC-A2FO 15.2506989466429 3 3 17.584631301926 12.6935674837688 15.6008522979854 16.3845523558861 19.8213901929982 21.796322962488 19.5786527931925 20.8971135305684
TCGA-BH-A0B5 13.671960888204 3 3 17.3204101745103 12.9625698990487 14.071568480187 16.0626429809492 19.4198364872727 20.7822805300574 18.6539015922716 19.8648173539756
TCGA-5L-AAT0 9.85402128159141 7.77133846132379 7.50804340294924 18.0945720500739 12.9737165493444 15.7008122512761 16.1092509473608 18.8443208705465 21.0358312081337 18.1889234355029 20.2439332068119
TCGA-A7-A4SC 14.0255570615594 7.68849148880925 3 17.3329167558638 13.372704706174 15.4403677168287 15.8298946156393 19.5246633684309 21.1384533464809 19.9511701104691 22.5056948628565
TCGA-AC-A3BB 16.2568750660945 3 8.3356441097858 19.5309029070134 11.4663082128105 15.4888627708894 16.826955279035 18.9413877711599 21.4524666218819 19.5677763878032 20.3425599599168
TCGA-AR-A1AY 12.1118971763472 7.07364220320614 7.76505339468748 16.4590659644963 11.0491324659274 12.9263688021967 14.8059945662605 16.9270746255563 23.9068756147778 17.645042225371 21.0274908510547
TCGA-A8-A06Q 7.49391250131901 9.86122695924289 3 24.5720216590406 13.5010794912147 12.4684482932824 15.0161492147447 17.2388059879234 19.2048631381101 16.5366526809179 19.4310941973894
TCGA-A2-A0T0 3 3 3 17.9852066137561 10.2843348241853 13.7750346472733 17.3141798420918 17.4672142293384 19.8709636513175 18.3080042146819 21.7834676460965
TCGA-A7-A4SA 13.5509314193455 9.59018866324369 7.37222217728875 16.8117372449662 12.7781028666259 14.8890661734556 16.3523832325631 19.5308617660431 20.9103247991398 18.7603362441898 19.6492425562076
TCGA-A2-A3KC 11.6551806325495 3 3 17.211976622758 13.0612677537223 15.6728857593184 15.8409594653333 20.7352140652003 21.6761692884223 19.5021983461984 20.7164439640992
TCGA-BH-A0H0 14.6669041217414 6.70350955647852 3 14.8954190410052 13.4550350838118 12.5298151170931 14.7525283949153 18.7934620792067 20.0510536319577 17.8731038356774 20.2023019346495
TCGA-A8-A07O 3 7.73178589788827 9.22884605696622 17.95764361051 12.3808281703861 12.133161174784 16.681801263407 16.4926104979267 20.2352885824988 18.1945555490491 21.2720925121308
TCGA-A2-A25A 12.0195696748152 7.29961696667293 3 19.7750776619487 13.1666954069687 15.4322009985563 15.2727339678147 20.6371586650287 22.8634664527979 20.1482698248468 21.1132293679707
TCGA-LL-A441 13.1947405773652 8.28975722224707 6.52429335871594 18.0490526031133 13.4816954121635 15.4188270768508 16.1554866829938 17.7895718888469 21.9824261569436 19.096651936005 20.4332646648429
TCGA-A2-A0YT 12.1221160395077 3 3 17.7513292904628 12.2181878135148 12.0699131932299 15.4522105913054 18.5988179061566 21.339300907872 18.8481685589043 19.9673956068427
TCGA-E2-A14U 11.1901536647032 3 3 20.7111531477731 13.5445860788231 14.5803367351297 14.287565753043 16.5577854229447 21.4251025763774 18.0402791204579 20.9524272268551
TCGA-A8-A083 14.2517003905134 3 3 17.3360787360995 12.8636464704867 12.5519843165276 13.9872943002309 16.4842889723706 19.6900620954167 17.840977275997 20.7428430121835
