X7042 X7043 X2122 X8503 X861 X4088 X867 X207 X4790 X1399 X369
TCGA-BH-A0HW 13.514613735161 17.3279313892943 13.8719401347522 15.8308541278585 17.4028388094264 18.3036201361152 15.2235143765567 18.4167874344729 16.8850108061581 19.5466757606321 18.331240019648
TCGA-BH-A18S 14.7732775894864 18.1300104641248 13.7140751979141 16.2760020529295 17.713537742537 17.162522558822 15.7058222318393 18.1862390560455 18.1574505269796 18.9179314270204 18.6463032225399
TCGA-D8-A27E 14.6723128796645 19.3908776623031 14.9333940389167 16.9767240317885 18.148264043239 17.6219226361042 16.4460101247711 18.5321073220957 19.2518439363393 18.7394453788671 18.6679147148628
TCGA-E2-A1IH 14.9161742562538 18.8361761458189 15.8562680010012 17.9096075515413 18.6738138776993 16.6874256978532 16.289564653508 17.3602928694928 17.7942723811789 18.4569275799096 18.7109053641984
TCGA-A8-A091 14.1183296696177 20.2404454352911 14.7238456432439 15.2118354678718 17.216028738539 18.5225017898271 16.7016662266489 19.3178210873771 18.3281965946207 19.385184065338 18.0722485195471
TCGA-A2-A04W 16.9034900592731 19.010317094902 14.5710812618054 18.9201465665699 18.854914913536 17.3204144362304 15.6801960284529 19.5896859301675 17.1182760353805 18.8378395382324 18.9061160302836
TCGA-D8-A1X5 15.3058547528572 17.9703441495016 14.187624756022 16.1835519711617 17.5351372251966 17.3416617453133 15.8099905159098 19.0189462649585 18.4086499475883 18.2725608990126 19.4853199520721
TCGA-BH-A5J0 15.5943108521282 19.2801689753025 14.3703258490494 18.1206605555517 17.7675279803258 17.3701373432831 14.9564014934014 19.0236391298485 17.6948565851991 17.8504444767208 19.5904687249062
TCGA-A2-A1G1 17.8087300274958 18.4605863999047 14.7091500037915 19.1266812649443 18.2362747550623 16.1193822381825 17.9187220209275 17.1106440614316 18.4475508823095 19.2674524007347 18.6617080955551
TCGA-A8-A097 17.2304596044593 18.5620105255995 15.3054747281117 16.4665599907942 18.0375443571881 17.7721707973365 16.2610715766491 17.4784527432378 18.04200707275 18.8053164767202 18.9314429462857
TCGA-C8-A130 14.7743684963872 18.1732314128646 15.616279047707 17.3047774983855 17.8385934900258 17.1695787324236 15.7190033224277 18.7746904024251 16.9820620178179 18.488888868222 18.8807505783202
TCGA-A8-A0AD 16.0685485610832 20.1964610189202 15.0684371308859 18.4944693814345 18.782993464227 17.6948572677359 16.8616274316284 18.4882995219545 18.8138249563071 18.8543378563545 18.4753880609603
TCGA-A2-A0YL 18.224421458387 19.1288598560336 15.4818207842645 18.2985765182075 18.9391959622378 17.9022474902245 16.8374564686176 18.0181170059042 18.1688000006503 18.8917600937598 18.6083057196699
TCGA-A8-A09G 12.8076772415114 17.2946599236395 14.3385053755211 18.1869477228992 17.7601937229466 16.0941610273995 16.0679150210453 19.6438168403384 17.6382753653896 18.6157256385659 19.0197368177958
TCGA-A2-A25E 14.3725613237604 18.4218573049018 14.5657789081586 16.9523170916353 17.9531790912121 17.4880669606534 15.6485300380821 17.1616170311389 17.1125416049885 18.6853884537188 18.202339673516
TCGA-LL-A73Y 16.4229199129533 18.1707805491656 15.0115365375014 15.8155023179107 19.5286091835508 17.1500750356663 16.5760579120099 17.7983356389775 17.7498513762639 19.0892236761799 18.1893406652554
TCGA-AR-A1AK 15.3327067995217 18.6974062842729 15.6518368354166 16.8977320278779 18.0554933813738 17.5566541492124 16.3739154139869 17.8797688545459 17.7819582313028 18.6104792969908 18.856323710693
TCGA-LL-A740 17.095422511914 18.4125173286 16.03713597264 17.9359030307546 18.5402225812077 16.3270451097613 16.1183317717193 18.9771189358539 17.8457062779056 19.0493586831507 18.6794731198981
TCGA-A7-A425 13.4309052745147 18.2339867675433 14.9306679547813 17.2821791463227 17.4894735050284 16.8427727262923 15.6099931443286 18.9202761873885 17.845342639962 18.2078482618517 19.1286394184036
TCGA-AN-A0XO 17.3877351003373 18.0348621101605 15.7121682503031 18.6805400990956 18.9991540531404 17.3277309220959 16.5152978059776 19.2170342049203 18.1808790157158 18.2806244538438 18.759800928779
TCGA-AC-A3W7 16.8904576459349 19.1718693097366 14.814459817506 17.6553510052166 18.5833087833741 17.2442940616166 16.3068873281736 19.3527273644559 18.3867840819654 18.1908125785396 19.2778896451879
TCGA-BH-A0H5 15.6185345753671 18.2498964314268 14.5509854546717 18.0713140081785 17.8757250063357 17.46539322839 16.6164346441892 18.1341421608442 18.6602893377122 18.7858458215311 18.9177154323129
TCGA-C8-A1HL 14.2582583266553 17.7799973338119 16.4865168345026 18.0463770265701 18.0178762302693 17.3955655712302 15.9593067479324 18.9895996922305 17.3165755168344 18.3234018486431 18.7362977275138
TCGA-A2-A0YF 14.0443465801683 16.9008859980268 14.941595975766 16.8894284879694 18.3222452730532 18.1721028094136 16.3888141204998 18.0185261957053 18.0687635649438 18.7103635801785 18.9791453839167
TCGA-E2-A15J 15.589569015529 18.4181000688201 13.4753335581299 18.1480861108403 17.8507832861904 16.8020381451372 16.378829884899 18.5312275084215 19.0260762298175 18.8819354737256 18.8179916071712
TCGA-BH-A0BW 17.0487748871207 16.5254364248447 16.4569642583191 17.3229257035192 16.515492665733 17.0873356974741 16.9641453582545 17.329316385854 20.1244294832483 19.1598674980874 18.3401501054929
TCGA-A1-A0SJ 15.115394437216 16.9804114096519 15.0771022551135 16.9069696267214 19.4645799666995 18.1926075078411 15.9970783873497 18.5311892274098 17.7645896941402 19.4846695781263 18.2268521225554
TCGA-A2-A0EY 16.3356864560304 17.3960413772345 14.3932655734892 16.9441919508511 18.121704785085 16.2625404775747 16.4655129582573 19.2309569015164 17.5411305018323 19.030100102825 19.3579082384159
TCGA-A8-A07R 16.7310617427795 15.0924087239671 12.5195271241377 16.9366279223237 16.8813169497841 15.4476796721325 17.6258504120614 18.0658274149146 16.3726991753877 19.7870123810117 19.193082477587
TCGA-BH-A18G 14.9069159254996 17.3433710574906 12.4686511023976 16.7711849824727 17.268432036775 15.517652202628 15.6044954468012 18.5717770303022 17.4286071548676 18.3560763163167 18.0158150151057
TCGA-BH-A0BR 16.3378945025934 18.5251965340129 15.626452658064 19.0014146822174 18.6284142933157 17.4847274152936 16.1927091348388 19.7099842218528 17.8074968435161 18.1571150380174 18.6532548596773
TCGA-A8-A06N 12.9145180424185 17.1321110584505 12.9697405398314 16.3238364013209 13.1925098303801 17.9348245473138 16.1104457417375 18.0875463279419 17.425592544642 19.8059733484683 19.3968427616226
TCGA-AO-A03M 15.4899206293711 18.1295946685227 14.1423346290599 17.4533482123208 17.8663278862211 16.8767999398671 16.0992242852535 19.4720719041049 17.6600215040103 19.4875129084207 18.6070964920907
TCGA-A8-A09X 13.7363810131562 17.6514198098155 15.3648725584728 17.3103732544935 16.8831141582077 15.9658598744986 16.3956495449716 19.5280231809819 17.987346752036 18.8397444338072 18.7668144998564
TCGA-E2-A1LS 16.8023608051697 15.458049378214 13.4608482688233 16.1513140861844 19.2804520430006 17.111764015001 15.4964853968881 17.3852820255023 18.1971308642573 19.2647597443856 17.8551719493162
TCGA-AC-A5XS 13.4684744951557 17.9822627653876 14.0435401693047 17.7545293694007 17.3067739146753 16.3477322339568 15.4316541174752 18.6955158887244 17.8715172129265 17.811894494204 19.1613806502543
TCGA-AC-A23E 15.3544017139024 19.1217281674643 14.8738356569723 17.0623786655485 18.600028152614 16.7794162559466 16.8158737529937 18.2925182446935 18.492465703834 18.951174132728 18.9791514607783
TCGA-A8-A06Y 16.2143856913547 16.1930405350467 15.2524288688069 17.7557298448163 17.6611311992109 16.6904723267645 16.6035645998347 18.0838241701246 17.6665459649843 18.0089801857735 19.125944871732
TCGA-BH-A0H3 17.5470058324399 19.4416600341459 15.5611779596498 17.9444463297509 18.9132853483627 17.9362464543537 16.7454330293719 17.9201764837384 18.484774192993 18.8046702074184 18.4878560846383
TCGA-AR-A2LJ 14.2186337993247 20.1826361056805 13.4619786752237 18.2930164563181 17.9493755626677 17.1781878166835 15.1126223687011 18.6888558777186 17.9271259400312 18.107880102157 19.397646418546
TCGA-A8-A06U 15.2487998077611 16.8593481542125 13.9867282093518 17.6916671797441 17.5728289797645 15.9815859034186 16.4409716998036 18.5108323408477 17.8005128489524 18.8633292037503 19.6097885475039
TCGA-D8-A1X6 13.2069315532572 18.2235885356425 13.5013350814402 18.7680261357404 16.8287070366411 16.8227054224905 15.8270313143556 18.4056278844953 18.1723999166241 18.8582454320748 18.5547477068819
TCGA-A7-A6VY 16.2232712114139 16.7377625965102 14.4950757119311 17.2435328723051 17.762127453489 16.0389626934875 15.8944626158514 17.9597956854576 18.4574357618538 18.4443823658102 18.8715100672283
TCGA-E2-A15O 13.9640973715169 16.9259292498284 14.0390666671989 18.4338071834729 17.5607891957363 17.2567058062006 16.5594042905886 18.444365638932 17.7121044944462 18.2407368310638 18.5922675096579
TCGA-A2-A0CY 11.7281210915561 14.70355069498 13.6249851981989 17.5625845080791 18.6742785199576 17.4872232452692 16.7396912086334 17.8535004770008 16.6022142503859 18.609303021335 19.4613530076489
TCGA-OL-A6VO 19.3865793537501 16.0872037328342 12.5173723038709 16.9014910574795 15.8110423729609 16.0615369568978 15.9400936548206 18.2666512392227 17.2640149811808 18.5199480433202 18.6342514403919
TCGA-A2-A0CL 14.3857551421239 18.8494001624853 15.2585295969079 16.8624939817736 18.0353251507397 17.1371312591703 16.8358646946057 18.0467440617715 18.5838141273621 18.7771573159487 18.7975969246184
TCGA-AR-A0TQ 14.533318919603 18.6380746865976 14.8522832011417 17.3938696707535 17.4915540039688 18.1455509923063 16.4341852089466 19.0392682921445 17.6230189300335 18.8769249373176 18.3449726207499
TCGA-E2-A573 14.1628453715147 16.4597321324743 13.8051506550819 17.4539269825157 17.1414041179363 15.6480595073198 16.3893345543646 18.4749845327262 17.1587778970305 18.1994612552401 18.6370955779744
TCGA-A2-A0CW 13.0626784135747 17.1722474420803 14.4824992172946 17.1398768366084 17.6615213702802 17.4046493934972 16.04412579871 18.427225448273 17.4254277443154 18.4785051792098 18.3247092520588
TCGA-AC-A3EH 17.176028015869 18.9433868696014 15.0307520137465 17.4152215581469 17.7167771626772 17.716443770549 16.0281679295228 18.6432625518494 17.5046901377718 18.9849010193107 19.4606679999026
TCGA-A2-A3XX 16.8944835395799 16.4238761393995 12.8098043484047 17.3849275402235 16.2356894536116 15.523238406874 15.3203092476354 18.4555181050168 17.6291729268697 18.4104551427059 18.8380305061803
TCGA-AO-A1KQ 13.8545328621574 17.4962758150486 14.9201615173481 16.5634463738192 17.4699119005409 17.3372063398789 15.5872013070674 18.1454749273546 16.6332958402435 18.3534732948246 18.766620801932
TCGA-BH-A0HN 12.7776911938291 19.629146001975 12.9228772646248 17.4362158358674 16.9864944880722 16.7565236125614 15.340831129593 19.0626981393672 18.0491290275703 18.3450909662527 19.3161294601715
TCGA-AR-A1AR 14.5187696729387 16.4242008878154 15.0461371761245 18.425875509565 17.237673232321 16.8625239393385 17.9344750080936 17.6052886195826 18.9529974826194 18.8542776183458 18.510073941296
TCGA-AO-A0JD 16.9702623365654 17.8808986616933 15.8525605261632 17.2274771150798 17.510151793598 17.8961200594955 15.8408214421168 19.3483035963282 17.5328186414026 18.5761885870435 18.7594084766572
TCGA-A7-A0CG 15.526099979149 18.8260404437689 16.5081048280798 17.8303744196356 18.1914252550245 17.3850745233992 16.716217125027 18.5175333646902 18.4529868936862 18.7076274118424 18.8139285944399
TCGA-A2-A0T4 14.811861407742 19.6520789318921 15.5768265085724 17.2301564826369 17.9512608133754 17.3004020533811 15.548942202685 18.4394255371682 18.072073487084 18.4826327085717 18.6665741386838
TCGA-B6-A400 17.3635265035756 17.3271338160849 12.7789735819868 15.2489289033795 18.3707252886833 17.6126101404917 15.4782357075541 17.6583881961427 17.7320214607677 18.7532134893263 18.9320623784376
TCGA-E2-A576 12.461141396772 18.0667834446193 13.5879151130983 17.9607068532711 16.6963130267972 17.0698687408818 14.2675644578649 18.5502138187414 16.6459115383444 18.0694175452248 19.6401235700539
TCGA-BH-A0WA 15.8572951556804 16.7228539374382 13.6349017812339 17.1304389578441 17.9050584858058 17.9427602317081 17.0003288525188 18.0982003744661 17.5506083541065 19.5820636667652 18.111572840831
TCGA-A1-A0SN 15.2685511986067 18.9777741068357 15.8060517896386 17.451730637664 18.0599159548826 18.0255595517861 16.3561592408303 18.979392278666 17.7587510432211 18.2281868784814 18.3757438594841
TCGA-A2-A0T3 15.2060943911258 18.0371419061755 15.1768734961543 15.0439470916533 18.5659557957866 18.2504199155682 16.1625109629375 18.2071024168977 18.4963641156716 19.4359103089128 18.6920167453883
TCGA-BH-A0AZ 15.4193800232277 19.9494586047653 15.8649017375749 16.6672751004678 19.2147747144919 17.513547267477 16.2263496773368 18.1043427624873 17.7240541075947 18.8152364260033 18.680817369998
TCGA-A7-A4SE 18.5114171724187 17.7456183696649 14.350430826782 15.8912667071757 18.8951689048851 16.2458969451457 16.578428581373 17.9381542033465 17.5132091750838 18.5417738834855 18.748827527465
TCGA-AQ-A1H2 13.2283627723799 18.6642480606216 13.2998998017772 18.9573044391273 16.3924107745174 18.6700765199137 15.5202219988215 18.0597054445208 17.9258791304949 19.1511098164935 19.7186183921578
TCGA-A2-A1G6 17.0106752886538 17.6411713147601 14.8761288300742 16.7007683344618 18.8653991935874 17.75981146316 16.5088021744529 17.5090301610388 18.2374310977614 18.8659857442831 18.7432177674176
TCGA-A7-A13H 17.1517577952461 18.8532583187331 14.5183079101798 16.8043010344313 18.3665154280091 17.5855275773226 15.7883715627403 18.5286700629913 17.9825300441728 18.2105686121231 19.2105397180343
TCGA-B6-A0IP 18.5092030970143 18.0193823670353 14.1458479247659 18.3564475833331 19.1135063379156 17.811804204642 16.4666830146314 18.3425856368765 18.3630217491647 18.9943558697251 18.7778176365068
TCGA-A2-A0CZ 17.0139194808417 19.5773714527069 15.526324700038 16.496081353742 18.8811330470795 17.5696497076497 16.2984284420558 18.4137292088179 17.8648909426146 18.1639086310034 18.8899101737704
TCGA-AR-A2LK 14.8288200595004 17.7733105938947 15.4818251942773 17.3947989953272 17.8270214185321 17.5967488018178 16.1446573007665 18.4825642079802 17.7762421786071 18.3588377741049 19.0063281929612
TCGA-A8-A06R 16.3547663404413 17.4065156456056 15.275520719064 17.4663089234874 17.7439535740833 16.6855276165455 16.1927489527847 19.5428183568634 17.2462893316731 18.7271285497689 18.3117203813801
TCGA-AC-A3YJ 13.8843899947906 16.6202933787666 13.3295387142016 16.8830867842482 17.1581883487474 16.632572998689 15.491655380788 18.5309739440887 18.4379812680449 18.0969442682483 19.6991285286295
TCGA-5T-A9QA 16.3846977710386 19.8893577426982 13.0950595037022 16.0700429950049 16.8211320693361 16.6110733294377 15.1514687476069 18.5179921818441 18.0502030858633 19.6067375091299 18.9857524799624
TCGA-A2-A0CM 15.1369350197257 16.7039350563472 14.2287223635216 16.390347302827 18.0186079869245 16.6545450164748 16.2436492466031 18.2183794365929 18.3759163201986 18.5508146821049 18.1666644846874
TCGA-A2-A0D2 16.5510362495247 16.8354612425334 14.6666765121612 17.2687407746326 17.0023715743697 17.4893931551131 17.1520796814548 18.5216604015254 18.078348238205 19.6530706755194 19.1764127820113
TCGA-A2-A4RW 14.9922722188059 19.5875792059293 14.9329087990476 18.5518337518287 18.1665906070321 16.2856852400166 15.9870098762197 19.1586847576853 17.7632524811412 18.7243181339885 18.7849590983581
TCGA-A8-A095 17.7326524040826 17.857672112074 14.5452140746357 18.2090314886235 18.5773070254211 16.9217518500664 16.7969727441192 18.6280825978378 18.4542675468299 18.8623705776816 18.5721127801677
TCGA-A8-A09R 14.7312163696965 17.5656802207812 13.9460281521938 17.3343952454038 17.731439536225 17.4222054453041 16.8924156859741 17.8123411177576 17.5260373671254 18.4752020453201 18.9586575775328
TCGA-A2-A1FX 15.3592168657699 19.1826579851298 15.213830617889 16.5636660603019 16.993360499882 18.2360727949949 15.5909997790203 18.5744269935315 17.8108073112992 18.6028458720521 18.3790277607637
TCGA-A2-A0T6 17.5934398550706 19.7237025790664 15.2662761502355 17.6814848272878 18.4798150874749 17.1527534034533 16.9840499369052 18.203212192664 18.3297931121513 18.2320293228048 18.6658361066946
TCGA-E2-A15F 15.8874851477576 18.0839997706628 13.7336308093297 17.2189278033138 18.385415308155 17.763475765579 15.8746915203989 17.6043600455079 18.1453993923183 18.3808467613012 19.0009490573344
TCGA-A7-A3IZ 16.2600930072999 18.8350036088764 14.0296359443785 15.4963660340847 17.4797033777494 18.2294020197741 16.0656348877415 18.370757344294 17.9146918452539 18.6980640889644 18.7066795925696
TCGA-BH-A1EU 15.5662257762167 18.6415256950668 16.0249849831624 17.3355971287002 18.3074410740637 17.9505853621776 17.2254185253942 17.4245142918122 18.3356484707346 18.786111442433 18.8129973503075
TCGA-AN-A04A 15.8635242645388 18.5549582883428 14.2885102587177 17.0464541578975 18.2819943541398 16.446904610673 16.2251358393577 19.0385234830831 18.3647394659789 19.2320904870885 19.0391560214857
TCGA-A7-A0CD 18.1451396961396 18.2848330185244 14.6844355644728 16.8282006831042 17.9486111402786 18.264975329276 16.6358472461015 17.8197780126961 17.4572044291914 19.2259283942569 18.7605680727213
TCGA-E2-A156 12.9648193822884 17.5133460092025 13.6997012921623 17.279483443164 17.9553433442714 17.9742094585081 16.8039525383958 18.108392906216 18.5205363416575 18.9992541815667 18.9533052691742
TCGA-A2-A0D4 13.0001569473212 16.3611597468753 15.3358910048472 17.2240165889262 17.5656907084706 17.9642615561851 16.0805694538309 18.1325321830238 17.7753758140036 18.9422706744881 18.7943024046153
TCGA-A2-A04R 14.5795485720802 18.0203006560579 14.0020200713473 16.4515310586494 18.2165489888737 17.383907027298 15.9542697442679 18.1851729821703 17.4010081839502 19.2690720799909 18.2578475187934
TCGA-AO-A0J4 17.6346455490829 16.6438520125748 13.8369661586107 16.6545127094066 18.0142365207682 18.6460964150956 17.0240601360883 18.2519780101698 17.9230244102227 19.0896650108529 18.1852662699004
TCGA-A7-A6VW 16.0116507776725 15.6419960770597 14.9220086543396 17.5935735341127 17.0009915205499 16.7165893742305 14.9974301684409 18.1573475990571 17.4308915669906 17.6723374824239 19.408458455458
TCGA-E2-A14Z 15.4323202580547 18.1591390820636 15.1088866150139 16.757990738993 18.0578581752048 16.9090537363461 16.3842715855597 17.6164198080693 17.9440443403954 18.895115822767 18.9507272358838
TCGA-A7-A5ZX 17.9617527974275 19.6311675846501 14.4647923957952 17.0506450496883 19.1357542861191 17.3117929419639 15.4979104446512 18.3243244383164 17.8897231698585 18.3631704033434 18.9922059374999
TCGA-3C-AALI 12.986429404729 19.1404440018657 14.0684777082732 17.2576825074076 17.3138352168226 18.1531113458868 14.9276732963984 19.3275655538066 17.5550148672055 18.6912700397696 19.8395719502806
TCGA-AC-A2B8 19.4219919395099 18.9265715579174 15.9737011818624 17.5019488258547 18.4021729025914 17.6948121323126 16.7465556214061 18.1848412979654 18.8654323918901 18.8121595404076 18.786334680452
TCGA-A1-A0SB 17.1043232711871 16.4189677356656 16.7636172330142 17.4713398226859 18.1859670599096 18.3914442434439 17.215226693564 18.1182301747135 18.2260770431705 18.9582056596077 18.7003147827458
TCGA-E9-A229 18.3496262406493 19.6797890899461 14.6179849894523 17.5106192002783 18.6963876694534 17.2638791384302 16.5038801654961 17.8896376032127 18.1386244207958 18.4959772343459 18.455705849934
TCGA-D8-A1JC 15.3424561582211 19.0218626252251 15.2326874187379 17.3432200555317 17.9897986566314 16.8564109948369 16.5627031726046 18.5033519906135 17.9262508349939 19.4309720401621 19.0271655779908
TCGA-A2-A0D1 13.1044119526159 20.8437227102892 13.8458247407438 18.0264328127913 16.9974014762129 16.2385037440157 15.9914158861143 19.7509134062311 19.6167680747826 19.0202082021445 18.7552582646547
TCGA-AC-A2QJ 14.4237698075359 20.608122526769 13.7326636721611 15.8597303170067 17.6531142419666 16.8050582731335 14.8782739208853 18.6365448009472 17.3464972557327 17.4233453766766 20.1310193079265
TCGA-A2-A0CK 16.4799709740662 19.4127138392609 14.2555896559781 16.6719236977714 17.9481880124413 17.694960695335 15.4497498448858 18.3717282019168 17.5116332978301 18.7957324328513 19.2469231862255
TCGA-AQ-A7U7 16.8515075396921 20.2455308899146 15.7075173358392 16.7851576813123 18.539092095994 17.4061352409848 16.4965323796793 18.3721337326473 18.1858593034758 18.2867720760844 18.9330706973119
TCGA-D8-A1XU 15.4308750055074 19.1101882472397 15.3575582182892 17.6227099572119 18.35436558638 16.4238028702155 16.6541583254176 19.034516297725 19.2174011355489 18.5554562610638 19.2976943277165
TCGA-D8-A1X8 14.9215390572837 18.9747057189662 15.3275262891703 18.5245629197115 18.0307760046202 18.0064387549602 16.2758916836107 18.0645657597482 18.2172074213354 19.0537314929768 18.8691270000389
TCGA-A2-A0SY 17.8483099951152 19.436728167488 14.9046968839325 17.9427372851723 18.6905618618767 17.2793532927266 15.3829048950914 18.6999658292804 18.2999402865756 18.6460846850016 18.7734818037209
TCGA-BH-A42V 15.384064570243 19.8111449203957 15.5977389003039 16.8736441265797 18.2080023920224 16.9889100163139 15.9679760892473 18.3972748787424 17.820897778835 18.555051221796 18.734318359393
TCGA-A8-A08R 17.1597763043295 17.3957162916984 14.2133391432721 16.3614973640895 17.557851098379 17.6314500543875 17.3929504659624 18.2151181980944 17.5350703011953 18.5932901891083 18.5031191151843
TCGA-A1-A0SH 16.7387364955922 20.5630631987694 15.0219868592702 17.3415147695558 19.2507426644513 16.556228611316 16.285591433633 18.6100048521646 18.17166241537 18.948820788401 18.7697803780213
TCGA-AC-A2QI 14.8042752575561 19.087638225459 14.8459233666473 18.2670979786934 18.0735367766162 16.7863889504199 16.5747324029877 18.7797155795081 18.1878879894634 18.8376587377137 18.5374948608892
TCGA-AC-A2FM 13.0485655144873 17.3936737956404 15.283994121702 15.6585140702378 18.2634021102436 17.7047209108253 15.4611026791017 19.4480479497711 17.287765840491 17.9840926180931 19.1893472292657
TCGA-AQ-A0Y5 14.4861351133833 19.1683162168207 15.6382097223295 17.9430522168747 17.9253621677118 16.4328573604026 15.9299298380475 19.0215725912847 17.3699886009328 19.0159088559152 18.7275056829366
TCGA-BH-A1EV 16.1833771087745 18.7641719036317 14.835508768182 16.6125677338553 18.1731530159939 16.4068481425782 16.59193965335 19.2800313220379 17.6931210539361 19.4304259463869 19.0326573567967
TCGA-AC-A2FK 15.7727003415299 18.1537776004144 15.4443601731437 17.4465257545732 19.0620784792444 17.4073517820438 17.0666939605965 18.0500030721772 18.4252555355141 18.709439879926 18.4745453510705
TCGA-A8-A07B 16.4024624565032 19.1223180001009 15.1231127291464 18.1810379253063 18.023804142564 16.9210400454078 15.9482143177137 18.4615201257927 17.8995957245337 19.0569855280527 18.1631575662261
TCGA-B6-A40B 16.9070666473162 18.5156475196656 13.0364526202364 17.0725983413435 18.4912530782174 17.1153696305585 15.465214180887 19.2919520838212 18.1633535186027 17.4133034419795 19.545040340631
TCGA-AC-A2FB 15.1584881366483 18.7620776258157 15.6956027421524 17.4206094791787 18.4586631720769 18.2110727064934 16.6682427698164 18.0062422084846 18.1290460774475 18.9078336681973 18.6479095467782
TCGA-A2-A0CP 15.8682278956768 19.1533805027501 14.8920176716891 18.3091815216392 18.8800107647909 16.7520190003804 16.1415131249047 18.6218083253016 17.686027234771 18.2177361695259 18.5173653015278
TCGA-BH-A0BG 17.4428534005294 16.051357567746 13.4524040890737 16.3920543416697 17.7263648885446 16.1630439087157 16.2106263928967 17.7067897551263 18.7720867333362 18.8375710457849 18.442097689586
TCGA-BH-A18K 15.9005679485699 18.6382374275836 15.1522907187493 18.4977236813339 18.5488739512178 15.8121377549105 16.1095408959284 18.8499761259006 17.4643001723107 19.2594665188208 18.5675890072607
TCGA-A2-A0SX 18.659853300843 17.6773644795247 14.4745315552088 17.0778165189072 17.7004727918533 16.7777977774551 17.0005065811635 17.8194413749063 18.2915760458992 18.4732059276845 18.5778899079152
TCGA-A8-A07F 19.3289939751761 18.5361991877734 15.2452001406534 17.3846750354199 19.0515061609644 15.7751768187577 17.4333313025641 17.8955384963831 18.1781302556792 18.8613238401366 18.7203926646027
TCGA-BH-A1F2 16.5121888351703 18.5416501630188 16.4296795758525 17.5770241575473 18.60843064165 16.826594649827 16.0216606679846 17.3500704219253 17.9333366962874 18.7359212980988 18.9689225031073
TCGA-E2-A1BC 16.3431773672145 19.3879822518018 15.2482500593392 18.9892523003019 18.7616570124494 17.0666621674582 16.500218135337 18.3357260973901 18.7639502547485 19.0893714671781 18.4290300727489
TCGA-LL-A440 15.9243990573733 19.200328422388 15.2655699640615 16.5121355282508 18.51428355362 17.3861946737046 16.6384549842491 18.2555233979057 18.1207396624768 18.3137930831347 18.8854471229945
TCGA-BH-A0W7 16.9733727764971 20.0025039700589 13.9939092217878 18.0213273904647 18.6081105554633 17.0322751783207 15.658569011933 18.9837149363166 18.2574987841729 18.2416650095023 18.9489018530964
TCGA-A7-A3RF 12.9858539645677 17.9891672821771 13.4462392596008 16.1892678541033 17.0213589646312 16.6063822467246 16.1979274984732 19.2782403978433 18.0415899896845 18.5306351459358 19.130527654475
TCGA-AN-A0FK 13.7593303870239 17.3142511017571 13.5885560456749 16.0034933160962 16.3368178886311 16.4496226038941 16.2178953338578 18.7954343538873 17.4235358762499 18.3317143466522 19.428404230878
TCGA-AC-A2FE 14.8507687072792 19.6011879269615 15.0337434028764 16.6372180618235 18.0457695814232 17.441465342773 16.4334633037853 18.233608166074 18.1907027671598 18.6994942302991 18.892940613963
TCGA-GM-A2DD 15.4401193854879 18.4208018662942 15.7069729910945 17.0304394699116 18.10887917976 16.0965286956618 15.863351293903 18.8783332448759 17.874402576998 18.0059786822771 18.4563994771133
TCGA-D8-A1XD 17.4238778324464 18.5757118526386 13.8813385284741 17.8129991720597 18.6601627064718 18.2896958175746 16.6289140080772 18.966857777386 17.1814812269853 18.2993498520337 18.1947022218437
TCGA-AN-A0FZ 13.7444133137402 17.967528900936 14.8928809787257 16.9430404556586 18.8695143649331 16.9728655732348 16.30045100836 19.0305963906365 18.362227635043 18.4454273843654 18.6655608954614
TCGA-A2-A04P 14.9671144879956 17.6323695309932 16.2275464537802 18.0403697108503 17.4811263266498 15.9230601729701 15.6806236441512 19.2521217778519 16.9468786528787 18.6597413719125 18.1960192864462
TCGA-AN-A0XT 15.4930868760122 17.3309496932956 15.8883809364239 17.9045727691785 17.9718606665964 19.7850666727316 16.1915902586324 18.9366591711649 17.2109089085531 18.5799840830362 18.7624093773232
TCGA-A8-A0A1 16.041425675741 18.0597764332314 14.6930823578424 18.6822075374701 18.6401527797632 17.6275260772939 16.4625294696826 18.2354760942471 18.2531088053991 18.6153617299886 18.8396932912404
TCGA-A8-A084 15.5926724797897 17.726329597518 14.5820634989078 18.3028660854479 18.0976239754084 16.3012634342012 16.2756031760083 19.7664313827838 18.6039724372943 19.0231106128648 18.9547627953771
TCGA-A8-A0AB 13.8127249099442 18.5813230048356 13.6262338428229 17.1372822817731 18.0246470134617 18.158954613266 16.8677096481653 18.0007191343451 18.2918608392045 18.927294372223 18.7498255127935
TCGA-AR-A1AM 16.4255741584655 19.3150633019574 14.0542735974388 17.779239969654 17.953414976071 17.0714049989739 15.6163761900467 18.6660008527164 17.4965577084998 18.0128475560237 19.0794701219197
TCGA-BH-A0B4 18.0373354481845 18.9246235392151 15.6874131008973 16.8493999470852 17.8576554805631 18.4035348890682 16.3284387471693 18.3013739288054 17.820951511039 18.6763915318121 19.1927706231461
TCGA-A8-A09I 13.7554991010768 17.5023856329856 14.816005370275 16.7881999283745 17.9941685814436 17.6272543661387 15.8950293916996 18.8577649891133 18.5357271183521 19.2977144857739 19.1485795540819
TCGA-A7-A5ZW 17.8617132335815 19.2804994558351 15.1135446160225 17.4796738087125 19.2395310951535 16.9069091654796 15.9081343987101 18.4435606906705 18.1694093466467 18.5700496047542 18.6045047882756
TCGA-E9-A1R4 16.3194307026319 17.4255513493001 14.5685996615142 16.991772271179 17.1522300965751 16.7551561207156 17.3665024477435 18.2519586810571 18.1051460934192 19.1819824504143 19.0075395917854
TCGA-A8-A085 13.8204180752266 18.4721760135348 14.6822293344891 16.63693994247 18.1039297823461 18.4467657985479 16.8340216916478 18.606224871252 16.7645252565363 17.9125592488103 18.6712182739471
TCGA-B6-A0RN 17.9773596757616 19.3403900505741 14.0430945314617 18.1450536753629 18.3899181086713 17.3437373173071 16.4365496411164 18.1417636540087 17.8429260506531 18.2059694627637 18.601518862856
TCGA-AC-A2FG 17.4970453126494 18.2845143221281 14.9872678209645 17.1124497125585 18.4807012914383 16.9926945172907 15.889126117988 18.5515729865494 18.3506781053954 19.175529981211 19.1322087463824
TCGA-A8-A06O 14.2494073004774 18.7282495629401 14.0097344292999 18.7108312709668 17.7951023103661 17.7547713293117 15.9826013250471 17.479540658624 17.584952563667 19.1721379553244 18.9567506428674
TCGA-BH-A0BZ 15.7731874462862 18.5501632709826 15.1967608528334 17.3167509943657 17.6958300428554 16.9079804351613 15.7480243145093 18.4032079922682 17.5664831301073 18.4206918101704 19.213890314858
TCGA-AO-A0J9 15.2558762216225 18.0320381245411 16.2964328317468 17.376436612101 17.6286680693288 17.3280731480836 16.1981679805752 18.3946152564134 17.3680593045405 18.2218086666218 18.1141060213911
TCGA-D8-A27P 16.9564159942124 19.099279037153 14.1536164688558 18.4628139550202 18.3546992090764 16.8359958887037 16.5541514063885 18.5046110109537 18.4950931945363 19.0625059974376 18.9879570404864
TCGA-A8-A07J 18.0250209995535 19.4074702095838 15.218085360737 17.2089011799151 17.7379634691676 17.186507405171 16.9698809097575 17.9307415558703 18.8899328353998 18.4962632006686 19.0689503445658
TCGA-A8-A07I 15.5382386878284 18.5136176287701 15.719513718883 18.2685317590163 18.0723834982571 17.3422007184665 16.2643872909889 18.6764473354941 18.3146281222975 19.6624891733838 18.9414543821194
TCGA-A8-A08B 15.4042723263001 19.4851653390443 14.2314413349366 18.6453809666465 17.0659941074171 17.1649919134351 16.1429385512257 18.9315075263418 17.158372111507 19.139275824695 18.4451711100049
TCGA-E9-A247 16.4589891430616 18.3452463674419 13.9297993030441 17.347845041923 18.1929930990714 17.7247155210842 15.6129727665411 18.5453156788768 17.441803424914 19.5388044841039 18.7990549142022
TCGA-BH-A1FJ 17.5869917285194 18.1433046625536 14.193368865017 16.9681526402148 18.8518866000268 17.1595649260599 15.898048761399 18.0910911993809 17.4848903542279 18.7414073649915 18.6677864346005
TCGA-A7-A4SD 17.6425081599324 18.0320971531631 16.122435763663 17.8819280049491 17.5296199038629 15.6134810923692 16.4448605778012 18.1815702969283 17.2929871195137 18.552588273569 19.1754128306733
TCGA-A2-A0CU 14.3338637770494 18.3099268878261 14.5201260209973 16.4816451421409 18.9565615056393 17.0825889677708 16.7899590723718 18.0360040500157 17.7655889268829 18.7184587349269 18.8316794857867
TCGA-BH-A0B8 14.380105994401 19.1734960856204 14.6649703752121 17.6007138506153 17.684651742999 18.0046977944785 16.0503098777948 18.7013258971882 17.9650169425052 18.9645551677173 19.1610452897205
TCGA-AR-A2LR 17.6314847366585 17.1418408948259 14.6518612324717 15.8031438615259 18.3302673040813 18.441892307225 16.6644763982851 18.9393334497154 17.1961127920492 18.908006411149 17.8765589007426
TCGA-BH-A0HI 15.5375771553296 18.4209738461962 15.2463119376305 18.3325467668908 17.9890835922982 17.0812636678639 16.0035660940222 18.6665498143297 18.0564119413223 18.4832632236618 18.9829022867966
TCGA-AN-A0FW 15.5580828746901 18.0937626448925 14.8553879899318 17.4599870564476 17.6808811343986 17.6078484645365 15.4297884258847 19.567557231015 18.5253803750619 19.0641258487852 19.2497484479281
TCGA-AC-A23C 15.7309743742869 18.7916940257664 15.3023823304973 18.3020212622 17.699921079567 17.2660181769624 16.2797221610145 18.3373845936999 18.8761848243893 18.725732876171 18.8070439357233
TCGA-B6-A0RI 18.6252650922067 17.7513832289784 13.4353228089421 18.2172576794019 18.6122279722289 16.8917858269445 16.5456273983771 18.5744231440278 18.3495300452325 18.3703000399039 18.906065759896
TCGA-E2-A152 14.6776950375246 19.5943715089208 15.3468991106927 17.8722937079719 17.7591284234712 16.598859609617 15.9939110166691 19.3024819676451 18.258356996553 18.5663955328918 18.2914621247735
TCGA-A2-A3XV 11.1425188814732 18.0474662609105 14.560864429838 17.0771341344694 17.5583105706991 15.524029201591 13.2253062688742 18.5660249966116 17.2491773471782 17.583571518553 19.6823524509203
TCGA-B6-A0RO 14.0501442937612 17.8179081080892 14.7172732242818 17.685406286785 17.5209193301156 16.2378915502633 15.3919140178301 19.6380575833664 17.9292502495897 17.880311595119 19.5137434813049
TCGA-A8-A06T 13.3037363347573 17.8355418563225 13.7762583222617 18.5750842861861 16.4958491587503 16.839392050149 16.0059152015693 18.4558113797113 17.3744009502599 18.0473442944493 19.3108698040121
TCGA-AO-A0JB 13.779235004658 17.6767286206834 15.279142691322 17.6078075787344 18.603004357993 16.7287540368031 15.2433093610796 19.3463992299453 16.9969158540169 18.2412257398422 19.3704214639345
TCGA-A2-A25D 15.7778251478127 18.5197026309201 15.4406821060631 17.5337218182136 17.2203916423965 17.6506083307778 15.8616829431743 18.6205837958676 17.8173907683991 18.4895255688965 18.869239715402
TCGA-A8-A07P 15.0798213189543 18.4853437898428 14.4211749991446 18.3123164916721 17.4772006128815 17.826007262526 15.5770840705334 18.2869680082715 17.0060016035755 19.1079992008359 18.9780309836929
TCGA-A1-A0SK 14.3427728883359 16.0733044028479 14.3546289304357 16.6571790240743 17.030144884409 19.1999646477221 17.5892054870827 17.9581368491803 16.717751434204 19.2945794872912 18.074627003634
TCGA-A7-A3J0 15.2383551453567 16.462105608074 14.0173601302901 16.2762118243187 18.1454609632777 14.5642839661111 16.6976312810697 18.7283066924787 17.7356357857267 18.7800683018441 18.765511958396
TCGA-A2-A04N 14.7280964065444 18.9379202925816 14.9464031191527 18.7604137224754 18.7278498349036 17.5113470527957 16.237111540219 18.4128785705461 17.5161557256678 18.4218838497717 18.2083963578691
TCGA-A1-A0SE 16.209656191234 19.2581908195662 14.90372388154 16.7578472031619 18.845017044621 17.4341485149611 16.155054704358 18.1135301040681 18.0842826311776 19.1437520883473 18.4625380968374
TCGA-A2-A3XW 13.2789499880842 17.8122160499855 13.3308869498488 14.8686067680562 16.6180112487712 18.5142449060516 14.9897651166154 18.1008175904247 18.1874855063791 18.5161392535675 19.5135283087625
TCGA-A2-A0CO 15.9673990462488 18.3807810589536 15.8143278766149 17.3301458354357 17.9200711800505 17.2391907111709 16.2517810832674 18.5702403591523 18.3693005513827 18.4299461831225 19.0332585849462
TCGA-BH-A8FY 13.5856302291511 17.5722429823206 14.2404486725111 17.8557602604119 18.3671526387287 16.8909955622523 15.0756580633605 18.5662868318433 17.9824016590676 18.4300104571336 18.3800863825003
TCGA-AC-A2FF 16.5543008025608 19.9798124421073 16.4723927150852 17.8289486236553 18.1140838182087 17.6093596690588 16.798712512022 17.771081842375 18.3122436924312 18.9178697073509 18.5928689585953
TCGA-3C-AALK 17.4964516613866 19.2734137838858 14.3750237387822 18.2888648438364 19.0466555175932 17.4946434605378 15.66514660299 18.8705947427793 17.7713748383495 18.4892795246689 18.7371155951075
TCGA-A7-A0CJ 18.8340373012157 16.9624616392358 13.3002587490078 18.5158095117545 17.4727684797236 18.537210896344 16.0546619399139 18.2235493044876 19.0317203346654 18.8640599827606 18.3334979188481
TCGA-A2-A0T5 16.3518809866487 18.5191777243055 14.5614821832837 17.1877174099317 19.1908190574545 16.863073676279 16.4570279687039 18.3421890378119 18.2416621286582 19.2720802027979 18.4122732611084
TCGA-AR-A0TT 15.1375431349047 17.4997763078518 14.8100457312605 17.2935790939553 17.2572165980488 17.5045798393178 16.4839792771596 18.1776622043396 18.334898643323 18.7892499606016 19.1407189738099
TCGA-BH-A209 14.917505917879 17.8689253397658 13.7389357994286 18.0506319087027 17.400624417329 16.780163085778 17.1758202700001 17.7191924555593 18.120143805498 18.6445258144813 18.5637601584405
TCGA-AC-A8OR 15.413135305625 17.0177003404934 13.1464872428613 15.7506002135127 17.339050744488 17.8040950044053 16.2336176662268 19.0670340968172 18.037763614749 18.7006892291124 19.125168409824
TCGA-A2-A04U 15.7273050715666 16.5357363040454 12.9888173982335 16.5834106231725 17.7658610296854 15.7917475194257 16.0025721654297 18.1901469640943 17.6448932397277 19.6441920461143 18.7932991796434
TCGA-A2-A3KD 17.9108811975482 19.246599334091 14.7564233899814 17.04645694997 18.8389777462082 17.4138691123158 16.1146701895725 19.118460640876 18.509164738564 19.1408588296162 19.2135847793964
TCGA-A2-A0ST 15.4149771364126 17.3207010319212 15.1044636308613 17.0265949378103 17.5351324226517 16.753835760972 16.766969673536 17.9560451660759 18.5927879967446 18.5925162313718 18.9008734098358
TCGA-BH-A1FU 18.6105362233526 19.178710377799 16.0753511559439 18.0447223182942 18.7369083156949 16.8842808090597 17.1506449964961 18.9378568442776 18.2962835414182 18.9455220380049 18.5883453013898
TCGA-A7-A26H 16.2136949704164 18.7922022052102 14.9235962149331 17.1903274361552 18.8254982131307 16.9532194394287 16.7479806630861 18.1098383992221 18.3860813640028 18.7347071963881 18.6563135980318
TCGA-AC-A2BK 14.1119620575991 15.7625911805454 15.1356792873536 14.6625159974225 17.9057474791658 16.7677331111823 16.3711350393359 18.0834684733222 16.7672298543971 18.8199303969443 18.305622208523
TCGA-BH-A0B0 15.2550456545598 19.0407198389729 14.9882709385507 19.2563379060081 18.2317232514145 17.0710178412595 16.4525845766103 18.8882336894242 17.8621248331605 18.2594087966834 18.755414155115
TCGA-A7-A6VX 17.6712602929396 18.2528280053714 13.8343550422098 17.7841639412357 17.3582580725878 17.6451409878579 15.9676670688478 18.0027229486763 17.5127135150717 19.0263088333679 19.1375950027068
TCGA-AO-A03L 15.9179007339216 20.0570601304148 14.5489767330623 16.7551127584688 18.1489594670511 17.748946979914 14.9968842206107 19.5621166647578 18.6300347595178 18.3499610526902 19.2854140517191
TCGA-A8-A07S 14.8920308003408 17.4762127614277 13.9330675064605 17.6815999156984 18.0042378637342 17.0291013335838 16.7304450085098 18.7732303118479 18.4144244898503 18.9314014008437 19.0501280739369
TCGA-C8-A3M8 13.9043368552038 17.8466338379871 15.8266057246865 16.0050015940562 18.8983747778736 17.2809461959365 15.408754412243 18.3275436297878 17.3627906822401 18.8769521755102 18.7224840002943
TCGA-A7-A0DA 18.5808108492508 16.9749468035327 13.6704632297759 17.0905740301935 17.6721603568408 17.3259805125743 16.9808710239863 18.1122429127687 17.7283164078433 18.4959219008542 19.4200439401262
TCGA-A2-A3XU 13.4329580835266 15.8951655640019 10.9217992869086 17.0383364834958 16.6414902467293 14.4870077269684 14.6552071728785 17.7357251302773 17.3528708396251 18.3611131153722 18.9152083043348
TCGA-AN-A0FY 16.6273501481646 17.6448621882193 13.6886408256819 17.8140856718607 18.1640896505607 17.883574469001 17.6155574090184 18.0841368328977 17.2172696262865 18.7673991124555 18.3766381634404
TCGA-4H-AAAK 18.2965284892853 19.8568890133655 14.2487415975885 16.8015435193813 18.7885518807943 17.8201843905962 15.7956748873997 18.3301052896862 17.7677525707639 18.4109016560116 18.8154790639307
TCGA-A2-A0YM 18.498991789883 15.2581578295665 12.7545061441213 15.4395572955457 17.2227253260619 15.31852938518 16.8834300831191 18.4047967208751 18.7564063490457 19.1825034217374 17.984331186224
TCGA-C8-A1HI 14.0801985111582 18.2397635415424 14.0118836363274 17.027215190499 18.2955158138306 16.2181068146662 15.3257471703484 18.8675613032253 17.3587534896449 18.2793414799841 18.6765351302403
TCGA-AC-A3HN 15.888911676756 19.408568291785 15.7145655489222 17.6094784816821 18.1801708197203 17.7795911853092 16.3844260965259 18.2869325129016 18.2355709307703 18.6371749005395 19.1949045765386
TCGA-E9-A54X 16.8919063124342 17.8944458280155 10.7296716470365 17.6181029954225 17.8955043074109 17.623922287463 16.0965736971515 19.005723162769 17.4912363378851 18.1617945054642 18.7064273558245
TCGA-BH-A0H7 16.5971643955929 19.0083551136846 15.4334095792984 18.3044142030664 18.7460584640532 16.4135653525562 15.4987393414016 18.6837410753004 17.5255200627583 18.4092944767783 18.5617361653329
TCGA-A2-A4S2 16.1801301354184 18.6324993226677 14.741979566727 17.8859816045466 18.0083293802789 17.524117283799 15.5069515591683 18.5167820790303 18.2591395574839 18.066432571602 19.128804123204
TCGA-OL-A66L 16.5352492654165 19.5335590556143 13.9260230721543 17.1945492117985 18.8687960202645 17.0819139820816 14.5058226100411 18.0209419555672 17.3240214533588 17.0869578992304 19.6286679438944
TCGA-AC-A6IV 14.5400708698288 18.9393792091099 15.6441040115492 16.0832553644947 18.1263678942683 18.0483706171511 16.2415500993387 18.5168696770944 17.7595734785813 18.1363801020951 18.8698881869432
TCGA-D8-A1JH 16.9724373778863 19.2429921820884 15.5207491993617 17.6251524360029 18.8025645268796 18.1190236581892 16.9350987552119 18.218605821661 18.2075610538188 18.7224922425673 18.5010158804121
TCGA-E2-A1IF 15.4327062710526 18.8269904726357 14.7764263223704 17.3475670031324 18.3478976788871 16.5749244996071 15.9265400918414 18.6234859088371 17.6490694273635 17.8952379286761 18.7719972099197
TCGA-BH-A1F8 14.6990002165626 17.991597487398 14.5846106025972 18.0703583664103 17.4934093492158 17.5428921590427 15.8620539727728 16.7981041350202 17.2138828599702 18.0465160553263 18.3843512011727
TCGA-B6-A0IE 14.1084606029763 18.9246993918272 13.7036565549719 17.9326301484821 17.7713211628178 17.5659148674451 16.16450306167 17.5498390279063 16.7020270853901 18.925197037545 17.7562735313185
TCGA-A8-A09K 10.9200737166346 16.7692136783034 12.8090672167258 17.3966389479354 16.1487360431871 17.891134595233 16.5048970828066 18.0404078940484 17.660726802741 19.4815413796405 19.1837068549188
TCGA-A8-A08S 13.3638034187687 17.8897444770577 13.6636261081857 17.8499731389157 16.8117821596043 18.2741753795519 15.9177396236047 18.7485023876819 18.3506129434892 18.8660396574271 19.1124856410124
TCGA-A8-A08G 14.7556867889172 17.6112492892101 13.9685141685403 17.2722445084934 17.9830549272941 15.679954876291 15.9632302412989 18.7784632915698 17.765317107857 18.3075550407061 19.3366392198577
TCGA-A2-A3XS 14.5012462686724 17.0140741693742 14.4118553466118 16.3447109879014 17.0774822193952 16.3925979332262 16.0582872895925 18.2620818784725 17.3973488340079 18.1100222937738 19.3496478401714
TCGA-A2-A0CQ 13.2039808037233 17.2668306349956 13.7557453904827 18.1274004357993 18.1578056362788 17.7738065956395 16.3747152905026 18.4322891781754 18.0342119943541 18.3603257675676 18.0991196203599
TCGA-C8-A12Q 14.8768855758767 18.1160211458436 15.1860030522998 18.4038801708174 18.2442410884723 17.1206726713576 16.2136189532485 19.700945452994 18.1441875328336 18.7473434089239 18.3221478605947
TCGA-A8-A07Z 13.6561937655943 17.4956176711186 13.2262056273238 17.1513051472584 18.0685190809174 17.2513966841366 16.4095866117364 19.0620541254128 17.8064857351115 19.0481588626133 19.6994767748713
TCGA-BH-A18U 16.095599247411 17.9283644341005 15.7034666167399 17.6037666331265 17.1950903360691 17.1821695331344 17.1777046829952 17.7615225321315 16.6985890298465 19.0841899417953 17.9087486795405
TCGA-BH-A0C3 15.0252420046827 18.9095667587259 16.1666636335033 17.4685689058996 18.472775375211 17.4401954537034 16.7882237631457 18.4036994981181 18.060040896221 18.3263558199829 18.6313254820569
TCGA-AC-A2BM 13.7231147395537 17.9212439883317 13.4516363005372 16.9747560922421 16.671538982277 16.9814805938821 15.9282232887227 17.6989108770882 18.3086063544401 18.8293314562335 18.2880360003138
TCGA-EW-A1IY 19.5975516802258 19.1483879479803 15.1372871784922 18.4918165354894 19.2934036613573 16.4247949670055 16.6365813866068 17.6199069215336 18.9936915595007 18.7764753737263 18.263953134521
TCGA-A8-A07G 17.6337732022387 18.7554014505852 15.1848965063549 17.7870989099117 18.8681081337951 16.7842198787848 16.8529688257953 18.462544702431 18.5362141565384 18.7356889005196 19.3534228962675
TCGA-A8-A09B 16.1005622870205 19.0139868273713 14.3155786076596 17.5140712746517 18.5669820714025 17.0407098472507 16.4586062892521 18.1235805242319 17.8603820615765 18.5778934169595 19.4406302432457
TCGA-BH-A1ET 15.027387176439 19.5817713817285 15.5663086429295 18.1328977423126 18.1997598070671 16.6999416751997 16.5382413489993 18.2805214598851 18.1539856893438 18.1539884318559 18.7090554257555
TCGA-A8-A08L 12.6296374193999 18.265369887099 14.3567344220396 17.1660451690846 16.8479430297103 16.8323211590326 16.0441135230861 19.5195639776883 17.4428611467982 18.9391517448727 18.8228618903316
TCGA-AR-A24P 15.7963757723287 18.7286009033464 15.0862606846147 17.8218164769957 19.6028178228355 17.3103409427911 17.0600516137302 17.8911743099664 18.134840463606 18.4021598322041 18.6944243011428
TCGA-AR-A2LH 15.9283543823093 18.2430552419325 16.0531093089922 18.1482617086726 18.3094254333091 17.5053982966743 15.9341189499216 19.5836654329246 17.7988681812974 18.0304451637646 18.9781576416257
TCGA-A1-A0SP 17.1175527054772 16.3446968379695 14.2619131258983 17.9876916482414 17.9268174966232 16.9553365641322 16.0604800642584 18.4278555245434 17.8369022724262 18.4832150773163 17.9816929625047
TCGA-AO-A0JL 16.099375507258 17.0058905034971 15.736207621429 16.7844895206539 16.7931246355212 15.5491335738437 15.8271800380067 18.1002321715546 16.9359222786014 18.3303769713743 17.8885865307646
TCGA-AR-A2LE 16.729105258186 17.3225536956911 15.1447496671448 18.0106671533436 18.4282365864641 18.2091381886649 17.0317325778613 18.4348785138811 18.1208209092443 19.0365275259257 18.8270578002822
TCGA-E2-A1IU 14.6660094473547 19.1900901401957 14.734101139393 17.8246377841208 18.2223801226525 17.4521807985546 15.6318202831363 18.5520427215924 18.1106022916482 18.7027300311698 18.800463444731
TCGA-BH-A18H 14.7226333506776 18.1889434010247 15.3868155801709 17.5770227962993 18.740267400992 17.2233888479819 15.7860564679063 18.5986175651418 18.7433961004866 18.6039346694028 18.6587670737714
TCGA-BH-A18P 14.9326929087073 19.7510629752286 14.2501907537785 18.2903818673269 17.3570506085842 17.9834486373183 16.4494778084123 19.039840451946 18.5149693081557 18.9957532500371 18.6158330803664
TCGA-BH-A0BP 16.0653976663704 18.2515113136383 15.7733006956511 17.7585855511718 18.8097929455297 18.2235009502426 15.9367121046313 18.9698931784678 18.2350469864955 18.8712902984743 19.171658650282
TCGA-A8-A06Z 12.3195304174764 16.1999291225444 14.2766728745817 17.9909916845771 17.0907792539727 16.3155386592854 16.0265746190984 18.1432153111226 16.7029488053339 18.6099328202698 18.9930119767107
TCGA-A8-A07L 14.8823372942059 18.3964164181476 15.6867267854198 18.1056150037927 16.6077836704927 18.1366129003458 16.2052366887862 17.6725539349378 16.869666731511 19.7093914819196 18.8873145659213
TCGA-B6-A0IH 17.5192107466313 19.5247131713993 16.5629702834647 16.8887156654739 18.2641903125679 17.138674000246 16.5600082701271 17.6736789543625 17.9428053571329 19.1197748525922 19.0413534028482
TCGA-A8-A09D 14.4963491620625 18.697116485026 14.9621776574167 17.5002876102723 17.8310782627352 17.7099193237337 16.6590619357113 19.0772635471467 17.8205547218198 19.8868399557822 18.7786108015407
TCGA-GM-A2D9 16.7100698800615 18.6845713632772 14.8324428998863 18.4432522041919 17.8470018287931 17.7222570729451 15.3593218131491 18.9258938719275 17.4204886016208 18.5802397720796 18.6040182171969
TCGA-AO-A03V 14.2114761809043 18.802156598987 14.9092626919927 18.1388268187496 18.2036471797739 18.4270997298936 15.9425337887897 19.2359213489967 17.7631909924686 19.0327281429954 18.6836298895814
TCGA-A2-A0SU 14.1012310445753 18.4571845207698 15.5622571698195 17.6014489651065 17.3884481340025 16.8644083223183 16.5270247804654 19.1416349417028 18.207723902408 18.1483930036233 18.7983782115504
TCGA-BH-A0BQ 17.7968028470159 19.3912387904741 14.5750492754812 17.3297591504543 18.9097225998574 17.2855060026343 15.7894455561029 18.4593901292112 18.5235626760606 18.6199454246235 18.8228715952491
TCGA-A2-A1FW 13.5571046729132 18.893664418747 14.1208715995617 16.7799527691636 16.4230263702274 19.239953663582 16.0097752596574 18.6513898867846 17.5588125675306 19.2130219827265 19.0931084114897
TCGA-A2-A3XZ 13.2674873774096 17.7138812216298 13.5459864981408 17.722318816519 17.0004923853754 17.2889768907246 15.8538511164298 19.459935232928 17.9851246486771 18.4780011340977 18.9474903452351
TCGA-A2-A0EM 16.2344462549267 17.9935544077294 14.2032817292908 17.5985519598296 18.8884777645427 16.5661456915504 16.7152245902441 18.2769926824202 18.6726450204943 19.027914008705 18.9155871902198
TCGA-LL-A5YO 15.6130582575072 18.5192242146253 13.4447401049336 18.0439861572815 17.8201452662863 16.0027365864008 15.9493479229327 19.4797507457477 18.098534418111 18.2268955388252 19.1607592159456
TCGA-A7-A0CH 17.4825651594421 17.774279316092 14.1308348582557 18.5445968523993 17.7812255918286 16.4086135063593 16.370461859051 18.268045997142 18.8247581730198 18.6402474906712 18.6598968610821
TCGA-3C-AALJ 12.7933776790096 17.5344835669758 14.101314850103 16.3740939910015 18.7924561309567 18.0066020482661 15.9865841404877 18.9322159418948 17.4089624036249 18.4472902124282 18.5475347851146
TCGA-A2-A0ET 12.7373111969832 17.695210226186 13.8597654202141 15.7616969891169 17.2497447175775 17.3405572998407 16.101894401919 17.9369551287337 19.0248786347019 18.8330534798683 19.3195262606122
TCGA-A8-A076 15.2375715039076 18.5942342489066 13.7808960990645 19.059591623949 18.124901416696 16.3795691603933 16.312600769762 19.2804213712998 17.7052617419175 18.8594884837817 18.9550336758927
TCGA-B6-A0IK 13.6269197706251 18.3300636984307 15.0845496787984 18.7281045715935 17.7987904043018 16.4368972920341 15.8734234654218 19.3657008124221 18.4454766999761 19.054767682187 18.5314609849961
TCGA-BH-A0BL 18.0966274299827 17.8951727671768 14.8743598392854 16.7598341334446 18.1526091824903 16.7584910080079 16.9402819493742 17.5444563138081 17.9795429566319 18.5358985052911 18.315528205821
TCGA-A2-A0D3 18.1638786762739 18.063301507883 13.7529774062486 17.524892911351 19.7112130861094 16.6559819670731 15.9991921998784 18.5229022980649 18.5196524506096 19.1602448642739 18.9241511548595
TCGA-A2-A4S1 16.7997292447913 18.2577474521895 15.0761693522659 16.788648046406 17.0101988302955 17.8871637334802 16.3238159117367 19.0921788814331 17.6920488155828 17.5695771801188 19.5075967526924
TCGA-AC-A3TM 15.4358330786729 19.0589952387523 12.2944544161755 17.5624179649601 18.5132122949222 16.8047601818856 14.8235839679059 18.4851966416549 17.257559477906 17.3969883729054 19.8119985154787
TCGA-AN-A0XP 14.1331759484598 18.1411611084276 13.8633580696067 18.0120251496007 18.2981591665981 17.5043164737358 16.1797714865863 18.3903422854297 18.3547735605162 19.1408174548791 19.1633821047403
TCGA-A7-A4SB 14.0009432517167 18.3119321766993 15.1815626688874 16.1051384587435 18.989739031428 17.6334626542754 15.1641565954659 18.3904131364845 17.6719317054615 18.6403943534053 18.8395574878339
TCGA-BH-A28O 16.2542353125341 19.1877207616982 15.1368690217974 16.4315426333054 18.8203321164121 17.3006801532874 15.9709783909561 18.1480531330727 17.9445017129324 18.453362256723 18.7815026187685
TCGA-E9-A22B 14.8783009897652 17.7948596783591 16.0089129335066 16.6957976414336 17.5254757555761 16.9754992887058 15.5130769020995 17.9380163321928 17.4317108205556 18.407531277782 18.0405133592657
TCGA-A8-A0A6 15.6111736072926 18.7620648816491 15.4769191174374 17.4708217545418 17.9588772510722 16.9510771826359 16.3323511392085 17.926691874344 18.3322684943974 18.421027896895 18.0642746825117
TCGA-AR-A1AU 14.7827928328456 18.287837946108 14.8046340364221 17.9976716200282 18.4362303977666 16.791032175529 15.9921925165612 18.1708182370165 17.715073338834 18.4750633387098 18.3682225761509
TCGA-C8-A8HP 14.233643841557 17.8952276591179 13.6427553351287 16.6916724205311 17.1336867544676 16.1512508881254 15.3053681839927 20.8545619111126 16.9582851589919 18.1213409949766 18.6494224650901
TCGA-A8-A075 16.499286778109 19.5957232322887 13.408984662226 17.7322597606809 17.4992857026948 16.3633651653341 17.2125537146158 19.4018003655115 17.3103517261057 19.047721801635 19.3674802705263
TCGA-A2-A0D0 17.1483260255103 14.4912184667506 14.7598369109913 18.1233991932695 17.3471155896095 17.3894091605936 16.4745394597191 18.7870614796092 17.3627185932927 18.5418535085928 18.4076676732345
TCGA-BH-A0DS 15.8744301630063 18.5650004833335 15.0717294125014 17.595255068159 18.937951919337 16.9441603654987 16.252482153534 18.4328176445648 17.9653933993432 18.5406071668211 18.3799857763785
TCGA-A2-A04Y 13.8711459851975 17.6024419868242 14.9639998644157 16.8305939237529 17.6573539681327 17.0095743602814 15.4562392787553 18.6331606753788 17.2308473050107 18.393331148034 17.9761803964687
TCGA-A7-A26G 17.7273108924456 18.6719604513168 17.9543799159146 17.1612853502526 18.8761079155258 17.3193795100502 17.1485320010502 17.0880420341804 17.9587421419539 19.163228506356 18.1286018378817
TCGA-AC-A23H 15.3460513001969 19.2808161782089 15.1199429719214 17.9729668988386 17.4510237334057 16.7765264680715 15.9698567454054 18.9829295269059 17.86659849453 19.3705545626738 18.9575429800497
TCGA-AR-A5QQ 15.2997799903978 17.5914961544391 14.5930880286948 14.9620429324106 17.5297404132562 16.9247174372301 16.0970153329832 18.5897739947489 18.4010718067682 18.4400423842483 18.8957262368401
TCGA-BH-A0E0 17.6840816796352 15.2145990883817 13.447021596108 17.8479172197809 16.593678926115 16.5405058735323 16.0653419621718 17.8861542518932 17.2765480476488 19.209547515498 18.483266276568
TCGA-E2-A1IN 16.1090480366606 19.1656822603059 14.862445453053 17.804898918217 18.3123421180541 17.1913120287634 16.2210534134284 18.0975658680046 17.6878177479954 18.4964285488636 18.1953803181128
TCGA-E2-A1IO 16.8570443034496 20.1629248931047 15.1541898547881 17.0661565407676 18.7427667825051 17.6104679289676 16.9588633922948 18.5177912801439 17.8451942827241 19.2456930148506 18.8288829871779
TCGA-BH-A0C1 18.1847056791629 19.0386619253455 16.0767375262077 16.9592885550597 19.3691278465757 17.1668792820751 17.1008575715295 18.4126072380084 18.2842530697422 18.8840096388744 18.8971046632064
TCGA-E2-A106 14.1507833769409 16.8565844168991 13.935964721039 16.3563834911858 18.8385229434256 17.7623386057567 15.3909650470128 18.5629655313289 17.7452656681064 19.7100201114124 19.1340008552067
TCGA-AR-A5QN 14.749849093642 18.0850773490436 15.5496696108727 16.9140788427949 18.2307960723577 16.7915287664219 16.0051695013207 18.7528858888099 18.0239158813092 17.8785030176061 18.6829531113724
TCGA-AR-A254 15.2810813139641 18.874456805767 13.7934093501045 16.818827158049 18.2683012594734 17.0414068462692 16.7914754381601 17.7745488015607 17.8638125666222 19.0050265021437 18.118750779502
TCGA-B6-A0RU 18.8151565106959 17.0080157105997 15.157849946031 17.7442227136715 17.4751486401598 16.9759865567789 16.6066640433327 18.7527859256079 17.341281254201 19.045331652349 18.6003701738657
TCGA-A2-A3XY 16.9261001370717 17.9839952706536 14.4507091404528 16.7226955012365 17.7335770311044 17.8780173609409 16.3660363318249 18.6447600544336 18.0393031319297 18.3186227115604 18.9176797391633
TCGA-BH-A0AV 15.872200557984 17.4044101706754 14.0058963298119 16.893076746599 19.1352180036641 16.9418568063115 16.6647889217724 17.6449901393987 18.1580977330658 19.3811089704256 18.6856296986891
TCGA-A1-A0SG 14.2079951912265 18.1238449193641 14.7622294486139 18.2642505846948 18.564490492153 16.9888779256641 16.3874333844437 18.9399093647548 17.4467275038474 18.1496385067266 18.6637940042568
TCGA-AC-A5EH 14.9890490738562 18.8771859223353 13.9998713692855 17.8425249059601 18.2429240203302 16.4937038543534 16.0120155505253 19.3829910363694 18.1022313041897 18.4932945237427 18.2177146843116
TCGA-C8-A138 14.6923145643379 19.1596129032902 15.9039590066683 17.1807807631509 17.5864941250474 16.5572601589175 15.6865429377999 19.5878262727371 17.1906322807339 17.9740048326648 18.3272786095613
TCGA-AR-A251 17.5793299851652 16.2184123431128 14.2715692420156 17.3951582084306 16.8892343666003 16.7937063425371 17.7276533248168 16.1644801910748 17.6142024404849 18.9368309895942 18.990094051892
TCGA-A2-A0EX 17.3606071455258 19.6421135737784 15.6755654212453 17.8701219527976 18.7277641009009 17.3222854336202 15.9100348084226 18.3544787558984 17.7515856809519 18.8858315427267 18.7118435816647
TCGA-AC-A62X 15.1613666486871 16.7318172154018 13.5077719624348 18.0766561480836 17.003986718385 15.0738871879288 15.372090541448 18.0575391534078 17.5228201651506 18.4849648917875 19.4844945237517
TCGA-GM-A2DI 18.6384052989701 18.8971214358628 14.5143941966812 17.5763512956153 18.7655114997931 17.4242067687692 17.0631292014226 18.7630064401866 18.620628888195 18.8700701485381 18.7636160204964
TCGA-D8-A1J9 14.2270850151917 18.1344265917641 15.0670695572305 18.075914917752 18.3388489996 15.9465825114252 16.123293191169 19.2342845898789 17.8489205300594 18.904301150479 18.5636516969168
TCGA-A2-A0EU 13.5186499433131 17.2494190590513 14.9168797455771 18.3369615644488 17.4146520701774 17.591891495054 16.8565864476525 18.048392339551 17.4413575331161 18.4023986569293 17.846059264515
TCGA-BH-AB28 16.8468862831396 19.3456518221944 14.3652037287617 16.7077443691664 19.2962528334565 17.7836633658651 15.7683766110663 18.3217498739533 18.4189520770952 18.7610304234613 19.1104835221056
TCGA-AN-A0AS 17.068809696958 17.1678274680022 13.8139002553219 17.9330057747561 18.7862953652815 17.0455015292974 17.0824578112606 20.0880011420166 17.925657056943 18.9675883168514 18.6318766987878
TCGA-A1-A0SI 17.2152171858913 19.0295874979354 14.1181940904317 18.1924981658832 18.4868080240273 16.5234592507763 16.452099836187 18.9856678503607 18.0049025522789 18.8807336835136 18.7871862470979
TCGA-BH-A0B9 12.5514547884156 15.3339720337822 13.0664224177874 17.5973074400925 17.0979412971859 15.4503311739297 16.4158819001681 17.1412468251175 18.4508720287423 18.3402245191264 18.4547479882479
TCGA-A7-A5ZV 13.6436901034286 15.5826538275302 12.3350343877627 17.1802047404759 16.9324264951184 17.7985060141385 15.2515957694503 17.7718612681879 17.7841958733817 18.3729002538373 18.6859731917629
TCGA-BH-A0HP 15.3419677759148 19.9541681280429 15.9848844707065 17.8080036737642 18.4347198098291 17.0176468152399 16.0620157781006 18.3233511424925 18.2583590917209 19.2288738806149 18.5396816466016
TCGA-B6-A408 17.6835956474245 17.8032544980731 13.8044262658034 18.751967590601 16.6174933622585 17.3918659412148 16.1770043450031 19.2222724882434 17.6135810035067 17.7164846596947 19.3673909013373
TCGA-A7-A3IY 14.964703834127 18.0923785710383 14.9160491931174 16.3900403463444 17.8733432767576 17.456558041354 16.1704555700327 18.3701892462492 18.5394275205742 18.3206978156117 18.7539294329309
TCGA-E2-A570 17.2700100582773 18.7564379446307 14.4774372326303 17.8489918617636 19.3834026218808 15.6217556607532 15.6093547546166 18.9466220012582 17.6005417876856 18.6277821650942 19.181179202015
TCGA-A1-A0SD 16.7781317798177 18.9511971144279 15.7386227722007 16.7877651695841 18.2186419439589 17.8791584587841 16.1480692753392 18.3853235451796 17.9578965912378 18.3258768563999 18.6923324320054
TCGA-S3-AA14 16.3085462417696 20.0630659389594 14.72180693892 18.6339675922008 19.1577974081346 17.7675686626782 15.8900349307004 19.0572697284166 17.8042643201943 18.6560881250197 19.014742108293
TCGA-A2-A4RX 18.3050180747329 18.8877012505353 14.883787723233 16.9804603752516 18.3113042321074 17.180667798955 17.2351565241578 18.6974331427588 17.7030470017235 18.8385070617884 18.7561183551279
TCGA-Z7-A8R6 18.3432180783402 18.1115939544258 13.2520928440053 17.8637305874875 18.061316942992 17.05852530245 15.7326828602151 19.1991475245198 17.4951252733794 18.8033865937621 18.7384951286977
TCGA-A2-A0EW 15.3385934405826 19.0479295114613 15.7490293410911 17.885248674015 18.7969909943697 17.0181119716336 16.3876551321882 18.300903837766 17.9930900996971 18.0877694782644 18.7201512212404
TCGA-C8-A12W 14.6387648480441 18.1024906818631 15.1751823008696 16.8565842973625 17.6719195851632 17.3044513807568 16.0959693300149 18.0968095047655 17.5383640062478 19.8407274305821 19.0750975578591
TCGA-A2-A0CV 18.5983983104473 19.4069333312872 14.5942115329011 17.2366804732892 19.0808693866138 16.0853169727724 15.7721904059173 18.4309898453941 18.4359552577751 18.2171295262644 19.3847024002986
TCGA-A8-A09E 12.7718613655199 18.3512689435601 13.3894961146503 18.1881423135172 17.3700081025215 17.836558782258 14.5592952971332 18.4688678761761 17.5035779556268 18.3511697224889 19.1656235770177
TCGA-AR-A24N 16.3045218569645 19.2348360398155 14.5010640292933 18.3388047372704 19.2370569273039 18.3766760040256 16.6858328396136 18.1630185388424 18.0849956683571 19.0394093321129 18.4662929578112
TCGA-BH-A0HA 15.0910532828853 19.5476995320153 15.578999900865 16.8450589796665 18.3105512162948 16.7672999993208 15.5022044031493 18.502496821261 17.6587994545927 18.2587331843309 18.147706107718
TCGA-A2-A0YC 14.2602604553135 17.8081090628658 14.7132347493994 17.6862965862549 18.2868115245358 18.0548865747682 15.9249382866909 18.0254678194763 17.8119195547108 18.6893566661493 18.9490644140346
TCGA-OL-A5RZ 12.322076302403 19.9230622292284 13.4835716950314 17.1555054647356 15.8485967100963 16.725672223927 14.6168207279811 20.1472474965375 17.5248300331118 18.0331967459592 18.8242486895537
TCGA-A2-A0CR 13.7881786920695 19.3197701236109 14.3192754508278 17.2498352177837 18.139294290331 17.4998496348131 15.4034390418341 18.7163908546688 18.005770462375 17.7543414346672 19.6234416206616
TCGA-OL-A5RX 17.842984176724 18.5680809995758 14.2030455302426 16.9717190840152 19.1947017585348 16.8939664757046 16.0089079120007 18.6648812682899 18.6284492613748 18.7882007605108 19.062971010988
TCGA-AC-A3TN 12.6430653832266 18.665399784787 13.3284963959523 17.521175000158 18.7783104623039 16.9814250685726 14.6359239104306 18.608728479181 17.7011891252067 18.3232529736902 19.6718202506822
TCGA-AQ-A04H 14.3145745272927 17.0888033246295 15.2101597364257 16.4442492010157 17.3512826613021 18.4454425825908 16.4015871459679 18.9705525368421 17.5785114124926 18.7872156284805 19.0381262154662
TCGA-AC-A6IX 15.9351141050323 20.0499532018797 15.7850606195104 17.2554251034704 18.0446781339995 17.5035242101754 15.9108944783419 19.2190859603877 18.0113805104063 18.8515207072486 18.9622166159177
TCGA-AR-A0U2 13.4585242858523 18.0676507482221 13.8984704401469 17.4725283749027 17.0517388981885 17.0520362385056 16.4509281080796 19.3431519821503 17.8706077044086 19.1264897872377 19.283401920573
TCGA-AC-A3W6 16.8146783803973 20.0573354415729 15.4475457831013 18.5252436580817 18.4144324809557 17.3070124346606 16.058660576187 19.3038585882275 17.8969252391825 18.7482768578949 19.1529559968904
TCGA-A2-A0ES 16.9098328235265 18.8863145051586 15.290542520477 16.8522326671064 19.5305863603221 17.3897569064723 16.5245951707495 18.2640522557461 18.0803440086805 18.6532514742958 18.4962198520273
TCGA-AO-A03U 16.2889458147519 19.2391866139178 14.8991314776896 17.2872210336566 18.2545528339921 16.5631816337775 16.8092448023221 18.6444364622433 18.1628968079297 18.4383776909577 18.7272854363799
TCGA-AN-A0AL 14.1871288064231 18.8173764642266 17.4212842851281 17.5083884261263 18.523058609157 17.4689546141027 16.5449670249711 19.3875645817098 18.3415547031798 18.7547555844466 18.8272878618204
TCGA-AR-A1AP 15.680864118602 17.4816216324599 14.1010122246872 18.2886961431859 19.0149014762431 18.4973518488826 15.979792419789 17.9471802965112 18.4137456072725 18.2773078479452 18.8807094535237
TCGA-AC-A4ZE 17.3171252068285 18.216432638493 14.7141851262451 17.6404536206476 17.2798683641533 18.4774349346478 15.9129028463992 18.7481085619617 17.3547120022497 19.0391173112582 19.2001326121369
TCGA-E2-A15C 18.169437454326 18.6048065704069 15.2223307880722 18.3474352476333 19.4943002903971 18.0816418292532 16.584986672457 18.4199939047036 17.592876102558 18.3138618640872 19.0617184613327
TCGA-B6-A1KI 14.3434287551741 19.039245001638 15.8419222524406 18.3518092055835 18.2736990880238 17.6434660846945 16.5038601738233 17.852116843431 17.6429736221537 18.5510146568134 19.1070124064843
TCGA-AR-A24T 16.8341126499427 20.4532404387533 16.1665751485577 16.138148966046 19.2660190602181 17.9493797165636 16.3857240347909 17.5387637131239 18.4051434586769 19.211891877428 18.8504494204736
TCGA-AN-A0XR 15.0862425801158 18.0347255073063 12.7236013869463 19.0106758739376 17.9421415540364 17.27497162613 16.5474542039192 18.945376145666 18.0509938195649 18.4422449230174 19.1306232460349
TCGA-AC-A62Y 13.397860741531 17.9916998251287 14.4003933004231 17.8944157699454 17.9915004378377 16.5340621870389 15.8843218622028 18.7275037745846 17.6282536131669 18.0853183845745 19.1443377431198
TCGA-A2-A1FV 14.6362681299942 18.2812520233608 16.1437243451443 17.0119388490075 17.5202904605617 17.9497602579659 16.6779496440286 16.4620545220952 16.9655697065566 19.8635278683998 18.5947524770391
TCGA-B6-A0RT 13.8461411477247 17.6475918040483 14.6669496373476 16.7722243561911 17.1992855622024 16.948614626103 16.7208995022062 18.3106201768149 18.3017399641807 19.0851905799366 18.5424718928632
TCGA-AN-A0FN 17.9039639643882 19.8530704269221 17.0077262282976 16.6164738515454 19.0124602525726 17.2290555820474 16.4981534015699 18.0225081511632 18.338546378745 18.4589919039573 18.3160376534215
TCGA-A2-A25C 14.6323585268241 19.018784627001 15.2157523240073 17.6042866815042 19.0193058457354 17.4672731309874 16.497814985127 19.1767828611079 18.0356923078801 18.8875654240154 18.7075385380922
TCGA-BH-A1FG 13.0276713220356 17.6808991491927 15.008751922266 17.4752586719021 18.2215701337639 17.5265151873467 15.6786145078254 17.79996454875 17.4145565775008 18.8426828267993 18.851153524595
TCGA-BH-A18M 17.2218761578193 19.1400308873573 15.5986952744986 18.9886036790317 18.3853006360681 17.9253307058296 16.3762505954771 18.2287353219777 18.0443420575388 18.2913992802016 18.7745912995471
TCGA-AR-A24M 16.5872223774417 19.0249440405311 15.670526300288 18.0485875262973 18.7620966012419 17.3322196546602 16.8511116822596 18.3329622118966 18.8746286856278 19.0441217761466 18.919516293107
TCGA-A2-A04T 18.2354224108255 15.984838895429 13.8998452038951 17.339687392946 15.9387919699976 16.1734986101395 16.0899949806828 18.4234080655937 19.5392018327406 18.9379139122081 18.3887826935231
TCGA-D8-A1XM 16.7696269286083 19.2654394779866 14.7933712025918 17.815291829879 18.4500663638215 17.124455921119 17.1859597776792 18.1110556685904 18.1429000064051 18.6952924319819 18.5164978255982
TCGA-A2-A0YI 15.2938385693005 18.8717472697312 15.0812039077168 18.7167744087697 18.5112236536519 17.3694939519168 16.570351535932 17.8659112674721 18.4050812605655 18.8459094905169 18.899509331402
TCGA-BH-A0HY 16.7124393097864 19.6556303135727 16.1547362598447 18.9505111868161 18.321988871402 17.7242124972133 15.8895778402446 19.6968938044861 18.5281542804178 19.1083703229166 18.1676558452266
TCGA-A2-A04X 13.5782531651524 17.8967457231239 13.8841973980605 18.8319483798193 17.7013381738572 16.9116908526471 14.8498468997226 18.6282288116389 17.1440721476116 18.2279318168617 18.3462996036536
TCGA-A8-A0A9 17.2532184575035 17.5929784383133 13.2767145506521 17.9549999146788 18.4879286103095 18.4447178004649 16.2305988255502 18.335002571311 18.3075698937717 18.5372870348108 18.7391100214403
TCGA-AN-A0XN 19.2563564721875 18.7246082723709 15.6213696560809 17.3474875581761 18.7021445878334 16.5512257981221 16.9778860177224 17.6216160629058 17.9727090336045 18.689328255684 18.9125770387847
TCGA-D8-A1JF 17.1142146753325 17.9989707056575 17.7175545557545 16.8208809825883 17.9662978560917 15.6998837819356 17.2753305231502 17.9392579550588 17.8706615381229 18.8343853213513 18.7331804768785
TCGA-GM-A2DK 14.9381634752117 17.0515378817969 15.2855600460337 16.976100820557 17.691158160581 17.3347141321794 16.1829329352392 18.0276465436437 16.9147149442962 17.8287036216803 18.3558342536361
TCGA-GM-A2DH 16.5100837857026 16.92908783969 13.7527405407744 17.7723044884258 17.3536234103552 17.332185343596 17.3459572304332 18.9136554938099 17.5422993716806 19.0867695259368 18.8333073167278
TCGA-BH-A0BO 18.4505856537778 19.551690001065 15.3817343517224 18.166707532305 19.5623944864925 18.2903705536551 16.8100236763757 18.2866775200432 19.8052226742544 18.522320120111 18.7823827928074
TCGA-B6-A0WX 19.6039580012871 19.3885665048918 14.2499196731103 16.7568767753416 18.3257624882937 16.5400583735854 16.0726684192995 17.2876636966971 17.1912493327369 18.173529654471 18.4290945127022
TCGA-A1-A0SF 17.2745034816612 19.513806855679 14.4353049183792 17.1818875615821 18.2951530533737 16.3054985653674 15.6997961603222 18.5697022248252 17.569652296956 19.0139041475422 18.4399957308114
TCGA-A2-A0CT 13.9987842921045 18.6555175999753 14.5219694582253 14.6785478792208 16.3222064406813 17.0586481991053 14.969657808852 17.9525672462879 17.076036602941 18.8777460646979 18.4932074361009
TCGA-A2-A04Q 16.7847556197474 17.9820206594587 16.7038027197493 17.1608410520563 18.3925824371818 16.2395604468945 15.9621349261062 17.6931272941089 18.2407401910045 18.1581086439932 18.6665100699698
TCGA-C8-A3M7 14.5229320335089 18.7982717644598 17.5343882869502 17.5520490493231 17.7098662581165 16.889017070539 16.2429273763519 18.7548699572019 18.2045751440593 18.8479088798192 18.5999612550224
TCGA-AO-A0JG 15.084655447751 18.6469298434407 15.8513156475102 16.821847954225 18.0161562358285 18.8302365197244 16.3406567992659 18.3961108367132 17.943124816248 18.2775106987408 19.0217051664812
TCGA-BH-A0BC 15.4827069414219 18.2465483349216 15.4047837616553 18.175437579236 18.7151654622551 17.3307721526359 15.4359425294501 18.8043636306608 17.7508064486793 18.6214235540553 18.9979284360839
TCGA-B6-A0IQ 13.7541540711041 16.114720808183 13.2866214174084 17.5855561246955 17.127400571342 16.981438523284 16.6880287040745 17.4222081553728 16.5854461750485 18.8906699286509 18.7455122538575
TCGA-A2-A0EN 15.4714935940037 18.7396390235809 15.6343688253107 16.738620356036 18.5531101993193 17.3828168360626 17.120217895375 18.1634061472282 18.5414731254304 18.4158207261571 18.7696784529534
TCGA-AC-A2FO 15.8475679385335 19.129331704623 15.4528665850784 16.7639500762765 17.8240813358949 18.0794734203086 15.9797055777531 18.1017911347014 18.1696994675269 18.5910061812707 18.9776044001294
TCGA-BH-A0B5 18.2332722140634 19.2756078040649 14.5238034946739 17.5297730015542 18.3002112120013 17.559593649835 16.7354924188817 18.3760432719308 18.2538926972069 18.4417622388105 19.1177681206037
TCGA-5L-AAT0 18.9930445820197 19.7617632238275 14.0178899466187 17.2738750195643 18.3639615877033 17.7220279684708 15.8786917907135 18.4704360509802 17.6912987482677 18.9226030133004 19.0532243540273
TCGA-A7-A4SC 16.8418980747466 19.5959715451092 15.3239838233277 17.0610494264774 19.2370320534979 17.2970991216748 16.6487112310244 18.42531271227 18.0697842640758 17.9585605245575 19.128748479294
TCGA-AC-A3BB 15.5050934001151 19.5757748940258 14.9769099821829 16.7431390222616 18.6819902698733 16.9129398715168 16.1428084255463 18.7071726926458 18.1444911687617 18.0138046483071 19.2572762364685
TCGA-AR-A1AY 18.4370187526644 16.2581931047021 14.7093320572307 18.3627081665935 18.7391050264418 15.9409144793708 17.849970315587 17.9263488238319 17.960433690214 19.1174600409436 18.2571976300739
TCGA-A8-A06Q 14.385504950535 17.572970883476 12.4195061192113 19.8582337483753 17.5821015368704 15.3567434664458 15.9725997612308 18.6635891203819 17.7475430483391 18.4465739360678 18.9385571153984
TCGA-A2-A0T0 15.6246674346882 16.7413112611169 13.0783096899403 17.267001140231 17.0895347974197 14.5021528522179 16.4392618046134 19.2431944173418 17.9052752021042 18.8943673591418 19.294488307784
TCGA-A7-A4SA 16.3789538112373 19.0286711609643 14.294868767389 18.3971237770681 17.9347911621971 18.125874423348 16.1564929799555 18.810185526661 17.2894133519108 18.0645639434847 19.0425722166508
TCGA-A2-A3KC 17.1063184082664 19.6277290357321 16.0473119893302 16.1820253897765 18.5598074774188 17.7581548563191 16.1447290840145 18.4472752986667 17.8206146726677 18.301484033329 19.0245268257809
TCGA-BH-A0H0 12.4591157758809 19.1240771550659 14.1486606546916 16.0651242616808 18.0373833611312 17.0941479418403 15.7916627026011 18.5759821919823 17.6938996749179 19.2995667990831 17.8176794897498
TCGA-A8-A07O 14.4657607466862 15.2516568765126 13.8658584803594 17.0002091944736 17.8250888662596 16.2279127255893 16.8384939058667 17.3564067120391 18.4333787703524 19.1179253422511 17.9696101256457
TCGA-A2-A25A 17.5623120724045 19.7624014672423 17.1876178141215 18.0970260397972 19.1603277573499 17.2528677012988 17.0046520076268 18.4393308838224 18.4959605618259 18.6074018829027 18.4680321530657
TCGA-LL-A441 15.5222425755417 17.2531788233824 14.1901188074245 15.4706329290072 17.0526993525349 17.5584414793056 16.8026622713443 17.9741200709085 18.2664178199374 18.8578824387585 19.3772307755655
TCGA-A2-A0YT 14.7523629479738 17.5551644581577 14.7298324722522 18.3311156074187 15.9939317490632 16.7096986641135 15.9755338733177 18.6458004029349 18.020708137526 18.8825728885323 19.0210360527753
TCGA-E2-A14U 14.6708048705171 18.0301739253256 13.2394783441425 16.3173120238566 19.2436674237062 17.275357931531 16.1461817784625 18.5870573168325 17.7733778697815 18.4710733294217 19.1640014535818
TCGA-A8-A083 13.7615167800018 17.6295202613371 13.564485669202 18.5750989886311 17.2570296509546 18.0906895681473 15.7037475712036 18.2914133896401 18.1860179691072 18.6701041822212 18.9835248677966
