X7042 X2353 X83439 X51176 X7043 X8313 X3725 X8503 X4088 X581 X207 X369
TCGA-BH-A0HW 13.514613735161 18.8978594680386 14.2942577812233 14.9191755758519 17.3279313892943 15.6998140693836 18.6542858391382 15.8308541278585 18.3036201361152 18.0953146778443 18.4167874344729 18.331240019648
TCGA-BH-A18S 14.7732775894864 20.9973575716865 18.0777963221428 14.7295128672926 18.1300104641248 14.9687768845204 21.3823486568548 16.2760020529295 17.162522558822 17.7168606653546 18.1862390560455 18.6463032225399
TCGA-D8-A27E 14.6723128796645 20.0831282804438 16.8507235422753 14.7308776570575 19.3908776623031 14.2890227806668 18.3937961861512 16.9767240317885 17.6219226361042 16.9483340451444 18.5321073220957 18.6679147148628
TCGA-E2-A1IH 14.9161742562538 23.0481686368442 16.6105378061521 17.2204580401004 18.8361761458189 14.8040693362752 20.4413878672822 17.9096075515413 16.6874256978532 18.0095627030346 17.3602928694928 18.7109053641984
TCGA-A8-A091 14.1183296696177 18.3345810451335 14.868156317266 16.1602263965895 20.2404454352911 17.3806529392756 18.3082396440509 15.2118354678718 18.5225017898271 17.9547890803024 19.3178210873771 18.0722485195471
TCGA-A2-A04W 16.9034900592731 21.6365970577499 18.1778967683434 16.7582188907999 19.010317094902 14.9706018224509 22.9478837629941 18.9201465665699 17.3204144362304 18.2570238668573 19.5896859301675 18.9061160302836
TCGA-D8-A1X5 15.3058547528572 21.5075786674122 14.8311196259639 16.5438562562198 17.9703441495016 15.9227929631551 21.2250648844587 16.1835519711617 17.3416617453133 17.8744157994974 19.0189462649585 19.4853199520721
TCGA-BH-A5J0 15.5943108521282 20.3477930431526 16.0875821925944 16.4846111790924 19.2801689753025 14.6265515795471 19.7661812681364 18.1206605555517 17.3701373432831 19.9771414684664 19.0236391298485 19.5904687249062
TCGA-A2-A1G1 17.8087300274958 17.6000178059001 18.7782691220926 16.0178237258511 18.4605863999047 13.7517175631948 18.3174994233671 19.1266812649443 16.1193822381825 17.7795448653649 17.1106440614316 18.6617080955551
TCGA-A8-A097 17.2304596044593 20.5366344912603 15.5207751048912 15.9787411404238 18.5620105255995 15.3424455557049 19.450637940338 16.4665599907942 17.7721707973365 19.1066369946176 17.4784527432378 18.9314429462857
TCGA-C8-A130 14.7743684963872 18.197618045485 17.5293268617087 16.1033790627007 18.1732314128646 15.4157136240493 18.9743384619235 17.3047774983855 17.1695787324236 19.1593075685655 18.7746904024251 18.8807505783202
TCGA-A8-A0AD 16.0685485610832 19.1672114379652 16.5350662540945 16.8287921933257 20.1964610189202 14.8318849077643 20.5519902703284 18.4944693814345 17.6948572677359 17.9110580291259 18.4882995219545 18.4753880609603
TCGA-A2-A0YL 18.224421458387 21.683444370661 18.0303302550437 16.4055818619616 19.1288598560336 15.8538650576953 20.9110294271666 18.2985765182075 17.9022474902245 17.3058836678451 18.0181170059042 18.6083057196699
TCGA-A8-A09G 12.8076772415114 16.3212344741462 14.5896011043452 15.1445420427714 17.2946599236395 13.2436093949103 18.9369866789159 18.1869477228992 16.0941610273995 17.806550297947 19.6438168403384 19.0197368177958
TCGA-A2-A25E 14.3725613237604 20.4706027460041 15.0343589908135 17.1618536713215 18.4218573049018 15.7637530246282 19.9302677480166 16.9523170916353 17.4880669606534 17.8676389004777 17.1616170311389 18.202339673516
TCGA-LL-A73Y 16.4229199129533 22.6916398683163 17.8733699352127 16.6133619334015 18.1707805491656 15.5258044534194 22.3692071539327 15.8155023179107 17.1500750356663 18.2955314179193 17.7983356389775 18.1893406652554
TCGA-AR-A1AK 15.3327067995217 22.7064104451266 17.0836192535402 18.7091065039917 18.6974062842729 16.2736070613807 21.7150233036603 16.8977320278779 17.5566541492124 18.5351202314235 17.8797688545459 18.856323710693
TCGA-LL-A740 17.095422511914 19.6436170688608 15.9404631220399 16.1936121859593 18.4125173286 14.8570439315791 20.0136801626311 17.9359030307546 16.3270451097613 19.483365557905 18.9771189358539 18.6794731198981
TCGA-A7-A425 13.4309052745147 21.078851698945 17.5468655224068 15.8574924132704 18.2339867675433 15.5188755402901 22.021136547449 17.2821791463227 16.8427727262923 19.1095845638326 18.9202761873885 19.1286394184036
TCGA-AN-A0XO 17.3877351003373 18.1111932784631 16.7147056122181 16.1423863465441 18.0348621101605 15.32860623507 20.2289416468542 18.6805400990956 17.3277309220959 17.7428213438498 19.2170342049203 18.759800928779
TCGA-AC-A3W7 16.8904576459349 20.5538371809058 16.8134570837295 15.6732772678714 19.1718693097366 14.9474419451474 21.8455399690512 17.6553510052166 17.2442940616166 18.6344679106309 19.3527273644559 19.2778896451879
TCGA-BH-A0H5 15.6185345753671 22.1028636213648 17.1224010912291 17.6722013023027 18.2498964314268 15.7451280469569 20.4453161937936 18.0713140081785 17.46539322839 18.1817039554288 18.1341421608442 18.9177154323129
TCGA-C8-A1HL 14.2582583266553 19.1673285776569 15.5887291023772 17.0690975580641 17.7799973338119 15.3962808829631 19.0734691386418 18.0463770265701 17.3955655712302 17.7969862503772 18.9895996922305 18.7362977275138
TCGA-A2-A0YF 14.0443465801683 19.1106494669137 16.0659001183995 19.6250044896968 16.9008859980268 14.7815715931896 18.6777570245075 16.8894284879694 18.1721028094136 17.6308171699384 18.0185261957053 18.9791453839167
TCGA-E2-A15J 15.589569015529 19.5650032863215 13.8318895494736 16.8430486267586 18.4181000688201 15.651284823846 20.9545472301643 18.1480861108403 16.8020381451372 18.032108241032 18.5312275084215 18.8179916071712
TCGA-BH-A0BW 17.0487748871207 18.0877627761566 17.8564668018483 17.2751728372721 16.5254364248447 13.2231819542236 19.5173805831823 17.3229257035192 17.0873356974741 17.9182722017952 17.329316385854 18.3401501054929
TCGA-A1-A0SJ 15.115394437216 20.5788298113856 16.1988065614714 15.6293318859785 16.9804114096519 16.2268689680209 20.8114569323679 16.9069696267214 18.1926075078411 18.0956614517747 18.5311892274098 18.2268521225554
TCGA-A2-A0EY 16.3356864560304 19.6206078180509 14.7318561454931 15.5057122921745 17.3960413772345 13.3734222019115 19.5539156096012 16.9441919508511 16.2625404775747 18.6854469699195 19.2309569015164 19.3579082384159
TCGA-A8-A07R 16.7310617427795 15.0220466149098 19.0870874708115 13.9645071212073 15.0924087239671 14.0489140583639 18.1203705322339 16.9366279223237 15.4476796721325 19.2773304471234 18.0658274149146 19.193082477587
TCGA-BH-A18G 14.9069159254996 18.8353449715522 17.9923430852371 15.3049930673806 17.3433710574906 14.9187738399578 20.4787485563997 16.7711849824727 15.517652202628 18.9766564800538 18.5717770303022 18.0158150151057
TCGA-BH-A0BR 16.3378945025934 19.5214456159025 16.9564795610208 16.5119495273594 18.5251965340129 14.5282005966867 19.8932707330259 19.0014146822174 17.4847274152936 17.5035136039453 19.7099842218528 18.6532548596773
TCGA-A8-A06N 12.9145180424185 15.8690158580584 12.9385752122806 13.0238692049973 17.1321110584505 16.8880383779168 19.441164718357 16.3238364013209 17.9348245473138 17.7914321558284 18.0875463279419 19.3968427616226
TCGA-AO-A03M 15.4899206293711 19.0582357929752 17.0057993264218 16.7457260668532 18.1295946685227 14.1833846492464 20.6337214351922 17.4533482123208 16.8767999398671 18.1940624391589 19.4720719041049 18.6070964920907
TCGA-A8-A09X 13.7363810131562 16.1362015311605 17.7220657390052 16.564093897701 17.6514198098155 13.5468261811379 18.8875736814429 17.3103732544935 15.9658598744986 17.9244242715949 19.5280231809819 18.7668144998564
TCGA-E2-A1LS 16.8023608051697 18.9463822790949 18.661454492483 14.3739550291153 15.458049378214 13.7097813922672 20.3136108739055 16.1513140861844 17.111764015001 16.8037668503151 17.3852820255023 17.8551719493162
TCGA-AC-A5XS 13.4684744951557 21.8892544921775 17.0791835007472 15.5087878215081 17.9822627653876 14.797503911823 20.8709958216284 17.7545293694007 16.3477322339568 19.5999119731519 18.6955158887244 19.1613806502543
TCGA-AC-A23E 15.3544017139024 18.4583528510007 17.2937218913457 16.3787221125017 19.1217281674643 15.3854050525938 18.6705744697336 17.0623786655485 16.7794162559466 18.1031746877256 18.2925182446935 18.9791514607783
TCGA-A8-A06Y 16.2143856913547 18.9642425970389 16.2674253381869 19.3836542159126 16.1930405350467 14.2718793881652 19.4089149083845 17.7557298448163 16.6904723267645 18.5744848921321 18.0838241701246 19.125944871732
TCGA-BH-A0H3 17.5470058324399 21.6630066928913 16.9284821206241 16.8398731326925 19.4416600341459 15.6395454815878 20.4805086654327 17.9444463297509 17.9362464543537 17.7676661249967 17.9201764837384 18.4878560846383
TCGA-AR-A2LJ 14.2186337993247 21.0839107304454 17.5570911813759 17.9092004803983 20.1826361056805 15.6799943505144 21.7614488301516 18.2930164563181 17.1781878166835 19.4859973074274 18.6888558777186 19.397646418546
TCGA-A8-A06U 15.2487998077611 17.508216366931 16.420032501393 15.3878439855447 16.8593481542125 14.2043146194128 19.556334437247 17.6916671797441 15.9815859034186 18.022074931332 18.5108323408477 19.6097885475039
TCGA-D8-A1X6 13.2069315532572 19.826167331743 13.3699781233235 14.7986460093397 18.2235885356425 16.6260910631278 18.2484922839134 18.7680261357404 16.8227054224905 19.056997464776 18.4056278844953 18.5547477068819
TCGA-A7-A6VY 16.2232712114139 18.5588380749165 18.691139035825 15.4435924801942 16.7377625965102 15.163928303702 20.3584801508839 17.2435328723051 16.0389626934875 18.9927325452157 17.9597956854576 18.8715100672283
TCGA-E2-A15O 13.9640973715169 21.2222474015789 18.4042002074312 14.9061013605911 16.9259292498284 15.129927889376 20.41334860797 18.4338071834729 17.2567058062006 18.8653411774596 18.444365638932 18.5922675096579
TCGA-A2-A0CY 11.7281210915561 19.0335252005802 16.7888850634754 18.635013749517 14.70355069498 15.3024053467387 18.5891107174494 17.5625845080791 17.4872232452692 19.725379958482 17.8535004770008 19.4613530076489
TCGA-OL-A6VO 19.3865793537501 19.9026590695803 19.4607378566561 14.4060904588457 16.0872037328342 11.2727750564054 20.8558796401924 16.9014910574795 16.0615369568978 19.4179436932371 18.2666512392227 18.6342514403919
TCGA-A2-A0CL 14.3857551421239 19.8173267403319 17.4700007261966 17.7738740119157 18.8494001624853 14.5023622024835 20.0523113261438 16.8624939817736 17.1371312591703 18.1591378925012 18.0467440617715 18.7975969246184
TCGA-AR-A0TQ 14.533318919603 19.9582258677412 15.4650412233539 16.2730651681123 18.6380746865976 13.9981098741233 20.0840801401276 17.3938696707535 18.1455509923063 18.2443253614559 19.0392682921445 18.3449726207499
TCGA-E2-A573 14.1628453715147 20.2007307104991 18.9746255210025 15.8158087450616 16.4597321324743 14.6707976571917 20.4448558021825 17.4539269825157 15.6480595073198 19.2150963288356 18.4749845327262 18.6370955779744
TCGA-A2-A0CW 13.0626784135747 16.8470361057726 14.2595922853377 15.095562825571 17.1722474420803 14.916220888529 19.7621075476917 17.1398768366084 17.4046493934972 18.4320097878973 18.427225448273 18.3247092520588
TCGA-AC-A3EH 17.176028015869 19.4732261009792 18.125206836401 15.5809248530095 18.9433868696014 15.0359448589072 20.4102954055869 17.4152215581469 17.716443770549 18.8874144572302 18.6432625518494 19.4606679999026
TCGA-A2-A3XX 16.8944835395799 20.0963142405518 19.4533716061184 15.2628708158305 16.4238761393995 12.886687023717 20.9352975484134 17.3849275402235 15.523238406874 19.7475073890397 18.4555181050168 18.8380305061803
TCGA-AO-A1KQ 13.8545328621574 20.3750107217936 14.8138857573303 16.5201492459717 17.4962758150486 14.2193952356454 20.3905003168606 16.5634463738192 17.3372063398789 19.3759142466798 18.1454749273546 18.766620801932
TCGA-BH-A0HN 12.7776911938291 20.1291199337641 17.9310287553748 13.9784988857881 19.629146001975 14.3552049503131 19.9820661143386 17.4362158358674 16.7565236125614 18.8370374055795 19.0626981393672 19.3161294601715
TCGA-AR-A1AR 14.5187696729387 20.5591535514576 18.1075725609434 16.2943544863548 16.4242008878154 14.2392317453277 18.9717508597145 18.425875509565 16.8625239393385 17.8356490361592 17.6052886195826 18.510073941296
TCGA-AO-A0JD 16.9702623365654 18.0898893243921 15.1126753904622 18.3797193506071 17.8808986616933 14.4048115936023 19.1442581972626 17.2274771150798 17.8961200594955 17.3934179429864 19.3483035963282 18.7594084766572
TCGA-A7-A0CG 15.526099979149 20.9519938171063 16.3873737355348 16.3142301000838 18.8260404437689 14.69033724139 20.101606890255 17.8303744196356 17.3850745233992 17.6292831708994 18.5175333646902 18.8139285944399
TCGA-A2-A0T4 14.811861407742 22.7748810671488 17.346239255067 16.86401699339 19.6520789318921 15.362514439986 21.2028087660527 17.2301564826369 17.3004020533811 18.3883694696327 18.4394255371682 18.6665741386838
TCGA-B6-A400 17.3635265035756 19.1925370373267 19.4738324340147 15.9203891116613 17.3271338160849 14.1703114675415 20.500206248399 15.2489289033795 17.6126101404917 18.9315128445675 17.6583881961427 18.9320623784376
TCGA-E2-A576 12.461141396772 20.1779498111379 17.9850543728986 16.249243060868 18.0667834446193 14.1277968362481 18.7977713221691 17.9607068532711 17.0698687408818 20.4126757747082 18.5502138187414 19.6401235700539
TCGA-BH-A0WA 15.8572951556804 17.4893495901905 18.928073931485 15.9099206505881 16.7228539374382 14.902510966023 19.5728177658833 17.1304389578441 17.9427602317081 18.1807074285621 18.0982003744661 18.111572840831
TCGA-A1-A0SN 15.2685511986067 19.9497331443498 15.5080620314223 16.5316937637313 18.9777741068357 15.8437777402741 19.8004508322462 17.451730637664 18.0255595517861 18.3444956215043 18.979392278666 18.3757438594841
TCGA-A2-A0T3 15.2060943911258 19.8967418268287 15.1932733039876 15.7818448028533 18.0371419061755 16.4544528705736 19.4764499942327 15.0439470916533 18.2504199155682 18.6627242228097 18.2071024168977 18.6920167453883
TCGA-BH-A0AZ 15.4193800232277 20.2950828592467 17.7284446784943 18.1398573414507 19.9494586047653 15.8722559732649 19.65692784702 16.6672751004678 17.513547267477 17.8486961613529 18.1043427624873 18.680817369998
TCGA-A7-A4SE 18.5114171724187 20.7629553274501 18.1679828439552 16.3310399253085 17.7456183696649 16.1552152293599 21.1485502585815 15.8912667071757 16.2458969451457 18.5157359475978 17.9381542033465 18.748827527465
TCGA-AQ-A1H2 13.2283627723799 18.4379744727761 17.7523531264055 17.4747582457442 18.6642480606216 13.8439537853875 20.0403008204568 18.9573044391273 18.6700765199137 18.0694314205196 18.0597054445208 19.7186183921578
TCGA-A2-A1G6 17.0106752886538 21.7593895612804 18.2875456325441 16.2942319860068 17.6411713147601 16.3755846736367 20.5274875910962 16.7007683344618 17.75981146316 17.3087105844224 17.5090301610388 18.7432177674176
TCGA-A7-A13H 17.1517577952461 19.2588517949064 17.0818867712486 15.9494259006262 18.8532583187331 15.3340434511217 20.5480037989321 16.8043010344313 17.5855275773226 18.5212864602059 18.5286700629913 19.2105397180343
TCGA-B6-A0IP 18.5092030970143 16.7942645389664 16.1821401773305 18.3077860624431 18.0193823670353 15.0949416953028 19.1971221601018 18.3564475833331 17.811804204642 18.3601856435703 18.3425856368765 18.7778176365068
TCGA-A2-A0CZ 17.0139194808417 21.7791626898741 17.9631697117093 16.7425375380848 19.5773714527069 15.3660705576546 20.5364928285531 16.496081353742 17.5696497076497 18.4599489682376 18.4137292088179 18.8899101737704
TCGA-AR-A2LK 14.8288200595004 18.6309363436193 14.5060120817684 16.8187502901622 17.7733105938947 16.1396530897633 19.6836288451734 17.3947989953272 17.5967488018178 18.4928897586257 18.4825642079802 19.0063281929612
TCGA-A8-A06R 16.3547663404413 17.8103549194921 15.5386077305996 16.6595179763457 17.4065156456056 15.3159746420486 19.6226005774399 17.4663089234874 16.6855276165455 18.3111840368947 19.5428183568634 18.3117203813801
TCGA-AC-A3YJ 13.8843899947906 19.5652226629595 17.3042782002648 16.417555375879 16.6202933787666 14.7464957117902 19.1082190390426 16.8830867842482 16.632572998689 19.2852312287895 18.5309739440887 19.6991285286295
TCGA-5T-A9QA 16.3846977710386 18.4179019224974 16.1077851013791 13.3841212459176 19.8893577426982 16.5400997860307 18.0486056488713 16.0700429950049 16.6110733294377 19.5880833536689 18.5179921818441 18.9857524799624
TCGA-A2-A0CM 15.1369350197257 20.1400018635704 19.0869753881192 15.8183313220232 16.7039350563472 13.9738255181248 20.2389397927841 16.390347302827 16.6545450164748 19.4085290421166 18.2183794365929 18.1666644846874
TCGA-A2-A0D2 16.5510362495247 19.5965470590233 19.778410183098 15.3080851178213 16.8354612425334 14.4112923323536 19.182730773203 17.2687407746326 17.4893931551131 19.8988091978049 18.5216604015254 19.1764127820113
TCGA-A2-A4RW 14.9922722188059 18.984146332602 16.7312116631236 16.2658240984573 19.5875792059293 16.1638657663355 21.3519412731604 18.5518337518287 16.2856852400166 18.9178962736435 19.1586847576853 18.7849590983581
TCGA-A8-A095 17.7326524040826 18.0874400205244 16.0255623216457 17.6840018184315 17.857672112074 14.9854770052166 18.8832974743412 18.2090314886235 16.9217518500664 18.5785539362796 18.6280825978378 18.5721127801677
TCGA-A8-A09R 14.7312163696965 17.4179667624432 14.7660920121479 15.70192805598 17.5656802207812 15.2799232447003 19.2348037608506 17.3343952454038 17.4222054453041 18.3512684068793 17.8123411177576 18.9586575775328
TCGA-A2-A1FX 15.3592168657699 18.925991134026 15.2095220109427 16.4464876615809 19.1826579851298 14.6515642134487 19.6598677237951 16.5636660603019 18.2360727949949 18.4786316530055 18.5744269935315 18.3790277607637
TCGA-A2-A0T6 17.5934398550706 23.0239774950221 17.6730041369485 16.3120004435897 19.7237025790664 15.4422815050319 21.3171363972709 17.6814848272878 17.1527534034533 17.7221272323024 18.203212192664 18.6658361066946
TCGA-E2-A15F 15.8874851477576 19.148042078025 14.6394811871141 15.563630563979 18.0839997706628 16.9313615682354 19.078850529613 17.2189278033138 17.763475765579 18.2036370596316 17.6043600455079 19.0009490573344
TCGA-A7-A3IZ 16.2600930072999 17.9373882886999 15.8695518765589 15.3678012489182 18.8350036088764 16.9097300237246 18.3541762826994 15.4963660340847 18.2294020197741 18.0173667800912 18.370757344294 18.7066795925696
TCGA-BH-A1EU 15.5662257762167 23.3277100183478 16.6924867014158 15.986264544196 18.6415256950668 15.4943826433132 20.7882705436487 17.3355971287002 17.9505853621776 17.2150990292647 17.4245142918122 18.8129973503075
TCGA-AN-A04A 15.8635242645388 19.7519343498524 16.1642562579968 16.7838374743605 18.5549582883428 16.0560491312116 19.9006288349086 17.0464541578975 16.446904610673 18.5707136043784 19.0385234830831 19.0391560214857
TCGA-A7-A0CD 18.1451396961396 19.6092242904451 17.8553911967125 15.4073563632809 18.2848330185244 15.1561556018258 20.203376976004 16.8282006831042 18.264975329276 17.9286790386705 17.8197780126961 18.7605680727213
TCGA-E2-A156 12.9648193822884 18.9777842430027 17.3059513842457 15.4391651703785 17.5133460092025 15.5552033792431 17.9487423243306 17.279483443164 17.9742094585081 17.4113920861186 18.108392906216 18.9533052691742
TCGA-A2-A0D4 13.0001569473212 19.5186686402259 15.5772301903748 18.8764892170122 16.3611597468753 16.3499999031821 19.3458752700418 17.2240165889262 17.9642615561851 18.4100402298328 18.1325321830238 18.7943024046153
TCGA-A2-A04R 14.5795485720802 19.8109411317171 15.049644960889 17.9877266936497 18.0203006560579 16.0753947869311 20.4757960135567 16.4515310586494 17.383907027298 17.8660214397753 18.1851729821703 18.2578475187934
TCGA-AO-A0J4 17.6346455490829 18.7291224050881 19.3730539766882 16.5895287092643 16.6438520125748 14.7869676230669 19.8618953647838 16.6545127094066 18.6460964150956 18.6163307273735 18.2519780101698 18.1852662699004
TCGA-A7-A6VW 16.0116507776725 19.2460000684264 19.4810033932632 14.703011989097 15.6419960770597 14.5534411614401 20.2975409566844 17.5935735341127 16.7165893742305 20.2209496487309 18.1573475990571 19.408458455458
TCGA-E2-A14Z 15.4323202580547 21.1087896355253 17.8724204945986 16.9367128940336 18.1591390820636 15.301401021009 20.3074126454318 16.757990738993 16.9090537363461 18.4769999189411 17.6164198080693 18.9507272358838
TCGA-A7-A5ZX 17.9617527974275 17.8454774002568 17.868148887474 16.5173634098879 19.6311675846501 16.6757899325062 20.0626303289076 17.0506450496883 17.3117929419639 18.4993263710641 18.3243244383164 18.9922059374999
TCGA-3C-AALI 12.986429404729 18.9555950680845 16.1017709839736 15.8108614807987 19.1404440018657 14.0127847937609 19.9677192676367 17.2576825074076 18.1531113458868 19.0027672752668 19.3275655538066 19.8395719502806
TCGA-AC-A2B8 19.4219919395099 21.4178703408906 17.5618588420708 17.1986014078831 18.9265715579174 15.647900402304 20.9892651220206 17.5019488258547 17.6948121323126 17.8399584279963 18.1848412979654 18.786334680452
TCGA-A1-A0SB 17.1043232711871 21.7246512705413 19.7724702163466 16.5841043737636 16.4189677356656 16.4232674810657 22.0030539009476 17.4713398226859 18.3914442434439 18.0052915907052 18.1182301747135 18.7003147827458
TCGA-E9-A229 18.3496262406493 16.849973992348 16.2945279506742 16.7205964481116 19.6797890899461 15.2361568064146 18.6285628965235 17.5106192002783 17.2638791384302 18.2571753199308 17.8896376032127 18.455705849934
TCGA-D8-A1JC 15.3424561582211 17.5174334247243 16.3819445416511 16.2796557510052 19.0218626252251 16.1183067648513 19.0035893598574 17.3432200555317 16.8564109948369 17.950506231163 18.5033519906135 19.0271655779908
TCGA-A2-A0D1 13.1044119526159 18.1856706287117 15.51021800563 15.7850237499309 20.8437227102892 13.9486752989935 19.5330977468651 18.0264328127913 16.2385037440157 18.5042081921055 19.7509134062311 18.7552582646547
TCGA-AC-A2QJ 14.4237698075359 20.9219048198256 18.3359774213391 17.4483106916619 20.608122526769 14.7265574377796 21.5001894186143 15.8597303170067 16.8050582731335 20.6865533904548 18.6365448009472 20.1310193079265
TCGA-A2-A0CK 16.4799709740662 23.5094748440133 18.7971780658816 15.8868352903622 19.4127138392609 16.4716297330172 22.1329675263638 16.6719236977714 17.694960695335 19.0124356567177 18.3717282019168 19.2469231862255
TCGA-AQ-A7U7 16.8515075396921 21.6619478867547 17.9637603859806 17.2079531092537 20.2455308899146 15.837182875373 20.5941142378037 16.7851576813123 17.4061352409848 18.8952193919106 18.3721337326473 18.9330706973119
TCGA-D8-A1XU 15.4308750055074 19.1333081688465 17.0802333659023 17.7984362528257 19.1101882472397 15.1934027372613 19.4064036227987 17.6227099572119 16.4238028702155 18.5441480828345 19.034516297725 19.2976943277165
TCGA-D8-A1X8 14.9215390572837 21.5277929489897 17.0591515488806 18.9671027679482 18.9747057189662 15.5360397279483 20.2571584989888 18.5245629197115 18.0064387549602 17.6150041278982 18.0645657597482 18.8691270000389
TCGA-A2-A0SY 17.8483099951152 22.767563666574 16.7325868207272 17.3288021085837 19.436728167488 15.2453476640722 21.4601612879093 17.9427372851723 17.2793532927266 17.7080317290604 18.6999658292804 18.7734818037209
TCGA-BH-A42V 15.384064570243 23.4503157328418 17.0098392731547 15.9234410095189 19.8111449203957 15.6168642156611 21.9595435348695 16.8736441265797 16.9889100163139 18.7765730569668 18.3972748787424 18.734318359393
TCGA-A8-A08R 17.1597763043295 16.425855948665 19.2935510773798 16.1727927323334 17.3957162916984 14.2202481387589 19.3030162871728 16.3614973640895 17.6314500543875 19.079069932883 18.2151181980944 18.5031191151843
TCGA-A1-A0SH 16.7387364955922 17.939017636323 17.338217966051 16.7763048837129 20.5630631987694 14.9933755809633 19.7026557214519 17.3415147695558 16.556228611316 17.9691972253503 18.6100048521646 18.7697803780213
TCGA-AC-A2QI 14.8042752575561 19.5867888882144 17.2139425324137 16.4065688206552 19.087638225459 15.5915381801876 21.2111537402656 18.2670979786934 16.7863889504199 18.667780927146 18.7797155795081 18.5374948608892
TCGA-AC-A2FM 13.0485655144873 20.0509566890648 15.5853528688568 14.6266339809949 17.3936737956404 14.7749526314654 19.2310532066002 15.6585140702378 17.7047209108253 18.4098602597383 19.4480479497711 19.1893472292657
TCGA-AQ-A0Y5 14.4861351133833 20.4536814226205 15.2724579250322 16.5584152432808 19.1683162168207 14.4697876541851 20.4224918211502 17.9430522168747 16.4328573604026 17.864683981555 19.0215725912847 18.7275056829366
TCGA-BH-A1EV 16.1833771087745 19.2536436111402 15.8795608629223 15.5947819619259 18.7641719036317 14.5218615978594 19.9509755858042 16.6125677338553 16.4068481425782 18.1560754503922 19.2800313220379 19.0326573567967
TCGA-AC-A2FK 15.7727003415299 20.6130130595648 17.7815955589713 15.5891562808442 18.1537776004144 15.237365224523 20.6840183511392 17.4465257545732 17.4073517820438 17.5202178219891 18.0500030721772 18.4745453510705
TCGA-A8-A07B 16.4024624565032 17.2365403248927 14.2416412419457 15.7516110603595 19.1223180001009 14.3199173640015 19.6362123451045 18.1810379253063 16.9210400454078 18.2025050130468 18.4615201257927 18.1631575662261
TCGA-B6-A40B 16.9070666473162 23.2046565278503 18.096504955189 18.6799576271134 18.5156475196656 15.2534486857569 22.5438483189551 17.0725983413435 17.1153696305585 19.0321477513568 19.2919520838212 19.545040340631
TCGA-AC-A2FB 15.1584881366483 22.6011340452765 16.4117806893841 16.6839386910293 18.7620776258157 14.6730418914801 19.5975469022118 17.4206094791787 18.2110727064934 17.6964745540307 18.0062422084846 18.6479095467782
TCGA-A2-A0CP 15.8682278956768 21.896851244659 18.3148597424198 16.5962464594675 19.1533805027501 15.3541741089969 20.9517380182603 18.3091815216392 16.7520190003804 18.7139766335524 18.6218083253016 18.5173653015278
TCGA-BH-A0BG 17.4428534005294 19.5661528417517 18.8032186277018 15.5908639754125 16.051357567746 15.2545358615227 20.5110604325969 16.3920543416697 16.1630439087157 18.3657081460487 17.7067897551263 18.442097689586
TCGA-BH-A18K 15.9005679485699 20.6160438026763 16.178858731625 16.5894424856682 18.6382374275836 14.2665454298565 19.939331931413 18.4977236813339 15.8121377549105 18.2018560014661 18.8499761259006 18.5675890072607
TCGA-A2-A0SX 18.659853300843 20.9892902931196 18.6709545943036 16.2558232028166 17.6773644795247 14.5699260262658 20.8410968208709 17.0778165189072 16.7777977774551 17.91386627269 17.8194413749063 18.5778899079152
TCGA-A8-A07F 19.3289939751761 17.898000696033 16.4727993637942 15.6963883853578 18.5361991877734 14.8513315393969 19.0536478379507 17.3846750354199 15.7751768187577 18.0679494729326 17.8955384963831 18.7203926646027
TCGA-BH-A1F2 16.5121888351703 22.6060840086493 17.8061403028941 16.0850816334022 18.5416501630188 13.4134545904368 19.8844676508024 17.5770241575473 16.826594649827 17.6010862326512 17.3500704219253 18.9689225031073
TCGA-E2-A1BC 16.3431773672145 22.7678823079543 16.2890018778313 16.5800393088599 19.3879822518018 14.6103888374758 21.1284261141973 18.9892523003019 17.0666621674582 17.1124528104647 18.3357260973901 18.4290300727489
TCGA-LL-A440 15.9243990573733 22.3775157684529 17.6393791279166 15.2928767308722 19.200328422388 16.6778866373444 21.6897200714677 16.5121355282508 17.3861946737046 18.9335323543583 18.2555233979057 18.8854471229945
TCGA-BH-A0W7 16.9733727764971 20.7295916070174 16.7777728811295 17.1802618360491 20.0025039700589 15.1585273263654 21.0164636382588 18.0213273904647 17.0322751783207 18.4020378939279 18.9837149363166 18.9489018530964
TCGA-A7-A3RF 12.9858539645677 19.844854038153 14.9433052456268 14.7724707569663 17.9891672821771 14.0588892117299 19.5682744668791 16.1892678541033 16.6063822467246 18.9373403251562 19.2782403978433 19.130527654475
TCGA-AN-A0FK 13.7593303870239 19.7066194692769 14.9936567969904 17.5271382337444 17.3142511017571 15.7697338985823 20.5279974074398 16.0034933160962 16.4496226038941 18.938048398185 18.7954343538873 19.428404230878
TCGA-AC-A2FE 14.8507687072792 21.3855712934771 17.8443860775172 16.407632532863 19.6011879269615 15.9619960540747 21.4373389843374 16.6372180618235 17.441465342773 18.7037230740672 18.233608166074 18.892940613963
TCGA-GM-A2DD 15.4401193854879 22.4664348310333 16.5208377831233 16.5747770173352 18.4208018662942 15.1083630530211 20.8352603346161 17.0304394699116 16.0965286956618 19.241703532741 18.8783332448759 18.4563994771133
TCGA-D8-A1XD 17.4238778324464 18.8052351033882 15.8447871495477 15.2500252095006 18.5757118526386 15.8570976520222 19.3068001115252 17.8129991720597 18.2896958175746 17.2439443478173 18.966857777386 18.1947022218437
TCGA-AN-A0FZ 13.7444133137402 17.7089792691215 15.8400356429373 15.7358419287257 17.967528900936 15.3990588129664 19.4075723815499 16.9430404556586 16.9728655732348 18.7897681728107 19.0305963906365 18.6655608954614
TCGA-A2-A04P 14.9671144879956 22.6525597669329 18.6895247226105 15.9992620845181 17.6323695309932 13.9608373831005 21.6383676669514 18.0403697108503 15.9230601729701 19.5453041733383 19.2521217778519 18.1960192864462
TCGA-AN-A0XT 15.4930868760122 19.2596458819962 17.143813285668 16.518694830694 17.3309496932956 16.5671991972253 20.2346195135069 17.9045727691785 19.7850666727316 17.7080640259327 18.9366591711649 18.7624093773232
TCGA-A8-A0A1 16.041425675741 20.1954643550315 15.1506809928908 18.1275927034227 18.0597764332314 14.5911833628758 19.773751395634 18.6822075374701 17.6275260772939 18.0072850011184 18.2354760942471 18.8396932912404
TCGA-A8-A084 15.5926724797897 16.3166069298952 16.6114374638502 15.109283163892 17.726329597518 13.7901750572149 19.2329044193234 18.3028660854479 16.3012634342012 18.2096680386513 19.7664313827838 18.9547627953771
TCGA-A8-A0AB 13.8127249099442 17.0410944349186 16.2304967541158 15.0142656211797 18.5813230048356 16.422811990832 18.9271760354205 17.1372822817731 18.158954613266 18.1788586906288 18.0007191343451 18.7498255127935
TCGA-AR-A1AM 16.4255741584655 20.2408219091157 17.1892781484149 18.0584216966794 19.3150633019574 15.9207027596987 20.7764069892129 17.779239969654 17.0714049989739 18.5655586245969 18.6660008527164 19.0794701219197
TCGA-BH-A0B4 18.0373354481845 19.5746568185328 17.3533300793693 17.1975201380864 18.9246235392151 14.413224085454 19.5107993260836 16.8493999470852 18.4035348890682 19.2370857812687 18.3013739288054 19.1927706231461
TCGA-A8-A09I 13.7554991010768 18.731023885599 14.5276060138338 15.1616948474962 17.5023856329856 13.5186600678699 19.1154856195005 16.7881999283745 17.6272543661387 17.933919660263 18.8577649891133 19.1485795540819
TCGA-A7-A5ZW 17.8617132335815 19.7940185484604 16.753277835306 17.3471746329223 19.2804994558351 16.3634690133021 19.7693896792915 17.4796738087125 16.9069091654796 18.3410783541664 18.4435606906705 18.6045047882756
TCGA-E9-A1R4 16.3194307026319 17.7943064808348 17.5657164871365 15.4680735231537 17.4255513493001 14.7593948960231 19.2925137311632 16.991772271179 16.7551561207156 18.2020049812086 18.2519586810571 19.0075395917854
TCGA-A8-A085 13.8204180752266 16.0539253887134 15.1406687342375 15.8841518131006 18.4721760135348 15.3586359554237 18.8024992419678 16.63693994247 18.4467657985479 18.4161487298753 18.606224871252 18.6712182739471
TCGA-B6-A0RN 17.9773596757616 22.2367053150192 17.4201556533037 15.3804496560541 19.3403900505741 15.4635523186363 20.7879733805353 18.1450536753629 17.3437373173071 17.9357381622641 18.1417636540087 18.601518862856
TCGA-AC-A2FG 17.4970453126494 20.1911372689835 16.9743186717763 16.4663695247866 18.2845143221281 15.2643580138306 20.5074041632985 17.1124497125585 16.9926945172907 17.5971913721108 18.5515729865494 19.1322087463824
TCGA-A8-A06O 14.2494073004774 19.8507511762224 15.8547789290199 16.6471599870999 18.7282495629401 14.4987855078899 19.7513414153657 18.7108312709668 17.7547713293117 18.4182898167389 17.479540658624 18.9567506428674
TCGA-BH-A0BZ 15.7731874462862 19.0344008549817 15.2558563639062 16.612978740709 18.5501632709826 14.9378837801467 19.8684458661743 17.3167509943657 16.9079804351613 18.8708771560125 18.4032079922682 19.213890314858
TCGA-AO-A0J9 15.2558762216225 19.8668613527891 17.8748315115484 18.5377013198936 18.0320381245411 15.6744190602034 19.7682289730989 17.376436612101 17.3280731480836 18.6625378787678 18.3946152564134 18.1141060213911
TCGA-D8-A27P 16.9564159942124 19.5672955978118 16.365772701709 18.3939786895033 19.099279037153 15.8995571929409 19.5818847190297 18.4628139550202 16.8359958887037 17.6674829205343 18.5046110109537 18.9879570404864
TCGA-A8-A07J 18.0250209995535 18.9516146861342 16.3335343460474 15.858869630406 19.4074702095838 14.8690560960185 18.6728771357563 17.2089011799151 17.186507405171 18.0610574261207 17.9307415558703 19.0689503445658
TCGA-A8-A07I 15.5382386878284 18.522416656607 15.1118045454187 16.2341405999491 18.5136176287701 14.0840078585599 17.2010908617746 18.2685317590163 17.3422007184665 17.8057939465588 18.6764473354941 18.9414543821194
TCGA-A8-A08B 15.4042723263001 19.1286597550784 15.5545601083515 15.9835439528406 19.4851653390443 14.8647530379979 19.9487964003633 18.6453809666465 17.1649919134351 17.8872530667262 18.9315075263418 18.4451711100049
TCGA-E9-A247 16.4589891430616 17.7833390165221 16.8173819685869 14.9139401210216 18.3452463674419 16.0517925080944 18.9930424812356 17.347845041923 17.7247155210842 18.4920930191571 18.5453156788768 18.7990549142022
TCGA-BH-A1FJ 17.5869917285194 17.9519905179818 15.3333504109725 14.9426984474338 18.1433046625536 15.1922416042383 20.4057301268431 16.9681526402148 17.1595649260599 17.8591412247737 18.0910911993809 18.6677864346005
TCGA-A7-A4SD 17.6425081599324 19.4322173963915 18.8153174563355 15.3659507822772 18.0320971531631 14.6484423822274 20.3072679844769 17.8819280049491 15.6134810923692 19.3637236984906 18.1815702969283 19.1754128306733
TCGA-A2-A0CU 14.3338637770494 21.303792644653 15.8823655246923 17.2068115226718 18.3099268878261 14.6222359546709 19.9300163095792 16.4816451421409 17.0825889677708 18.0918382137448 18.0360040500157 18.8316794857867
TCGA-BH-A0B8 14.380105994401 20.8811836942203 16.7058680863618 15.7026412716035 19.1734960856204 15.9460199499548 19.5255451446001 17.6007138506153 18.0046977944785 17.8467272812122 18.7013258971882 19.1610452897205
TCGA-AR-A2LR 17.6314847366585 18.5761973364039 17.9474330209909 18.5185713035608 17.1418408948259 15.4096085059829 20.284232020363 15.8031438615259 18.441892307225 18.430752093844 18.9393334497154 17.8765589007426
TCGA-BH-A0HI 15.5375771553296 22.6846052057881 16.7158485028593 19.1799717018882 18.4209738461962 15.5564899386198 22.4546122547637 18.3325467668908 17.0812636678639 17.8653743404785 18.6665498143297 18.9829022867966
TCGA-AN-A0FW 15.5580828746901 17.0715042441521 15.4329471621426 17.3560454811339 18.0937626448925 15.8234548017127 18.8011402592948 17.4599870564476 17.6078484645365 18.3545165174912 19.567557231015 19.2497484479281
TCGA-AC-A23C 15.7309743742869 17.2793313023003 15.2056762916889 16.5870965341218 18.7916940257664 14.8143973553161 18.9780461319062 18.3020212622 17.2660181769624 17.123017290351 18.3373845936999 18.8070439357233
TCGA-B6-A0RI 18.6252650922067 20.0868802489529 16.2969845496213 19.1541969049825 17.7513832289784 14.9693526230702 20.8551236599215 18.2172576794019 16.8917858269445 17.9870737371212 18.5744231440278 18.906065759896
TCGA-E2-A152 14.6776950375246 18.0405771871552 15.7616041951986 16.2210539581501 19.5943715089208 13.8654154542191 19.5651754015636 17.8722937079719 16.598859609617 18.644860015501 19.3024819676451 18.2914621247735
TCGA-A2-A3XV 11.1425188814732 19.7246749777391 15.0043776952803 14.956076694562 18.0474662609105 11.8696590527048 18.4114018789566 17.0771341344694 15.524029201591 19.0904726734798 18.5660249966116 19.6823524509203
TCGA-B6-A0RO 14.0501442937612 18.6631938032266 14.49588767636 15.3510805164216 17.8179081080892 15.3454413422314 19.7344991250834 17.685406286785 16.2378915502633 17.822591820147 19.6380575833664 19.5137434813049
TCGA-A8-A06T 13.3037363347573 19.5235515241066 15.0851198728979 16.4524732921787 17.8355418563225 15.4383623938039 19.4689225154792 18.5750842861861 16.839392050149 17.8051796968875 18.4558113797113 19.3108698040121
TCGA-AO-A0JB 13.779235004658 20.0670837437011 17.5984163703646 17.7152867827574 17.6767286206834 15.4468885895637 20.773256041561 17.6078075787344 16.7287540368031 18.900451472434 19.3463992299453 19.3704214639345
TCGA-A2-A25D 15.7778251478127 21.3069277167067 16.2277397814396 16.6980828873376 18.5197026309201 14.1882099188803 21.1298342323602 17.5337218182136 17.6506083307778 19.6885102039834 18.6205837958676 18.869239715402
TCGA-A8-A07P 15.0798213189543 17.1554210114921 16.7601694357078 16.8784814297257 18.4853437898428 14.875671887913 18.9543674497375 18.3123164916721 17.826007262526 17.8198389520049 18.2869680082715 18.9780309836929
TCGA-A1-A0SK 14.3427728883359 17.784607488665 13.658985181644 14.5875993334661 16.0733044028479 14.5628477878664 19.7453791874454 16.6571790240743 19.1999646477221 18.0496614324125 17.9581368491803 18.074627003634
TCGA-A7-A3J0 15.2383551453567 19.7947271279576 15.8991796740603 14.4498982533559 16.462105608074 15.3337217235356 18.8590392022243 16.2762118243187 14.5642839661111 18.3911869539961 18.7283066924787 18.765511958396
TCGA-A2-A04N 14.7280964065444 21.8065769749441 17.526000308396 16.685206328404 18.9379202925816 15.4269705822463 21.1817858141728 18.7604137224754 17.5113470527957 18.2913478214032 18.4128785705461 18.2083963578691
TCGA-A1-A0SE 16.209656191234 18.6479422317703 17.6603164399985 16.0564633498751 19.2581908195662 14.9808980723209 20.0827689796019 16.7578472031619 17.4341485149611 18.203114625156 18.1135301040681 18.4625380968374
TCGA-A2-A3XW 13.2789499880842 23.8112993611597 16.178093342869 16.4252516328079 17.8122160499855 16.1365602971643 21.4805375865388 14.8686067680562 18.5142449060516 19.6930217418809 18.1008175904247 19.5135283087625
TCGA-A2-A0CO 15.9673990462488 22.2231379767913 18.850943048126 16.9374396452612 18.3807810589536 16.1275101877496 21.9240744480232 17.3301458354357 17.2391907111709 18.7012857470222 18.5702403591523 19.0332585849462
TCGA-BH-A8FY 13.5856302291511 20.5224716339956 15.183134632518 18.3746942583102 17.5722429823206 14.7846922648685 19.9807326122471 17.8557602604119 16.8909955622523 18.8103701734326 18.5662868318433 18.3800863825003
TCGA-AC-A2FF 16.5543008025608 20.3577711496968 17.3416301248547 16.6720482188772 19.9798124421073 16.3738749755783 18.6960410419967 17.8289486236553 17.6093596690588 17.6416767198717 17.771081842375 18.5928689585953
TCGA-3C-AALK 17.4964516613866 19.5641821640617 16.7613231132143 16.5062166096348 19.2734137838858 15.7667399564514 20.391637317509 18.2888648438364 17.4946434605378 18.8739927863562 18.8705947427793 18.7371155951075
TCGA-A7-A0CJ 18.8340373012157 19.887023000628 15.5987744668081 20.3543836682062 16.9624616392358 14.7860490825551 19.3924817024677 18.5158095117545 18.537210896344 18.4628592915909 18.2235493044876 18.3334979188481
TCGA-A2-A0T5 16.3518809866487 18.2836994846396 16.722208815508 15.881834841507 18.5191777243055 15.4950070462943 20.948971466881 17.1877174099317 16.863073676279 18.0559231557254 18.3421890378119 18.4122732611084
TCGA-AR-A0TT 15.1375431349047 19.0035119552202 14.909592154871 16.8123311588585 17.4997763078518 14.8642708548411 19.9330412143498 17.2935790939553 17.5045798393178 18.3370605137533 18.1776622043396 19.1407189738099
TCGA-BH-A209 14.917505917879 18.3302299601777 15.9586053042183 18.8228435270854 17.8689253397658 14.5495744180289 18.989449521655 18.0506319087027 16.780163085778 18.0132590583684 17.7191924555593 18.5637601584405
TCGA-AC-A8OR 15.413135305625 20.3599907438692 18.1015557013104 17.7740807580036 17.0177003404934 15.1823179263525 20.4755339562687 15.7506002135127 17.8040950044053 18.9747494157408 19.0670340968172 19.125168409824
TCGA-A2-A04U 15.7273050715666 17.7438513299999 19.2078936049079 15.7256611288594 16.5357363040454 12.778270923159 18.8576836727205 16.5834106231725 15.7917475194257 19.2120024610903 18.1901469640943 18.7932991796434
TCGA-A2-A3KD 17.9108811975482 23.4933474855719 16.97067435659 16.9014781385731 19.246599334091 15.613041994576 21.5891379564802 17.04645694997 17.4138691123158 17.8980468596988 19.118460640876 19.2135847793964
TCGA-A2-A0ST 15.4149771364126 21.3235605623505 19.0716565229527 16.5879851677847 17.3207010319212 15.2739777134453 21.0243850716389 17.0265949378103 16.753835760972 18.6421108184895 17.9560451660759 18.9008734098358
TCGA-BH-A1FU 18.6105362233526 20.139858783342 17.2586994543683 16.8767001012731 19.178710377799 15.4312381813305 20.2702064027281 18.0447223182942 16.8842808090597 17.8077131031357 18.9378568442776 18.5883453013898
TCGA-A7-A26H 16.2136949704164 20.8432054839783 17.0750415308121 15.8890600129809 18.7922022052102 15.4423222777052 20.1227882714618 17.1903274361552 16.9532194394287 17.5567238667542 18.1098383992221 18.6563135980318
TCGA-AC-A2BK 14.1119620575991 17.4123237593538 18.865810230323 15.2084536990978 15.7625911805454 11.6208078252897 18.9641015009962 14.6625159974225 16.7677331111823 18.6912535551968 18.0834684733222 18.305622208523
TCGA-BH-A0B0 15.2550456545598 21.0937405657877 16.4190775663802 16.5394831514137 19.0407198389729 14.8367278390657 20.6531995974344 19.2563379060081 17.0710178412595 17.9788030840032 18.8882336894242 18.755414155115
TCGA-A7-A6VX 17.6712602929396 19.3365346266369 17.113989988274 15.7363410012981 18.2528280053714 15.0784034432211 20.7729826380532 17.7841639412357 17.6451409878579 18.3163356148767 18.0027229486763 19.1375950027068
TCGA-AO-A03L 15.9179007339216 19.7227645395123 15.5860768971121 17.2417905045626 20.0570601304148 16.7593816512416 20.5130910702885 16.7551127584688 17.748946979914 18.569310083203 19.5621166647578 19.2854140517191
TCGA-A8-A07S 14.8920308003408 18.7140877603012 16.1598648262358 17.2991699836392 17.4762127614277 15.4194123213693 19.9696964532201 17.6815999156984 17.0291013335838 18.2435340461784 18.7732303118479 19.0501280739369
TCGA-C8-A3M8 13.9043368552038 20.8074994001093 16.1124749120318 16.1465265672622 17.8466338379871 14.8780238084397 20.0213818852061 16.0050015940562 17.2809461959365 19.1397466947293 18.3275436297878 18.7224840002943
TCGA-A7-A0DA 18.5808108492508 18.2304328577744 19.4136345689101 15.2597916213804 16.9749468035327 14.1046455352801 20.1897580853247 17.0905740301935 17.3259805125743 18.5031705734572 18.1122429127687 19.4200439401262
TCGA-A2-A3XU 13.4329580835266 20.1917211340381 17.7051578418449 12.3408671133585 15.8951655640019 11.1176049211283 21.8865907865589 17.0383364834958 14.4870077269684 20.9875483599083 17.7357251302773 18.9152083043348
TCGA-AN-A0FY 16.6273501481646 18.4842598517532 17.3734688731431 15.5555009351284 17.6448621882193 15.5319531767208 19.2658912925371 17.8140856718607 17.883574469001 18.5489293695568 18.0841368328977 18.3766381634404
TCGA-4H-AAAK 18.2965284892853 19.0583896436038 17.2533073283167 16.3603118994778 19.8568890133655 16.0544631301691 20.3771772868763 16.8015435193813 17.8201843905962 18.9007656013923 18.3301052896862 18.8154790639307
TCGA-A2-A0YM 18.498991789883 19.5516618647537 18.7921972874261 14.8361379757542 15.2581578295665 13.036184414529 20.5431110893545 15.4395572955457 15.31852938518 17.9798510850198 18.4047967208751 17.984331186224
TCGA-C8-A1HI 14.0801985111582 19.2939257870255 16.2378790324432 16.6560565329625 18.2397635415424 15.6566495265477 19.5694504870511 17.027215190499 16.2181068146662 18.1922380858233 18.8675613032253 18.6765351302403
TCGA-AC-A3HN 15.888911676756 22.0439888843905 18.2005888498658 17.0420145811421 19.408568291785 15.2354028754433 21.1238784030933 17.6094784816821 17.7795911853092 18.4742825369143 18.2869325129016 19.1949045765386
TCGA-E9-A54X 16.8919063124342 20.519678668077 16.3543596621844 17.0577231590522 17.8944458280155 15.0293668294617 19.3754872122335 17.6181029954225 17.623922287463 18.8384613166627 19.005723162769 18.7064273558245
TCGA-BH-A0H7 16.5971643955929 17.8260995774451 15.5204991660242 16.2107454594341 19.0083551136846 15.4707381301393 18.8781757900024 18.3044142030664 16.4135653525562 18.6350429288535 18.6837410753004 18.5617361653329
TCGA-A2-A4S2 16.1801301354184 19.3342102484356 17.0262301050308 18.0051743707422 18.6324993226677 15.2753304461447 20.6851973391005 17.8859816045466 17.524117283799 19.1347305587026 18.5167820790303 19.128804123204
TCGA-OL-A66L 16.5352492654165 24.4448318670827 17.9675987699569 17.3761513839282 19.5335590556143 14.8527178427577 23.1797146414901 17.1945492117985 17.0819139820816 19.6068782230466 18.0209419555672 19.6286679438944
TCGA-AC-A6IV 14.5400708698288 20.1039206929578 17.417310612332 16.448610476292 18.9393792091099 16.4381007155379 19.842157758089 16.0832553644947 18.0483706171511 18.8093350033194 18.5168696770944 18.8698881869432
TCGA-D8-A1JH 16.9724373778863 22.5830376287564 16.3027265082618 16.6304153388407 19.2429921820884 15.479909928176 20.4404513191191 17.6251524360029 18.1190236581892 17.7592223263614 18.218605821661 18.5010158804121
TCGA-E2-A1IF 15.4327062710526 22.466663159949 18.079991761976 17.0343911400896 18.8269904726357 15.108990208829 22.0633025108886 17.3475670031324 16.5749244996071 19.6484242493372 18.6234859088371 18.7719972099197
TCGA-BH-A1F8 14.6990002165626 17.61889423402 14.8195509363969 17.0350804443809 17.991597487398 14.8217659743632 18.5869888207587 18.0703583664103 17.5428921590427 16.9343056500698 16.7981041350202 18.3843512011727
TCGA-B6-A0IE 14.1084606029763 16.959655618868 17.0020715429675 16.0603500695899 18.9246993918272 15.2578105621591 18.0605731358843 17.9326301484821 17.5659148674451 18.307291083277 17.5498390279063 17.7562735313185
TCGA-A8-A09K 10.9200737166346 15.6678444692825 13.4598235684055 17.3780380955799 16.7692136783034 16.8746033375778 18.7939213549458 17.3966389479354 17.891134595233 18.0116929234903 18.0404078940484 19.1837068549188
TCGA-A8-A08S 13.3638034187687 18.9463491228889 17.1200996705648 18.0341763534595 17.8897444770577 14.1259241691347 17.3416896165965 17.8499731389157 18.2741753795519 18.5782340555332 18.7485023876819 19.1124856410124
TCGA-A8-A08G 14.7556867889172 18.6704056929169 14.4387688663225 19.0285761932545 17.6112492892101 16.7040883590846 18.4909748721242 17.2722445084934 15.679954876291 18.2354325709387 18.7784632915698 19.3366392198577
TCGA-A2-A3XS 14.5012462686724 20.1327015511255 19.1740462214674 15.6159681283626 17.0140741693742 13.5906530518788 20.8387681878587 16.3447109879014 16.3925979332262 19.9692411833802 18.2620818784725 19.3496478401714
TCGA-A2-A0CQ 13.2039808037233 22.7138259538223 15.2286584232796 16.3475664571628 17.2668306349956 15.4613368694273 21.7392491196684 18.1274004357993 17.7738065956395 18.9786687147316 18.4322891781754 18.0991196203599
TCGA-C8-A12Q 14.8768855758767 19.0732108445196 16.2931361087259 15.6383144049859 18.1160211458436 14.0014266320496 19.3808007610787 18.4038801708174 17.1206726713576 17.9492587785929 19.700945452994 18.3221478605947
TCGA-A8-A07Z 13.6561937655943 18.4174059156655 14.9019014180735 14.7966011729249 17.4956176711186 15.6840663793359 19.6248800849408 17.1513051472584 17.2513966841366 19.4276656579142 19.0620541254128 19.6994767748713
TCGA-BH-A18U 16.095599247411 19.4111141431944 16.3942454801321 15.6867341226482 17.9283644341005 14.3069650504843 19.119198299385 17.6037666331265 17.1821695331344 17.9216079589137 17.7615225321315 17.9087486795405
TCGA-BH-A0C3 15.0252420046827 20.5772958325204 17.0351886055753 17.1437132172203 18.9095667587259 16.6286460416332 19.5291147038177 17.4685689058996 17.4401954537034 17.6940878151255 18.4036994981181 18.6313254820569
TCGA-AC-A2BM 13.7231147395537 17.9961015658921 14.178626624115 19.646266310014 17.9212439883317 15.4482654831911 18.8862700630796 16.9747560922421 16.9814805938821 18.5542226871597 17.6989108770882 18.2880360003138
TCGA-EW-A1IY 19.5975516802258 20.2439889316701 16.5017841764133 17.038170366099 19.1483879479803 14.5726648456804 18.5336384156366 18.4918165354894 16.4247949670055 17.0769188626223 17.6199069215336 18.263953134521
TCGA-A8-A07G 17.6337732022387 15.601824062533 16.3343139640648 16.2547641631617 18.7554014505852 15.1592307818266 18.9730887247241 17.7870989099117 16.7842198787848 17.7808716603763 18.462544702431 19.3534228962675
TCGA-A8-A09B 16.1005622870205 22.5795367851961 16.1675630734169 16.2927426213646 19.0139868273713 16.1827920942215 21.0275833771164 17.5140712746517 17.0407098472507 18.7205388348354 18.1235805242319 19.4406302432457
TCGA-BH-A1ET 15.027387176439 21.5488154107383 16.4781128769686 18.4350483204604 19.5817713817285 15.0285027244855 20.1882757439598 18.1328977423126 16.6999416751997 16.8945068590888 18.2805214598851 18.7090554257555
TCGA-A8-A08L 12.6296374193999 19.6707782137279 15.7030267075312 15.6853280713839 18.265369887099 14.5217213350666 20.3906996137816 17.1660451690846 16.8323211590326 18.2338682013343 19.5195639776883 18.8228618903316
TCGA-AR-A24P 15.7963757723287 21.748099622977 16.9195479237684 16.845846284102 18.7286009033464 15.7240276013896 20.4961642502546 17.8218164769957 17.3103409427911 17.6382807005129 17.8911743099664 18.6944243011428
TCGA-AR-A2LH 15.9283543823093 20.926706404216 17.1162510262328 16.0972767449348 18.2430552419325 14.8008039314433 21.1960862565273 18.1482617086726 17.5053982966743 18.862284356912 19.5836654329246 18.9781576416257
TCGA-A1-A0SP 17.1175527054772 19.3985100764876 18.7356266927566 16.6738823636241 16.3446968379695 13.5522646351299 20.1110971139855 17.9876916482414 16.9553365641322 18.938906984798 18.4278555245434 17.9816929625047
TCGA-AO-A0JL 16.099375507258 18.5488230048543 18.4191688573345 16.2498557994031 17.0058905034971 13.5320391215935 19.8899935624599 16.7844895206539 15.5491335738437 18.8381461153849 18.1002321715546 17.8885865307646
TCGA-AR-A2LE 16.729105258186 22.8881570483843 14.9841112005169 16.5057475015293 17.3225536956911 14.7150286527465 21.3522316703796 18.0106671533436 18.2091381886649 17.4824495792696 18.4348785138811 18.8270578002822
TCGA-E2-A1IU 14.6660094473547 18.590631810867 16.7496882967182 19.2905211967583 19.1900901401957 15.3909619254844 19.0800274485454 17.8246377841208 17.4521807985546 17.7816073872741 18.5520427215924 18.800463444731
TCGA-BH-A18H 14.7226333506776 18.8808242136749 15.7363466405808 16.2683293813608 18.1889434010247 15.0054834936452 19.9844198980296 17.5770227962993 17.2233888479819 18.0422511337716 18.5986175651418 18.6587670737714
TCGA-BH-A18P 14.9326929087073 18.9871283259812 15.8407090946474 15.4896349434542 19.7510629752286 14.200327445916 19.3116789706688 18.2903818673269 17.9834486373183 17.5863623190354 19.039840451946 18.6158330803664
TCGA-BH-A0BP 16.0653976663704 19.4794771390951 16.5636552391135 15.5913398216669 18.2515113136383 15.1763054710426 21.2348670807744 17.7585855511718 18.2235009502426 17.7015058368881 18.9698931784678 19.171658650282
TCGA-A8-A06Z 12.3195304174764 17.9956050768641 14.0915985201562 14.1399663096848 16.1999291225444 16.1986431481758 18.2243839818617 17.9909916845771 16.3155386592854 17.5435643445795 18.1432153111226 18.9930119767107
TCGA-A8-A07L 14.8823372942059 17.1734400309201 16.5749813288558 16.1375822795501 18.3964164181476 14.9937267670389 17.5684323805728 18.1056150037927 18.1366129003458 18.9391666403268 17.6725539349378 18.8873145659213
TCGA-B6-A0IH 17.5192107466313 18.8288285974197 17.7194443306758 16.7358989809421 19.5247131713993 16.4241008706862 20.440786409614 16.8887156654739 17.138674000246 17.9988531044857 17.6736789543625 19.0413534028482
TCGA-A8-A09D 14.4963491620625 16.1557036901351 16.5808540809234 16.1403401343051 18.697116485026 14.7484329875916 18.97099376778 17.5002876102723 17.7099193237337 18.2737299126233 19.0772635471467 18.7786108015407
TCGA-GM-A2D9 16.7100698800615 21.3508974102155 17.1162850081303 19.0624219915525 18.6845713632772 14.9978867254851 21.364797571839 18.4432522041919 17.7222570729451 19.1995293389149 18.9258938719275 18.6040182171969
TCGA-AO-A03V 14.2114761809043 20.9357304365296 17.0729121007779 15.4014122750788 18.802156598987 15.1903217980497 21.1617088504312 18.1388268187496 18.4270997298936 17.325793242474 19.2359213489967 18.6836298895814
TCGA-A2-A0SU 14.1012310445753 20.4941981212952 16.4925679955085 15.8911114298245 18.4571845207698 15.8497952685877 21.1950899430038 17.6014489651065 16.8644083223183 18.0923371779111 19.1416349417028 18.7983782115504
TCGA-BH-A0BQ 17.7968028470159 20.4136304175991 16.7197794095542 16.5688326293315 19.3912387904741 15.3086923193565 21.4123930870118 17.3297591504543 17.2855060026343 18.4456891780315 18.4593901292112 18.8228715952491
TCGA-A2-A1FW 13.5571046729132 17.9072161619454 14.8449718464983 14.8008908423407 18.893664418747 16.0127885470804 18.5653646511532 16.7799527691636 19.239953663582 17.0709031267135 18.6513898867846 19.0931084114897
TCGA-A2-A3XZ 13.2674873774096 19.9590531061615 15.8993594925868 16.0688587597522 17.7138812216298 15.1878035315757 20.4256624589475 17.722318816519 17.2889768907246 18.8579912300321 19.459935232928 18.9474903452351
TCGA-A2-A0EM 16.2344462549267 18.0278527593935 17.3942417577138 15.6216886363682 17.9935544077294 16.0066403505148 18.727106040837 17.5985519598296 16.5661456915504 18.0827287844349 18.2769926824202 18.9155871902198
TCGA-LL-A5YO 15.6130582575072 17.0042624992892 16.5611678972015 17.0949331990243 18.5192242146253 15.0357363140489 19.894963428074 18.0439861572815 16.0027365864008 19.2923313443517 19.4797507457477 19.1607592159456
TCGA-A7-A0CH 17.4825651594421 20.3940769227807 15.6463695111037 17.8955723568319 17.774279316092 15.135204735962 20.9917985440977 18.5445968523993 16.4086135063593 18.0115052031381 18.268045997142 18.6598968610821
TCGA-3C-AALJ 12.7933776790096 18.0594442978857 15.2729605649493 16.279680559807 17.5344835669758 14.9796527682364 19.8182063903082 16.3740939910015 18.0066020482661 19.8450089909351 18.9322159418948 18.5475347851146
TCGA-A2-A0ET 12.7373111969832 20.5562243402658 13.9770236984595 14.7658475456636 17.695210226186 15.5411321715195 18.526578245361 15.7616969891169 17.3405572998407 18.1743842843485 17.9369551287337 19.3195262606122
TCGA-A8-A076 15.2375715039076 17.5870906113347 15.5874650821072 16.1427452835172 18.5942342489066 14.3742737238545 18.8969419879463 19.059591623949 16.3795691603933 18.3437977935579 19.2804213712998 18.9550336758927
TCGA-B6-A0IK 13.6269197706251 19.1989625092803 17.6047456624943 15.5441164467505 18.3300636984307 14.4976688912842 19.6475262302637 18.7281045715935 16.4368972920341 17.9906465950575 19.3657008124221 18.5314609849961
TCGA-BH-A0BL 18.0966274299827 20.542809982039 18.7910100808499 16.4635913733815 17.8951727671768 15.2097752487821 20.5377681316334 16.7598341334446 16.7584910080079 18.2598229585082 17.5444563138081 18.315528205821
TCGA-A2-A0D3 18.1638786762739 21.0367357492231 15.1788534204588 17.5932637955715 18.063301507883 15.7394599506069 21.2135761107649 17.524892911351 16.6559819670731 17.5363869623814 18.5229022980649 18.9241511548595
TCGA-A2-A4S1 16.7997292447913 21.0030972316358 17.9590397119478 14.7145736100242 18.2577474521895 14.2126812073032 21.8183250870355 16.788648046406 17.8871637334802 19.1514446038518 19.0921788814331 19.5075967526924
TCGA-AC-A3TM 15.4358330786729 22.3370359234086 17.8747830520126 15.2819974733383 19.0589952387523 14.6833529302409 21.4871653452882 17.5624179649601 16.8047601818856 20.1038298709258 18.4851966416549 19.8119985154787
TCGA-AN-A0XP 14.1331759484598 17.3982834679757 15.1645410227125 17.7774912942956 18.1411611084276 15.0298856500262 18.9613187891115 18.0120251496007 17.5043164737358 17.9057094384284 18.3903422854297 19.1633821047403
TCGA-A7-A4SB 14.0009432517167 21.5478729708877 16.9585576374867 15.6277608542523 18.3119321766993 15.3909287371716 19.9838362017882 16.1051384587435 17.6334626542754 17.835163196875 18.3904131364845 18.8395574878339
TCGA-BH-A28O 16.2542353125341 22.6057054405083 18.382123221089 16.1049713388325 19.1877207616982 16.0439261042478 21.9850718216606 16.4315426333054 17.3006801532874 18.0942468815301 18.1480531330727 18.7815026187685
TCGA-E9-A22B 14.8783009897652 20.7860987657607 15.74117784298 16.4277451414047 17.7948596783591 15.0228847288554 18.5738577917629 16.6957976414336 16.9754992887058 18.4127644000048 17.9380163321928 18.0405133592657
TCGA-A8-A0A6 15.6111736072926 17.7211576843702 15.830847145117 15.6876773396769 18.7620648816491 14.5844321918942 19.7732417515616 17.4708217545418 16.9510771826359 17.7717725635326 17.926691874344 18.0642746825117
TCGA-AR-A1AU 14.7827928328456 22.3583910515142 16.7868186467365 15.7173146516172 18.287837946108 15.515393258563 21.8253320461104 17.9976716200282 16.791032175529 17.9060469349106 18.1708182370165 18.3682225761509
TCGA-C8-A8HP 14.233643841557 18.9853748847535 17.2121434604395 15.587194783292 17.8952276591179 14.2493086602844 20.0079012970121 16.6916724205311 16.1512508881254 18.6286190290175 20.8545619111126 18.6494224650901
TCGA-A8-A075 16.499286778109 16.6440179099803 17.1710045699429 15.5582060783376 19.5957232322887 13.684479847738 19.2709030983918 17.7322597606809 16.3633651653341 18.0038823426017 19.4018003655115 19.3674802705263
TCGA-A2-A0D0 17.1483260255103 18.3472488929996 20.2199545187072 14.0671272021187 14.4912184667506 12.8532714292309 19.7787540561458 18.1233991932695 17.3894091605936 19.3599152601773 18.7870614796092 18.4076676732345
TCGA-BH-A0DS 15.8744301630063 21.4210974728395 15.9824867266182 16.0739135937396 18.5650004833335 15.681917549347 21.2277189012097 17.595255068159 16.9441603654987 18.6471068884217 18.4328176445648 18.3799857763785
TCGA-A2-A04Y 13.8711459851975 20.8428637674344 16.6372372789946 15.811447714972 17.6024419868242 13.1000078195461 20.5494432091749 16.8305939237529 17.0095743602814 19.6937363362382 18.6331606753788 17.9761803964687
TCGA-A7-A26G 17.7273108924456 19.7017423902337 18.1713077425994 17.051182143313 18.6719604513168 15.6095397153098 18.7897155857999 17.1612853502526 17.3193795100502 17.5192926734026 17.0880420341804 18.1286018378817
TCGA-AC-A23H 15.3460513001969 18.9730293212643 14.5117010809075 15.3673859328525 19.2808161782089 13.8373639921935 19.6882856062592 17.9729668988386 16.7765264680715 17.8934955942225 18.9829295269059 18.9575429800497
TCGA-AR-A5QQ 15.2997799903978 21.2515881903494 16.7303071607965 16.2042280608626 17.5914961544391 14.3764791868714 21.6343109684382 14.9620429324106 16.9247174372301 19.4471809705921 18.5897739947489 18.8957262368401
TCGA-BH-A0E0 17.6840816796352 19.7614404071123 16.7966968563114 14.8428010205325 15.2145990883817 12.488895040874 19.1944476183893 17.8479172197809 16.5405058735323 18.7951233608458 17.8861542518932 18.483266276568
TCGA-E2-A1IN 16.1090480366606 19.5022483510781 16.9435767352962 16.5772081691985 19.1656822603059 15.4856172257996 19.3922935849819 17.804898918217 17.1913120287634 18.3303722879962 18.0975658680046 18.1953803181128
TCGA-E2-A1IO 16.8570443034496 22.6375888761921 17.2685149332495 16.4378503226098 20.1629248931047 16.0803391492029 21.4223462648321 17.0661565407676 17.6104679289676 18.342175609912 18.5177912801439 18.8288829871779
TCGA-BH-A0C1 18.1847056791629 19.2575038512254 16.6885333830065 16.0894675362452 19.0386619253455 14.8461894424571 21.4145113331882 16.9592885550597 17.1668792820751 18.0108866641349 18.4126072380084 18.8971046632064
TCGA-E2-A106 14.1507833769409 20.7757279720782 14.9720232292692 18.5492596442771 16.8565844168991 17.1753844951259 20.4660198022758 16.3563834911858 17.7623386057567 18.1422760655503 18.5629655313289 19.1340008552067
TCGA-AR-A5QN 14.749849093642 19.8408037009605 15.9386966766169 14.9916951101036 18.0850773490436 16.8118424678203 20.7960676779528 16.9140788427949 16.7915287664219 18.7825137231903 18.7528858888099 18.6829531113724
TCGA-AR-A254 15.2810813139641 19.5834482006587 16.4251764624731 16.0988864398 18.874456805767 17.1494127683544 19.0497561244318 16.818827158049 17.0414068462692 17.7076790780441 17.7745488015607 18.118750779502
TCGA-B6-A0RU 18.8151565106959 22.1537572180587 19.1730391760902 15.7549330030942 17.0080157105997 14.6325911058551 20.8329335607487 17.7442227136715 16.9759865567789 18.8183393168121 18.7527859256079 18.6003701738657
TCGA-A2-A3XY 16.9261001370717 21.1468731179424 19.4961290995609 16.0350916620528 17.9839952706536 14.262790619534 21.7401532697547 16.7226955012365 17.8780173609409 18.7439635243121 18.6447600544336 18.9176797391633
TCGA-BH-A0AV 15.872200557984 19.1752177051014 18.0210777499749 16.8349679106257 17.4044101706754 15.8595869492629 19.7526274931889 16.893076746599 16.9418568063115 18.1497083349259 17.6449901393987 18.6856296986891
TCGA-A1-A0SG 14.2079951912265 19.5669708758351 17.2988110797758 15.5831380382637 18.1238449193641 13.5569035165015 19.4944235160846 18.2642505846948 16.9888779256641 18.7943414946455 18.9399093647548 18.6637940042568
TCGA-AC-A5EH 14.9890490738562 20.1066837476785 16.2116121282617 15.9217577153415 18.8771859223353 14.7831375460117 21.1946542368268 17.8425249059601 16.4937038543534 18.9131511500061 19.3829910363694 18.2177146843116
TCGA-C8-A138 14.6923145643379 19.3970051280037 15.8820456499375 16.7093500196397 19.1596129032902 13.9509070433803 20.8604328684487 17.1807807631509 16.5572601589175 18.7201788510965 19.5878262727371 18.3272786095613
TCGA-AR-A251 17.5793299851652 19.5355847042659 18.6405861980285 14.7199480883926 16.2184123431128 13.1560031785021 19.0792868216649 17.3951582084306 16.7937063425371 16.9198068695634 16.1644801910748 18.990094051892
TCGA-A2-A0EX 17.3606071455258 21.4090442047843 16.8719839041464 17.1173379136669 19.6421135737784 15.0551089256334 19.5422913152896 17.8701219527976 17.3222854336202 18.6077705435664 18.3544787558984 18.7118435816647
TCGA-AC-A62X 15.1613666486871 17.4111873143016 18.9489677028097 15.6063382689235 16.7318172154018 14.3506726927288 20.042916534244 18.0766561480836 15.0738871879288 19.2431276944232 18.0575391534078 19.4844945237517
TCGA-GM-A2DI 18.6384052989701 20.8938651493085 17.2617367932551 17.5163959967506 18.8971214358628 14.9685269780675 20.9257238406137 17.5763512956153 17.4242067687692 18.1645908530909 18.7630064401866 18.7636160204964
TCGA-D8-A1J9 14.2270850151917 17.8519781572138 15.487770170858 16.452374182684 18.1344265917641 13.6560487083066 19.1315761843999 18.075914917752 15.9465825114252 17.5750156758453 19.2342845898789 18.5636516969168
TCGA-A2-A0EU 13.5186499433131 21.4234659234836 14.7599569491574 17.082249216874 17.2494190590513 15.2989463640839 19.5944222064705 18.3369615644488 17.591891495054 18.3672624897911 18.048392339551 17.846059264515
TCGA-BH-AB28 16.8468862831396 18.1075069539785 15.7987295692754 15.3312320271825 19.3456518221944 15.5766225060112 20.5330361202241 16.7077443691664 17.7836633658651 18.6947915467742 18.3217498739533 19.1104835221056
TCGA-AN-A0AS 17.068809696958 17.934597348552 15.8838242685101 15.4555168697701 17.1678274680022 16.0733325681148 20.1252706762911 17.9330057747561 17.0455015292974 18.3171661583184 20.0880011420166 18.6318766987878
TCGA-A1-A0SI 17.2152171858913 20.8648454479464 17.4690454913615 16.3228130673027 19.0295874979354 14.4321880396766 21.5668048703487 18.1924981658832 16.5234592507763 18.4499267308644 18.9856678503607 18.7871862470979
TCGA-BH-A0B9 12.5514547884156 17.4684129411594 19.184257135791 15.091565452646 15.3339720337822 14.1985217003471 18.2205745535786 17.5973074400925 15.4503311739297 18.5039637923827 17.1412468251175 18.4547479882479
TCGA-A7-A5ZV 13.6436901034286 20.3166174410512 18.1775102351672 17.2315231931738 15.5826538275302 13.4259456850932 20.960084877399 17.1802047404759 17.7985060141385 19.0597881565218 17.7718612681879 18.6859731917629
TCGA-BH-A0HP 15.3419677759148 18.4522796117888 16.4384447028511 16.1058666825239 19.9541681280429 15.6900709411705 20.2608836430702 17.8080036737642 17.0176468152399 18.0035591095817 18.3233511424925 18.5396816466016
TCGA-B6-A408 17.6835956474245 19.3625142633756 17.4277640201623 16.8871724297967 17.8032544980731 15.7782267410275 20.6039796846366 18.751967590601 17.3918659412148 19.3359090958302 19.2222724882434 19.3673909013373
TCGA-A7-A3IY 14.964703834127 21.4356959882889 17.1435405885683 17.4687128169099 18.0923785710383 15.4468089420344 20.2095653095284 16.3900403463444 17.456558041354 18.9650858511629 18.3701892462492 18.7539294329309
TCGA-E2-A570 17.2700100582773 21.1252228612303 17.2698022947879 17.3311166264443 18.7564379446307 15.0959553495223 21.2094515584691 17.8489918617636 15.6217556607532 18.9475849057718 18.9466220012582 19.181179202015
TCGA-A1-A0SD 16.7781317798177 21.857162562072 16.8142169171586 16.5483309737189 18.9511971144279 15.905773613362 19.9563904793314 16.7877651695841 17.8791584587841 18.0241058442249 18.3853235451796 18.6923324320054
TCGA-S3-AA14 16.3085462417696 20.3450476715162 16.2970857286707 15.9951525625818 20.0630659389594 15.8980706199613 19.9331731138762 18.6339675922008 17.7675686626782 18.4840058330438 19.0572697284166 19.014742108293
TCGA-A2-A4RX 18.3050180747329 20.3625665335812 18.6320227008418 16.3666710633931 18.8877012505353 15.5236224639798 21.0476763459673 16.9804603752516 17.180667798955 18.3750948569768 18.6974331427588 18.7561183551279
TCGA-Z7-A8R6 18.3432180783402 21.2207240325747 15.9929331451178 17.9570083825127 18.1115939544258 14.5910382544176 21.1549180718384 17.8637305874875 17.05852530245 18.9124495120176 19.1991475245198 18.7384951286977
TCGA-A2-A0EW 15.3385934405826 23.6334631527763 17.0795857602373 15.9703122475197 19.0479295114613 15.1761682505603 22.5364147441572 17.885248674015 17.0181119716336 17.4218224315125 18.300903837766 18.7201512212404
TCGA-C8-A12W 14.6387648480441 17.941358839611 15.6063802672617 15.9624778489872 18.1024906818631 15.2753566091205 19.5608210663013 16.8565842973625 17.3044513807568 18.3769893743817 18.0968095047655 19.0750975578591
TCGA-A2-A0CV 18.5983983104473 21.3997894119191 16.5103508252023 17.6666190426177 19.4069333312872 15.4190803500907 21.7825634933267 17.2366804732892 16.0853169727724 18.2805520739189 18.4309898453941 19.3847024002986
TCGA-A8-A09E 12.7718613655199 20.2415380318985 14.831199343999 18.2132687541361 18.3512689435601 14.2436451237595 21.0959909421041 18.1881423135172 17.836558782258 18.5917476653923 18.4688678761761 19.1656235770177
TCGA-AR-A24N 16.3045218569645 20.3305919230932 15.2401437199836 18.919321866092 19.2348360398155 15.9925667564835 20.4755970696199 18.3388047372704 18.3766760040256 17.9413933843156 18.1630185388424 18.4662929578112
TCGA-BH-A0HA 15.0910532828853 20.5509283222637 17.3145233322794 16.9292144945049 19.5476995320153 15.3655972672138 20.5960734983459 16.8450589796665 16.7672999993208 18.7710460703061 18.502496821261 18.147706107718
TCGA-A2-A0YC 14.2602604553135 19.3534389606712 17.4014728774133 19.4236757158036 17.8081090628658 16.6140230606524 19.1732323264826 17.6862965862549 18.0548865747682 17.8190918341911 18.0254678194763 18.9490644140346
TCGA-OL-A5RZ 12.322076302403 19.5898208765926 17.1184534416009 13.9585027094946 19.9230622292284 14.8092290923865 20.449809349466 17.1555054647356 16.725672223927 19.8569414304577 20.1472474965375 18.8242486895537
TCGA-A2-A0CR 13.7881786920695 20.991724173143 17.5928502930794 17.3413007719135 19.3197701236109 14.5276584546459 21.3161415685709 17.2498352177837 17.4998496348131 19.9131149354153 18.7163908546688 19.6234416206616
TCGA-OL-A5RX 17.842984176724 20.3565055265235 17.3289737591278 16.089295685397 18.5680809995758 14.9926960432172 21.174643015002 16.9717190840152 16.8939664757046 18.4518058003334 18.6648812682899 19.062971010988
TCGA-AC-A3TN 12.6430653832266 19.0128074358695 17.6131652554181 17.2058267003935 18.665399784787 14.6636631586715 20.343336637891 17.521175000158 16.9814250685726 19.1382471029666 18.608728479181 19.6718202506822
TCGA-AQ-A04H 14.3145745272927 18.2777245648054 15.0094945208087 15.5514126477763 17.0888033246295 15.5250446211587 20.1047580647135 16.4442492010157 18.4454425825908 17.328084207639 18.9705525368421 19.0381262154662
TCGA-AC-A6IX 15.9351141050323 21.3013513647931 16.6695546222298 16.1462727854423 20.0499532018797 15.7209322483382 21.2821468378103 17.2554251034704 17.5035242101754 18.6456034655431 19.2190859603877 18.9622166159177
TCGA-AR-A0U2 13.4585242858523 18.4713551108442 14.2999320557501 15.5655770801859 18.0676507482221 14.6237559308197 19.4888755785696 17.4725283749027 17.0520362385056 16.9750691804059 19.3431519821503 19.283401920573
TCGA-AC-A3W6 16.8146783803973 21.624704896908 17.1767289010058 16.4366968433673 20.0573354415729 16.1421050175494 21.4291930606674 18.5252436580817 17.3070124346606 19.1257046928764 19.3038585882275 19.1529559968904
TCGA-A2-A0ES 16.9098328235265 22.8470304009471 17.2394947890411 16.4968215202165 18.8863145051586 15.7170380435191 21.4485502462487 16.8522326671064 17.3897569064723 17.4957160543924 18.2640522557461 18.4962198520273
TCGA-AO-A03U 16.2889458147519 20.7750669111035 18.2834160266548 14.9118721783048 19.2391866139178 13.7677906651937 20.4869070369767 17.2872210336566 16.5631816337775 18.446250547718 18.6444364622433 18.7272854363799
TCGA-AN-A0AL 14.1871288064231 20.5054994566657 17.5821066164779 17.2938614291553 18.8173764642266 15.6649792677987 21.0937461623241 17.5083884261263 17.4689546141027 18.5135369880867 19.3875645817098 18.8272878618204
TCGA-AR-A1AP 15.680864118602 20.5027173144139 15.2191254447743 15.8279762425154 17.4816216324599 14.8364849960337 21.0408472567283 18.2886961431859 18.4973518488826 18.4883739012947 17.9471802965112 18.8807094535237
TCGA-AC-A4ZE 17.3171252068285 20.3607756959973 19.3013481011073 17.8139290935901 18.216432638493 13.1936949330739 20.1461341445233 17.6404536206476 18.4774349346478 18.2949943771606 18.7481085619617 19.2001326121369
TCGA-E2-A15C 18.169437454326 22.5121320542388 17.1284423625175 18.8724214567269 18.6048065704069 15.306502204008 20.8222000315097 18.3474352476333 18.0816418292532 18.1296120281457 18.4199939047036 19.0617184613327
TCGA-B6-A1KI 14.3434287551741 16.7599609150274 16.5558163470143 17.6677489044752 19.039245001638 15.6457565929087 18.3895382548401 18.3518092055835 17.6434660846945 17.9476380061393 17.852116843431 19.1070124064843
TCGA-AR-A24T 16.8341126499427 19.3061722196294 17.7279901645071 16.8591862749967 20.4532404387533 15.87960463966 19.18001156837 16.138148966046 17.9493797165636 17.5484393373104 17.5387637131239 18.8504494204736
TCGA-AN-A0XR 15.0862425801158 16.3502994805543 14.4654901651047 17.5559342224011 18.0347255073063 15.1078183357732 18.1181098730099 19.0106758739376 17.27497162613 18.2081890216141 18.945376145666 19.1306232460349
TCGA-AC-A62Y 13.397860741531 24.5507874384492 17.5005813095125 19.3396749677891 17.9916998251287 15.197688974938 23.4984322147146 17.8944157699454 16.5340621870389 19.317322188645 18.7275037745846 19.1443377431198
TCGA-A2-A1FV 14.6362681299942 20.6081287564258 16.7416114624654 15.604808499078 18.2812520233608 17.1153843628135 20.1905033884323 17.0119388490075 17.9497602579659 16.7400921064158 16.4620545220952 18.5947524770391
TCGA-B6-A0RT 13.8461411477247 17.0755957284028 19.0943461531277 17.582017779462 17.6475918040483 14.6262138145804 19.4158514981638 16.7722243561911 16.948614626103 18.8787287719891 18.3106201768149 18.5424718928632
TCGA-AN-A0FN 17.9039639643882 23.4757436638375 17.6248304045087 17.9744015030262 19.8530704269221 15.6241907156816 21.4296767335532 16.6164738515454 17.2290555820474 18.613211251204 18.0225081511632 18.3160376534215
TCGA-A2-A25C 14.6323585268241 18.9335939907544 14.8622890356083 16.1472421875906 19.018784627001 14.3471182459312 18.5089147064816 17.6042866815042 17.4672731309874 18.1099944339083 19.1767828611079 18.7075385380922
TCGA-BH-A1FG 13.0276713220356 20.8270126010927 14.9026998115069 14.7268637427843 17.6808991491927 14.755872927129 19.1575561576626 17.4752586719021 17.5265151873467 17.6511272353397 17.79996454875 18.851153524595
TCGA-BH-A18M 17.2218761578193 21.9369917091935 17.1325126330361 16.9609171019601 19.1400308873573 15.8569739366964 21.1538462930554 18.9886036790317 17.9253307058296 18.0239530941626 18.2287353219777 18.7745912995471
TCGA-AR-A24M 16.5872223774417 18.1928821729533 16.58396733754 18.8951287006772 19.0249440405311 15.0468674398348 19.3862206023167 18.0485875262973 17.3322196546602 17.261445063823 18.3329622118966 18.919516293107
TCGA-A2-A04T 18.2354224108255 17.3838747847105 19.1221459430549 16.2835400497994 15.984838895429 12.3308727478654 18.8307799968931 17.339687392946 16.1734986101395 18.7906624472421 18.4234080655937 18.3887826935231
TCGA-D8-A1XM 16.7696269286083 18.5613290185461 17.2462897397108 15.9632258518674 19.2654394779866 15.6748200165268 19.4424367831534 17.815291829879 17.124455921119 17.8989751347654 18.1110556685904 18.5164978255982
TCGA-A2-A0YI 15.2938385693005 19.5954124564936 16.52595524347 19.6356900673765 18.8717472697312 15.7338822231444 20.2796539657784 18.7167744087697 17.3694939519168 17.3954691071218 17.8659112674721 18.899509331402
TCGA-BH-A0HY 16.7124393097864 18.648034794653 17.062991086687 15.431147325834 19.6556303135727 16.2189829358608 21.0130361090249 18.9505111868161 17.7242124972133 17.9520485164931 19.6968938044861 18.1676558452266
TCGA-A2-A04X 13.5782531651524 18.2408279823076 15.0311275671403 16.1673372742727 17.8967457231239 12.5831401406839 19.4828791367515 18.8319483798193 16.9116908526471 18.7940439092974 18.6282288116389 18.3462996036536
TCGA-A8-A0A9 17.2532184575035 19.2774778757965 15.3553573680977 17.9329339414834 17.5929784383133 15.4968197991891 20.7979215894707 17.9549999146788 18.4447178004649 18.6528079689398 18.335002571311 18.7391100214403
TCGA-AN-A0XN 19.2563564721875 20.722845419799 16.7812297498068 17.1004083108222 18.7246082723709 15.4802614079101 20.1129322635642 17.3474875581761 16.5512257981221 18.0709601533688 17.6216160629058 18.9125770387847
TCGA-D8-A1JF 17.1142146753325 17.5560403652922 15.3584038649019 15.162228974426 17.9989707056575 14.4161014532988 18.3652208039048 16.8208809825883 15.6998837819356 17.9172880361382 17.9392579550588 18.7331804768785
TCGA-GM-A2DK 14.9381634752117 21.2060372743581 16.7769601815813 15.7061111777922 17.0515378817969 15.5078992144125 20.7054188573679 16.976100820557 17.3347141321794 18.9765699028344 18.0276465436437 18.3558342536361
TCGA-GM-A2DH 16.5100837857026 20.0408811086189 17.1550722740159 16.1326396042293 16.92908783969 14.5412939663388 20.5624073941389 17.7723044884258 17.332185343596 18.8222777425734 18.9136554938099 18.8333073167278
TCGA-BH-A0BO 18.4505856537778 22.6616940432375 16.6963119277099 17.5483706579085 19.551690001065 14.6692130697565 20.6018303278055 18.166707532305 18.2903705536551 17.4452386865645 18.2866775200432 18.7823827928074
TCGA-B6-A0WX 19.6039580012871 18.3514537408028 19.6565220401742 16.4287352465931 19.3885665048918 15.5370020089015 21.1511180403972 16.7568767753416 16.5400583735854 18.2509604705777 17.2876636966971 18.4290945127022
TCGA-A1-A0SF 17.2745034816612 20.4058293333412 16.0726184802712 16.7973925607468 19.513806855679 14.8186607195033 20.8586259583428 17.1818875615821 16.3054985653674 18.3905572482056 18.5697022248252 18.4399957308114
TCGA-A2-A0CT 13.9987842921045 19.1170748406151 14.8542493418517 15.0768635984691 18.6555175999753 14.7794686472434 20.3352045635215 14.6785478792208 17.0586481991053 18.5048084945721 17.9525672462879 18.4932074361009
TCGA-A2-A04Q 16.7847556197474 18.6437258609304 18.8975118187554 17.8748844056237 17.9820206594587 15.9064394699233 20.1876056668309 17.1608410520563 16.2395604468945 19.5579951555807 17.6931272941089 18.6665100699698
TCGA-C8-A3M7 14.5229320335089 20.3804531973131 16.9950945371687 15.728039160692 18.7982717644598 14.8008105111952 20.805055095774 17.5520490493231 16.889017070539 18.266392972728 18.7548699572019 18.5999612550224
TCGA-AO-A0JG 15.084655447751 21.6539610928886 16.2525492040657 17.0148557799019 18.6469298434407 15.3604925795934 20.8602292224354 16.821847954225 18.8302365197244 17.5278265977985 18.3961108367132 19.0217051664812
TCGA-BH-A0BC 15.4827069414219 19.8082159070269 16.6213874867097 17.0233827911714 18.2465483349216 15.1914768896924 19.7507953203521 18.175437579236 17.3307721526359 18.3343779993817 18.8043636306608 18.9979284360839
TCGA-B6-A0IQ 13.7541540711041 17.4551426931774 19.4647988368696 14.9341973585113 16.114720808183 14.7724047586953 21.2576929155113 17.5855561246955 16.981438523284 18.9778677868167 17.4222081553728 18.7455122538575
TCGA-A2-A0EN 15.4714935940037 20.7220720478095 17.9117057911542 18.3851424757877 18.7396390235809 15.3185355362864 20.9037705832869 16.738620356036 17.3828168360626 18.0805347536863 18.1634061472282 18.7696784529534
TCGA-AC-A2FO 15.8475679385335 21.206901495062 16.9827643743757 16.340102846679 19.129331704623 15.8267162039088 20.8762761317609 16.7639500762765 18.0794734203086 17.9361863446053 18.1017911347014 18.9776044001294
TCGA-BH-A0B5 18.2332722140634 21.3312752041017 18.6235356478932 17.1876950347636 19.2756078040649 15.1100605125669 20.0815815739435 17.5297730015542 17.559593649835 18.3198386417695 18.3760432719308 19.1177681206037
TCGA-5L-AAT0 18.9930445820197 16.9867215063083 16.9472999354814 16.3157945752373 19.7617632238275 15.6177598787962 19.4738857076443 17.2738750195643 17.7220279684708 18.6413344891855 18.4704360509802 19.0532243540273
TCGA-A7-A4SC 16.8418980747466 21.0313506765904 17.4081636209247 17.1000082509674 19.5959715451092 17.7108604074991 21.4767573963503 17.0610494264774 17.2970991216748 18.1511878195916 18.42531271227 19.128748479294
TCGA-AC-A3BB 15.5050934001151 22.3844163004855 18.3991398815989 16.5370357968982 19.5757748940258 15.709498336702 22.2028666536109 16.7431390222616 16.9129398715168 18.8441060073213 18.7071726926458 19.2572762364685
TCGA-AR-A1AY 18.4370187526644 18.7684369911695 19.3723921629297 14.4732486268649 16.2581931047021 15.1095017008776 18.9203128630319 18.3627081665935 15.9409144793708 18.1667960941395 17.9263488238319 18.2571976300739
TCGA-A8-A06Q 14.385504950535 14.0009715013598 13.0662407620104 15.7223891088535 17.572970883476 15.0491870976916 18.814822019516 19.8582337483753 15.3567434664458 17.6206990947091 18.6635891203819 18.9385571153984
TCGA-A2-A0T0 15.6246674346882 17.3279343227232 18.0012948275368 15.4972335802554 16.7413112611169 14.3422734563876 20.1444690256033 17.267001140231 14.5021528522179 19.8002274361466 19.2431944173418 19.294488307784
TCGA-A7-A4SA 16.3789538112373 20.4608363432504 18.5946606821379 16.026894291487 19.0286711609643 16.1686426836647 20.4117829268974 18.3971237770681 18.125874423348 18.7294279722224 18.810185526661 19.0425722166508
TCGA-A2-A3KC 17.1063184082664 20.1116945537628 17.9673008138744 16.9402106366693 19.6277290357321 16.1365161607446 20.7834896995342 16.1820253897765 17.7581548563191 18.5520464139507 18.4472752986667 19.0245268257809
TCGA-BH-A0H0 12.4591157758809 20.0211672420923 16.3272176558131 14.5698146556764 19.1240771550659 16.4669504694301 20.0017104515984 16.0651242616808 17.0941479418403 18.5722509878468 18.5759821919823 17.8176794897498
TCGA-A8-A07O 14.4657607466862 15.6222567189844 18.2838753674728 14.1994618493374 15.2516568765126 15.4833679796324 18.5086651720721 17.0002091944736 16.2279127255893 18.5178969965689 17.3564067120391 17.9696101256457
TCGA-A2-A25A 17.5623120724045 22.2844267672022 17.4637926045123 16.5123697499823 19.7624014672423 15.8126996841654 21.5528871314626 18.0970260397972 17.2528677012988 17.85838448145 18.4393308838224 18.4680321530657
TCGA-LL-A441 15.5222425755417 20.1100299247155 18.2142616539973 16.9597788088984 17.2531788233824 15.1332712640463 20.3634502757235 15.4706329290072 17.5584414793056 18.9567288054921 17.9741200709085 19.3772307755655
TCGA-A2-A0YT 14.7523629479738 18.5429420985266 14.6473557789918 15.0559002313128 17.5551644581577 14.0746469129436 19.7470174946918 18.3311156074187 16.7096986641135 17.7760338989772 18.6458004029349 19.0210360527753
TCGA-E2-A14U 14.6708048705171 24.2541325393699 17.4188159826206 17.0467604559673 18.0301739253256 15.0236690863378 22.8259695216102 16.3173120238566 17.275357931531 18.5508492628945 18.5870573168325 19.1640014535818
TCGA-A8-A083 13.7615167800018 20.5175700882211 14.5933818183592 17.9203744372536 17.6295202613371 15.0790988783632 19.8856934827681 18.5750989886311 18.0906895681473 17.9299202944796 18.2914133896401 18.9835248677966
