X112714 X114 X113457 X111 X3357 X80310 X1902 X196883 X7846 X5154 X5155 X10746 X5566
TCGA-BH-A0HW 11.6647791403272 3 11.421324640889 12.6852486311008 11.5818664133226 16.0896366601176 17.6639485316984 14.4766206207418 20.4057675231233 15.8730010441 20.0838928703009 16.9062097057608 18.6187042554512
TCGA-BH-A18S 8.8447523376625 11.2656892744342 16.619827195353 13.8347579408801 12.8633851747672 18.887375107081 16.8597665308816 14.1776554936116 18.5098348415615 15.9721521579235 17.7858311546198 17.5490825360533 18.4718681754503
TCGA-D8-A27E 10.2219446208402 10.892073566505 12.2785856130456 15.1541919947944 11.4810911174262 16.6032999753586 16.4391556671009 14.3621378980192 19.015638502698 16.2715779717999 17.3654876380546 17.3915931364905 18.7199024879425
TCGA-E2-A1IH 12.0208618187999 3 13.501045239997 13.4849468839542 13.9287791524226 17.8528686578203 18.0649806461632 15.6604350895837 20.5722864205663 16.6803444331749 18.138964206621 17.6038888840099 19.3662660399495
TCGA-A8-A091 12.4879936242593 7.70414187409255 14.4350396206954 18.6532768621625 13.0928482609218 16.6135013310786 17.2797965890644 14.9664763999006 19.6769534356711 16.7160316493222 20.1624191244623 17.7043739771723 18.6931627950941
TCGA-A2-A04W 9.59638666405733 6.74266179726588 10.5377200348285 14.5410803327678 14.8972036613692 15.288532432121 16.6054086060433 13.7185884315695 21.3177709142219 16.4612103376547 18.1398317305305 17.0783252759211 19.33313595392
TCGA-D8-A1X5 12.5685490164001 3 13.9753315045575 18.5542064010153 13.6338101123893 17.669236656154 16.5666214096517 13.5449566906913 19.8506300711635 16.2466644922092 17.0967602707767 17.581628251183 18.4089870635851
TCGA-BH-A5J0 17.3815920460763 6.52313870618241 17.622114912184 16.3524270918135 14.1226255817353 16.7919980589572 16.8434844460603 15.1180918774359 21.0639379976411 16.4705824525854 18.4815393606005 16.3707571771747 18.9404763767419
TCGA-A2-A1G1 7.58997440593822 3 11.7286591018401 11.0320622067339 13.0100038514518 15.7101816612438 15.9414619218968 13.8147883873154 21.4003337029558 16.242391147592 17.7660915687337 18.1930978046511 18.871086021287
TCGA-A8-A097 10.251044185065 7.54653045189876 12.0858196630869 13.8674423848339 14.8692975395909 16.906513456466 16.7239590026698 14.3984313437531 20.132422165063 16.7250263090982 18.7314530139285 17.3916952424736 19.1804551259893
TCGA-C8-A130 15.586676754882 3 16.2206180799925 13.1566615729758 14.1725198308528 16.5478558561414 16.281458501956 15.5317582755369 20.8761818109635 16.7601010048874 18.4476019312204 16.6347388386281 19.3135360539366
TCGA-A8-A0AD 14.2930667279276 3 12.6578515948421 16.2953745064563 14.4203144067437 16.2127102297981 18.7665162259405 13.7134765652971 20.3100752461341 15.7767490275024 17.9723569984787 18.1649580768061 18.4846746560628
TCGA-A2-A0YL 13.0752032002716 7.45354325003665 15.3518002391719 14.941930210531 14.8751020404514 18.0750606468338 17.553583664837 15.1414600632413 21.0802749785285 17.1594101969269 17.772875965803 17.4334404944832 18.4920909571929
TCGA-A8-A09G 11.1280709470632 6.8187630498853 12.8230556022253 16.5275317578839 13.3699362565451 16.6853495563714 15.0525579796547 14.1867559101127 18.1405195326673 15.2657772360087 17.8097518709602 17.4148285649149 18.1983227049013
TCGA-A2-A25E 13.9128777941558 8.37214773696432 15.1672248433607 13.339042320323 13.6845596028831 17.7007253816238 17.0001009240565 14.3874474467297 20.0499250136772 16.2428354045154 18.8006318000626 17.6541328563497 18.6980769058058
TCGA-LL-A73Y 11.4492952745107 9.51032375515347 12.5111529423939 13.8441598421685 12.0752088516184 17.674103408633 16.4470948399775 15.4969738596611 20.4194606262804 17.3279457848076 19.5134804895979 18.0510881099009 18.4368980162612
TCGA-AR-A1AK 11.913583994448 11.1455136812917 15.5671815365091 17.0149279162968 14.5060336684842 17.6317304610336 17.1488284436695 16.4699058142121 20.9507217525926 16.4760358515997 18.0085995149941 17.3376254946238 19.1321712210009
TCGA-LL-A740 15.3753728390573 7.24512045384381 15.5742800172484 12.1348217046752 13.8047837068752 17.005071086696 16.0873247346319 15.2699349083869 19.8890210560091 17.3230310765196 18.6347521760891 16.9574003903026 18.279773402801
TCGA-A7-A425 13.3824948448494 8.58653319522621 15.0606797226839 15.5837121266708 13.755301217951 16.1836766628069 16.8282692257212 16.3113275299364 19.5191063205355 16.3420877675697 18.1724404706472 16.04198139605 18.4199934561384
TCGA-AN-A0XO 12.0086177888297 5.87427915478252 12.955802883884 14.5426317839924 14.0603019472036 17.1994180316847 17.1150969390102 13.1223798136542 20.8199267984003 16.7481416212631 17.9008774671938 17.394819920148 18.5581792941473
TCGA-AC-A3W7 14.8892399292583 6.75454584410486 14.5319461359196 16.558081497796 14.4185330038488 17.0694889159228 16.1963815914933 15.6656379865368 20.0180448404087 16.8635157903711 17.9189966308667 16.712783982807 18.6360652958727
TCGA-BH-A0H5 13.9732103413446 9.73578090976983 15.5211861655797 17.3000841642953 14.9301529832343 16.7724715037753 17.5593185352815 15.2455560457781 19.6632756311366 15.8084800782531 17.4335980057387 17.0840403929941 18.4987669076571
TCGA-C8-A1HL 15.2066108784696 3 15.8296388900112 13.9819601820578 12.4888819701809 17.1133452573653 15.6708430011338 15.6599559655402 20.837046927931 17.6076738622403 18.7382319122991 17.3830152058966 18.8167222083532
TCGA-A2-A0YF 16.6385731815562 6.68310606124205 17.3000044672474 12.437333244637 11.6783369540521 16.7811152461209 17.3995760743705 16.9242057193111 19.6145113813267 15.7214791950331 18.0698587297607 17.775667419987 19.0131731118139
TCGA-E2-A15J 12.5678752756372 7.61637788924084 13.2294065605051 12.8828423933526 10.9702885716685 15.8593713591385 17.4963699940666 13.7977929534277 20.1118050894798 15.9324371935282 17.5404985646571 16.9744572818687 18.9639376749251
TCGA-BH-A0BW 10.2060864461965 3 12.3486662286029 12.5995235539737 12.9770875731762 17.86728923201 17.3040787084512 13.0430818405631 19.6953978372121 16.4902177334695 17.7160887833753 18.5460192380229 17.44037667576
TCGA-A1-A0SJ 14.2368071249963 7.10504225651548 15.352862066682 15.9665841414674 13.2094462211652 17.5921739229065 17.0369237762199 14.9179564001314 20.6917193701546 16.806482235425 18.6550398220397 17.4203889876627 18.4729307651209
TCGA-A2-A0EY 15.9269729545174 9.55406642718453 16.7387571446399 17.0380979177538 13.9017777925214 15.2114299727398 15.7116057910179 14.2659691945051 18.8812102704212 14.8025971198061 17.7442180194982 17.0354104785793 19.3405143620118
TCGA-A8-A07R 3 3 10.4595054971894 14.7296215277156 12.3644836875304 14.8460913618902 16.3568558794686 12.3438106321253 20.9599421323228 15.2810493409471 17.8416726280216 16.7119928916124 18.5114213698996
TCGA-BH-A18G 3 11.8377013413036 11.6379220671582 10.6091221824642 11.7985258010412 15.4873912935789 17.5633752625034 12.1085019738147 21.5510661128622 17.2013701094684 17.7532762132952 16.8421533739422 18.7224729398465
TCGA-BH-A0BR 11.1955140208311 8.59198540090571 13.6945793223158 12.7550984642029 14.6928591262785 16.4488503053329 17.2288673549347 14.6803114331797 20.5974823079986 16.6043943350741 18.0213078367865 17.5640942316125 19.1137877697081
TCGA-A8-A06N 9.83289316883547 3 12.4711912999293 18.4229453233658 12.9229700891325 15.0482498897232 14.8237744901095 12.8153765503578 19.9498985899936 14.3655310696567 18.7902993430601 16.8788265005248 17.9949407439065
TCGA-AO-A03M 14.0183647999498 10.2285724101007 15.6594497201834 13.4451754858817 12.7922437875818 16.1413738123561 16.6394595773746 13.6233171950308 21.2515706899081 16.8720431232377 19.349839911488 17.1912327536102 18.5039129692723
TCGA-A8-A09X 10.4570191130913 3 13.0767285992372 11.8532877891824 14.3127892515803 16.6072583561773 15.4803101418915 14.4440487023638 19.5829670688548 16.4022373867429 17.5505486749649 17.1729819507843 18.4228210028821
TCGA-E2-A1LS 10.0324264422342 3 11.9727732495167 10.0104778343124 14.0238220100047 17.4175344580809 16.6087090045103 12.9210252370856 20.4682565831173 16.7593930168521 17.0540542085437 17.4544479052291 19.0234832816529
TCGA-AC-A5XS 11.8886247028175 6.48484964668406 13.2503353677196 15.8476539730536 15.3582475530473 16.644823820363 16.0739196242338 15.7417327199179 19.6086515549542 16.3150439740775 18.2335075040016 16.688674266724 18.1623153680293
TCGA-AC-A23E 14.4991116596965 5.93053066305973 15.7616036353956 14.3317943446397 14.5372439652857 17.655423741141 17.9574215878929 13.2112853956307 21.408023316193 16.98372979892 17.9477140731012 17.2620571194259 18.9287430119105
TCGA-A8-A06Y 11.7563166683219 3 13.4030175102009 11.202888214266 11.716355768836 18.2132049316913 13.4790582561224 13.4612883342585 20.178122119489 15.9969222119558 16.8775635060624 17.0294735098412 18.4639774039295
TCGA-BH-A0H3 12.4636689931452 7.41043696017499 13.9039527724359 14.2964334471033 15.2466275536314 18.1274391244018 17.8734034169081 14.9887472858431 20.8086840930531 16.8037023055768 17.6890198487294 17.685846338624 18.7192400644105
TCGA-AR-A2LJ 14.2713376303994 3 17.661312595526 15.2919547202074 14.9986404435934 16.9259738434043 17.4601428260771 15.4275004877649 21.5393669742225 16.4218778451092 17.7978949218036 16.2386011149324 18.9333520203658
TCGA-A8-A06U 12.8202248573513 3 12.2625543237489 13.2545484136496 10.9863175532743 15.4538975835323 16.6985044168982 13.7107951921151 21.3833261308629 15.8201593015092 16.8925655959527 17.5879405146395 18.9225029825248
TCGA-D8-A1X6 11.4222343107428 3 13.5480940465367 19.4056995389958 15.0023514883232 15.3241029086342 16.8831174480507 13.922307603071 19.5709848051493 15.1569332072174 17.9240034534215 16.9943520758562 18.9645080583894
TCGA-A7-A6VY 8.88838555392699 7.56050651165988 11.9851324314909 11.7349106440002 12.4526106279417 15.2878133586811 17.2748115164313 12.7262246295516 20.9442331254296 17.6700389154478 17.6597135487692 17.0625053037586 18.9047849830938
TCGA-E2-A15O 14.2666051635714 6.29982309498683 15.0107637466804 14.0397662589204 12.947318740394 14.9637648387486 16.9043531636735 14.3018935534112 21.1994449507054 16.3150382896272 16.9835471232778 17.2537207386496 18.6532149578201
TCGA-A2-A0CY 9.72359344599628 6.8619272367126 12.5672062164007 11.097425792768 8.20692084990321 16.216362218287 15.6318174707402 13.0105475710051 22.3044672775078 15.1519028452227 20.3144067968674 15.9122776150972 19.6713471134332
TCGA-OL-A6VO 10.1516640963653 6.96432182902543 11.771394540308 10.550578001254 13.0597107663839 13.8913911513529 14.512735034789 13.9605254996745 22.5941033011323 14.6440139499673 16.4462588767367 16.2151380414739 18.1212746865394
TCGA-A2-A0CL 13.3569790520267 6.1217561373363 13.1316711013325 16.3312452523855 13.7641125455549 17.392051482432 16.7295618560805 15.4416915761226 19.3365002036752 16.4279236413577 18.7336346968273 17.8357407440988 18.4441684143115
TCGA-AR-A0TQ 12.2818960226063 9.58900184484269 13.3811971179876 18.3946999746703 14.3046324145303 16.0153347935802 15.9988183704159 14.7744960195787 19.7728948730709 15.9742630571476 19.9801696006553 17.1148558434003 18.2678087564678
TCGA-E2-A573 9.14796823058171 6.32805141719669 11.6645363513326 11.7959336086137 12.7159230728042 14.2598987725687 16.1308338583772 14.5480859973649 20.0773859846453 16.4370448813521 17.7069523738586 16.7543198892061 18.5281322944382
TCGA-A2-A0CW 9.95507226475729 3 14.0784667860859 17.6029678463056 11.9886477399902 15.2384952547612 16.708796473771 13.6317543412549 18.0483810683627 16.3452367967385 18.8912066740465 17.1076511551242 18.3013220307418
TCGA-AC-A3EH 13.6518789290446 9.3125050199229 16.1432193724659 18.6229248514066 14.2390843285039 15.062647917244 17.4327404355931 13.7654797352106 21.2096419273495 15.5767905530826 17.8953613446699 15.7360375399835 19.5091956568429
TCGA-A2-A3XX 7.92613288133313 12.0996876806679 12.1508858908757 15.4685612658706 11.4269878118475 15.6697657411853 14.7183395805623 15.7136624537832 22.1375608969001 16.2405380465419 17.7034105240429 16.2584578207882 17.9034920319361
TCGA-AO-A1KQ 18.0250237253529 8.44767438500349 19.4828343670676 10.4922566134228 12.8240219341288 15.7949518382958 16.1407247142302 14.2957416742637 21.144725087221 15.6195522477613 18.4710202076639 17.3119587221793 18.7693786328085
TCGA-BH-A0HN 11.2836941782108 6.64145401190871 14.5292503259062 17.1051434270427 12.6857874251864 16.8062381926236 17.5079358665569 13.7291791654178 19.32456799104 16.3308985466073 16.9031593657736 16.4531824588159 19.4761093887164
TCGA-AR-A1AR 10.1838556261725 7.08817332465661 12.6743980199879 12.8378555470621 13.5528699784886 16.8351994370499 16.3761149332476 14.2537010580708 20.2892377687615 15.5473075989812 16.7851008849732 17.8689091493432 18.9522142566076
TCGA-AO-A0JD 14.7555816475314 3 15.7238125395041 14.1237627368865 10.6349232765018 15.1361425221487 16.2624766998535 12.8044861659564 20.1548800864366 15.4575735592623 16.3158755740585 17.7543073649661 18.9020681094902
TCGA-A7-A0CG 13.1915117044506 3 14.6835719763334 16.3032308865505 16.3878249599685 18.3009191501705 17.4321196915492 14.8814328984315 19.7938915437677 16.5861670184811 17.2963530235879 17.3644274116598 18.4738667904532
TCGA-A2-A0T4 14.9418231234854 3 16.0684969150039 14.2139112599284 13.5024658055577 18.0871963814653 17.7050924397697 15.2746812971366 21.2579059835895 16.4568005034076 17.7018901914459 17.1913042415189 18.8292338610481
TCGA-B6-A400 9.61891392656947 8.49315540929047 12.8396731198881 12.7033244016829 12.5870440168698 14.9913017787943 15.1702188182374 14.288969764369 21.1253721022552 17.9650827870971 19.2474934874774 17.2107814149449 18.6131557552085
TCGA-E2-A576 16.8569589422424 3 17.4621886524314 13.0467259820726 14.1390965439359 15.7771680520578 16.1482916033998 15.8382999071511 22.1319544086379 16.3177884639578 17.4256012942683 16.3026291103152 17.8491698775314
TCGA-BH-A0WA 7.90466975234123 7.95230084196111 11.8947159826556 13.9016742377439 11.9598846638036 15.769351916649 16.0280486650354 13.8912785646576 21.4119206512192 16.9169685784388 19.3642090447427 17.9948842281491 18.7608797867333
TCGA-A1-A0SN 12.2461162843824 6.02295120314648 15.9473440188375 17.3160574171597 14.0879047137381 16.6606329920252 17.4503111696903 14.1691934749709 19.488601536822 16.0888316309037 17.5987138183535 17.0673331697726 18.5144760967853
TCGA-A2-A0T3 13.8579587162482 5.95575978016336 17.9858102197392 12.9324848451623 13.9729517719673 15.8707225490798 16.5718875563698 16.0190830437758 21.6260967438175 16.4261138978065 18.0780339556155 17.1395082587049 18.4962927130006
TCGA-BH-A0AZ 14.4705378149722 6.5404040043093 19.6499042665515 14.2340895098003 15.1942970186611 18.8355962678153 18.0861955080033 15.2153701264692 20.7730645696984 17.3696284068506 18.5830153674516 17.4163682498676 19.0779567155965
TCGA-A7-A4SE 11.6067838519185 8.27503783126371 13.3600668749366 12.9867724304201 12.8694214117005 15.9712273017079 16.4869197890183 15.3607815454163 20.6219857224661 16.9159826362294 20.1052896018333 17.182668637494 18.5556392564578
TCGA-AQ-A1H2 7.52354584915513 5.74220567714289 12.7671587352869 16.7979215847431 14.5755438806045 16.2780365884283 17.3169176249338 13.1714689145427 19.6849883544212 17.1729437799356 17.7123137941856 17.192270270624 19.5465378389453
TCGA-A2-A1G6 7.82724228764655 7.87478415470122 12.7257464188481 15.9146319566499 13.2341493448335 19.0589901885771 17.8173206335875 15.4505806047402 20.6144939839393 18.6577746874213 17.7078098056651 17.2220559289041 18.6142472477604
TCGA-A7-A13H 13.1824769473877 3 16.5500421982811 17.5643853425904 14.5106595518626 16.6036720930993 16.5265058424314 15.9234741641665 20.2247062862977 16.8217008895566 17.6595471831689 16.8312686205468 18.4386971042641
TCGA-B6-A0IP 10.5346431003856 6.69225137578995 14.2961294565999 15.3412365385515 13.2334125748116 16.6067342607067 16.290308254132 14.8525289932203 20.6014610492433 16.1858028139971 17.750849759884 17.3552807824545 18.6614546384272
TCGA-A2-A0CZ 8.35189557605083 3 12.1740556059076 15.6262100311082 14.5155346592962 17.8037491221806 17.9794782153873 15.06622804872 20.9817033359205 17.4497806999576 18.7666670075201 17.0879914293791 18.8878323522453
TCGA-AR-A2LK 10.9625061596498 5.89268045363607 13.6716654714936 14.1276165652364 14.2826311587281 16.5254748867675 16.9583267530021 13.7758531299227 20.625285128651 15.3561486823548 17.2976377885436 17.4527608375388 17.8871952887035
TCGA-A8-A06R 13.2833382911248 3 15.6437225077249 13.6508495917405 14.6755258718028 16.9455329504625 16.63614854554 13.7832947925419 21.5553692193078 16.9579513211046 18.8022803801576 17.9597029665908 18.1099382870999
TCGA-AC-A3YJ 15.6905656488357 3 18.1507005649387 11.3203888478177 12.3333376327408 19.2959938090323 15.5829370725791 14.7856254158436 19.5083921564217 16.0942562590952 17.670029331749 16.491865693385 18.4950236207768
TCGA-5T-A9QA 10.2056544525627 6.76996531331549 9.57463639310972 14.652768024177 10.6604410996139 15.0011368344793 17.3926224307113 14.0252478493081 19.5029444010369 14.6745234108124 18.3805655667079 15.0198090872851 18.271629520363
TCGA-A2-A0CM 9.85575177462445 3 12.9631478475913 11.7370448258968 13.0746142614951 15.2823404704479 15.9065177058871 13.8202148226862 21.7702779274377 16.2391629143082 17.3898851082227 17.5990678315617 18.0424340925597
TCGA-A2-A0D2 8.03640237652773 3 12.1128263113993 11.6994319089416 12.5803713835064 15.0278478662842 17.1897577054711 14.2525781616829 19.1803411386825 15.6022526580224 18.8859988907609 16.5729039428644 19.4610504267755
TCGA-A2-A4RW 12.5480298004693 7.7433523787487 15.9008176649643 17.3440805543841 16.3256147605069 16.8489469161735 17.5828749982556 16.5293906291452 21.254367917147 16.8436478652263 18.6185408791149 16.8336247488288 18.6762193953247
TCGA-A8-A095 12.8760763454449 3 16.7844083155281 13.6193273475667 13.7313833472277 15.8621046314326 16.7684129759146 13.7791282375347 20.0701726426479 15.2752251803569 17.1269960217745 17.3728768967628 18.5892256716153
TCGA-A8-A09R 14.2090242029073 3 13.3360648526886 16.702005511849 13.0602225916944 16.203886875563 16.4898241905055 13.7999682846327 20.5796733353228 15.6263634798958 18.8067439286948 17.7578320635419 18.5653874610954
TCGA-A2-A1FX 13.7725554551568 5.71882010297424 16.369236878961 16.0437824799503 14.1660777068674 16.6695423983984 16.8079020877308 15.430774718711 19.1392941597414 16.2956894328899 18.4652709565168 17.3073879181191 18.5073214047473
TCGA-A2-A0T6 3 5.92116667508023 12.8272289602022 14.7037974310693 15.079625734626 17.5016999053783 18.0675665787055 14.5145346330989 20.5006808151051 16.34504223837 17.5183902888726 17.7190448245043 18.6244068954486
TCGA-E2-A15F 16.2792009643006 11.7770078861413 17.3781264397449 16.1512910800617 13.4308848298524 15.1393486577127 16.7194047812961 14.0521625950594 20.2137495167558 16.3566442921166 17.5247932118021 17.7645804088011 18.8969059267082
TCGA-A7-A3IZ 14.1265978909474 3 13.6912171804964 18.3190004953817 13.1252580033323 15.9781033479622 16.8944131082112 14.8166323758859 19.3568013474463 16.0062243886533 18.2212477550326 16.7022422107559 18.5609185112317
TCGA-BH-A1EU 13.8012350981597 7.16428505063954 16.5770852166571 15.491579575617 15.6772592384265 18.3543401155622 17.728855582195 15.2909589099547 19.8560671874583 15.7044643848078 17.3780826772138 17.8628920014186 18.4292771572954
TCGA-AN-A04A 11.6140200152007 3 15.1985858045292 13.739265337474 13.9530287609685 16.9206749399188 16.6522487632642 13.9242860202016 22.0305031546048 16.9861452140609 18.9305191580605 17.0607443622814 18.8184833233876
TCGA-A7-A0CD 12.7090152361521 3 11.8194873758117 12.7042691921298 15.1436805280061 17.9335620470702 18.0386234154546 13.3422343791151 20.402066163476 15.9970918142536 18.2046874799089 17.3167915413295 18.2509697302814
TCGA-E2-A156 12.70515416146 3 16.0706291915018 18.155243995558 12.1633878619413 15.5685643743953 17.2703288139667 13.6500766512117 20.1324098951802 16.1367315082298 17.7321395782289 17.4635848840934 18.8308068197185
TCGA-A2-A0D4 13.0974367789482 6.65038569897188 13.3137218493796 17.1261696388686 13.2619578183831 17.428607285493 14.5779245500126 15.4662115981161 19.9022546020842 16.7030156958267 20.0201649266664 16.9716369857261 18.3124258085013
TCGA-A2-A04R 16.7085987506753 3 19.2687864430626 12.4365477574125 12.7514464002042 16.8511433056643 15.716598693735 14.6115363583906 20.4609233193543 16.8121381872644 18.3962156873213 17.4498083025453 19.1630856471381
TCGA-AO-A0J4 9.41472665037078 7.82086258236713 12.2555048480188 12.8346800741807 11.6137364156236 15.1967292333906 15.7560248377841 14.2083135977513 20.2780013773092 15.4711516670957 20.1264796138659 18.0175109822596 18.6083995219262
TCGA-A7-A6VW 11.6115805969389 6.47150914838889 12.1439378568103 12.0120647611515 11.2077239867051 13.7256210927073 15.9658415348455 13.2574610515928 20.1377623033847 16.0348947266157 16.9036218895407 16.1791428356294 18.461854011556
TCGA-E2-A14Z 11.0482863234744 8.32126239190002 12.645240790967 17.0930179967516 14.1029628915599 16.5056061608841 16.7999054406764 15.103597981719 19.4365349663314 16.1038949737175 18.1159888871572 16.7823773993378 19.0132257548858
TCGA-A7-A5ZX 11.94979036893 3 15.283424796086 15.6474418998006 14.2661942943692 18.093048984756 17.5758306798553 15.1588768527863 20.2818851006002 17.5929487591202 17.4296881307527 16.9990630225001 18.2419357882184
TCGA-3C-AALI 11.5195395941774 6.68188553224045 13.3232457838591 16.8821034587383 12.2972707414289 15.8518479058836 15.254389308637 15.3332241749033 20.1059893186345 16.0119339224717 17.4973088407651 16.7567744594386 18.8383820146179
TCGA-AC-A2B8 11.9263898264611 7.0617548082755 15.8608355115734 16.5200268909932 14.9611726477273 17.4207093997906 17.7529593758369 15.4572976352161 20.7271605225691 15.856903604229 18.3676122310078 17.3904127195302 18.4867007280324
TCGA-A1-A0SB 9.22616184140953 3 12.8007705499894 14.7513381898474 13.091792810653 17.9260777954515 15.8061952409178 13.3520168141183 20.8154788267102 19.982533862253 17.9296220573727 17.1490349379306 18.2581816039499
TCGA-E9-A229 14.5090797348776 5.75560998441476 15.7367913440916 12.9632157010288 15.2043752535743 17.390851909937 17.6713169170666 14.1944564202218 20.7621992933893 16.4644856446376 17.7953040702631 17.7074708077418 18.3103462631803
TCGA-D8-A1JC 13.3057607899693 7.75303613354481 14.1953545635113 15.357585180831 14.914442252012 16.8920888340983 16.7794162813022 13.222090260092 20.089314857466 16.7133743201813 18.1895422573681 17.9736733826909 18.1849480866468
TCGA-A2-A0D1 8.38621216621168 3 12.4717911082392 11.2907242990728 11.8992299803084 15.4981755539964 15.6915711699429 14.2361292619115 18.7791366610576 16.1443878175488 18.6433848534671 16.7775053827639 19.1162064207801
TCGA-AC-A2QJ 3 6.99322217451582 12.123463816021 11.3745398392254 14.4981796154637 14.9825995691197 17.4743232885822 15.9207488444518 22.492520522352 17.4260412296221 18.3867023548016 15.6582312686323 19.2111307017721
TCGA-A2-A0CK 12.5804351482693 7.18577135877067 15.133127129948 15.400999836314 14.870369774503 16.8735602320799 16.8668241845122 16.1446635767014 21.2448093486916 16.1925395344775 17.8117514544827 16.9152066630575 18.7636764173939
TCGA-AQ-A7U7 10.5702438762808 7.66970767021694 14.1556568248603 15.416211022311 15.630099536249 17.1651982984488 17.1228015448765 16.6163873048527 19.7617585448803 16.47395338541 18.4632907199329 17.4183801705365 18.1641756526761
TCGA-D8-A1XU 12.8210369088036 3 15.494051575418 17.7603879347549 13.3848805003234 18.1745211228384 16.5875450309671 14.9863687602544 20.3712517897274 16.6951426129448 17.2942390726543 17.6982312809339 19.1380849056968
TCGA-D8-A1X8 13.9539234663567 6.00460782992167 16.4020380344631 16.4268538216809 15.175324518614 17.8737109687585 17.5987821876152 14.9311002798539 19.4698083780434 16.5527930120695 17.7011137182539 17.5964705984598 18.6845293277295
TCGA-A2-A0SY 13.1788600525678 3 16.0454898444818 14.9954807392841 16.0879154947064 17.5682117482842 17.8461509286617 14.9232072379285 20.5472401135626 15.8560685447678 17.935741519971 17.0321408690234 18.4450051124711
TCGA-BH-A42V 14.3035138727785 8.81996289619695 15.8987862232102 14.8370673238478 13.853426296156 17.4766019430341 17.0094093498178 16.7984577871189 20.3279794851653 17.4467835124456 18.0532083698294 16.5457454242565 18.3482454146168
TCGA-A8-A08R 9.26695437279468 6.81844879694199 12.1990895554731 11.4281126731022 12.9799901522844 15.8282474385166 15.9340581769926 13.9241066701614 20.9083901565991 15.5407827116674 18.7849113850752 17.8637548052139 19.6933069133498
TCGA-A1-A0SH 12.0660060318188 3 17.2373419379226 14.2429879820686 15.0035007814175 18.7120600584464 18.359031800283 13.6448032449932 20.8308991639807 16.6752973652391 18.2857612576128 17.61069020457 18.7469930170182
TCGA-AC-A2QI 7.80844604255629 3 15.0536219393044 13.52699865562 16.6037487049663 17.4716367017308 17.0259780472384 15.1405985471306 20.0553049024371 17.3330573056548 18.9698229065052 16.9451362727001 18.6572467678443
TCGA-AC-A2FM 12.249056967584 6.93411162132992 12.8666169540072 16.6356116195806 14.5398026298148 17.8373818386979 17.2354765279706 15.1568951935027 21.4955733785547 16.0900807258829 19.4505993256322 16.2680972628337 17.9974922000211
TCGA-AQ-A0Y5 7.95116078938613 7.04327238155669 12.3139891883138 15.598535731297 14.8128108038513 17.3605536684138 17.9836228871502 13.4948043840803 20.5144502724306 16.6070702004585 18.7898932132041 17.2813511801316 18.6309332251494
TCGA-BH-A1EV 11.9489141482319 6.24872100718853 15.3277672919529 15.4454780739913 12.6276540103872 17.2149521239764 17.2986099498364 13.5835495948238 20.2519869767105 16.0720920830864 18.5026882274046 17.1341260459683 18.8363203866248
TCGA-AC-A2FK 14.125172696759 3 14.5329805690884 15.9466039461974 13.137841413832 18.7649958190884 17.215750091895 15.4688707068948 20.3108687539184 18.5800704583899 17.5282721419184 17.3872228557101 18.4683622761501
TCGA-A8-A07B 12.7011696635202 3 13.1517399705613 13.0175110974868 14.2729406801384 16.5076025747263 17.5642125856023 12.5365423562219 19.723094201413 15.5062437885656 17.044990660675 17.6220355132801 18.030033743685
TCGA-B6-A40B 13.9733786581178 3 16.4319419855101 12.6862341423496 12.1008920299944 16.2142638954356 16.9458184724874 15.639007050999 21.2194791464127 16.8856569754721 17.9631543242035 16.6280217010264 18.6588535157032
TCGA-AC-A2FB 10.7226741223203 3 14.074423417924 18.426058944471 14.4499129938869 17.6492157725353 17.2010965495557 15.16811575607 19.9369115137391 16.1714986795126 17.8240268402755 17.3455653461681 18.4275494992807
TCGA-A2-A0CP 11.4093941093685 6.96490990783501 14.8352015889578 13.9183604073697 15.1483095481452 17.7888634539104 17.2896870711373 15.4472314835168 21.3900667841589 17.1729638004752 18.2711524311254 16.808502380152 19.3530565558557
TCGA-BH-A0BG 7.7328261109217 3 12.4354983849254 13.6456577709257 12.1375317051691 15.5955373553439 15.5386532442076 13.5104514454138 20.8726950584363 15.8765926057489 18.3182819767281 17.6154459920655 17.8680711739694
TCGA-BH-A18K 15.9158155263501 7.02304058265154 16.5173647486036 14.5179499935859 13.2235008976685 16.8889396710041 16.7176655344901 14.4612723724914 20.5992005481499 16.9314002662918 18.0393967336003 17.0235045980611 18.6454568720112
TCGA-A2-A0SX 10.5198840802547 5.95333218042098 13.0807798073005 13.3758707178676 14.2070962453766 15.8477862337394 16.4281619987662 14.2368785614549 21.7995100735055 15.8890494485124 17.0801947699914 17.516397909842 18.7741978200324
TCGA-A8-A07F 13.7084190729322 8.57787641492361 14.7416806802106 11.420643927811 14.3484188929918 16.5654164167799 17.185038998243 13.2968963678368 19.5623664488591 15.6527538806884 17.5099140932403 17.6706962050567 18.0177455402763
TCGA-BH-A1F2 9.95996933983565 6.78435442723443 12.1624240729992 15.6585162913091 15.0383904406403 18.0883645551447 17.3416105278017 14.6103257136882 20.2108749432624 16.6167716962153 18.3369541249794 18.0257519608024 18.6406627659016
TCGA-E2-A1BC 10.0687356201535 3 9.02875237979854 15.1073037399009 15.1156315529339 17.8753177658449 16.8457813382346 15.1588748145509 20.0373050827599 16.4270850941833 17.8471633017679 17.8177862414181 18.8701470032589
TCGA-LL-A440 11.9769474173371 10.177719032729 13.2608281113291 15.7997895472385 15.5057749253382 17.6051982527422 17.8848868487273 17.1551871768897 20.750066106704 17.1320491479348 18.3005751482445 16.8831246570595 18.6081324286998
TCGA-BH-A0W7 11.7867757162611 7.21232078801837 15.2018323555515 14.5645474727368 14.0489862899193 15.9749132984671 16.8648327351352 14.7379178365643 21.325436717009 16.4968847081417 17.7712183711603 17.1207580793932 18.6490511881204
TCGA-A7-A3RF 11.4309859710181 9.49216428558641 14.9404868007853 12.2620841249549 11.3910488284037 16.3338976862121 14.427735387716 13.726922246573 19.3265967402037 15.7731367316866 19.2991137633405 16.2374191189973 19.705456267987
TCGA-AN-A0FK 15.091877942153 9.25294722329074 17.6946406136302 9.59260214642593 12.9330847979579 18.3398822640534 16.6454566265325 14.2391240930062 19.3075594604584 16.2336838609122 17.7653305295097 16.4062729557252 19.146596737019
TCGA-AC-A2FE 14.6411940345601 5.9375810539152 16.3631387172606 16.8317966111097 14.5790906633882 16.5200837855322 17.7594865227954 15.4632216747981 20.8315575736338 16.0312013712548 17.9833597439498 16.8957292978061 18.7171637934951
TCGA-GM-A2DD 14.1195674526132 8.73606031774229 15.319799759607 13.329761254326 14.5234146523567 16.1983064091203 16.9076273363343 15.1029425337371 19.8454978530906 17.1569095105708 18.1831413798394 16.8307497842382 19.0213653781771
TCGA-D8-A1XD 13.83409407575 7.31315934431401 13.8666760399782 13.1974388410514 12.5068575863349 16.5872166767705 16.9540916614243 13.0889453593073 21.0106624035028 16.8965950987162 18.978635328802 17.796043217509 18.7033889522018
TCGA-AN-A0FZ 13.075236079725 3 16.3101521644518 18.3443664890774 12.3529786608522 16.5537314317104 15.8994861442946 14.5712235883921 20.860869096224 17.1608660172095 18.6057884287466 17.2228850104223 18.6777122395046
TCGA-A2-A04P 8.49595820827146 10.9112014851465 9.42900683968643 13.3495078133334 15.6894774760879 16.150525471943 16.3810593641859 14.9502091495095 19.945885109035 17.4057276034972 17.757627002092 16.885890837795 20.1748965797898
TCGA-AN-A0XT 12.210184621498 3 16.2278949174245 18.2030477801474 15.2123901461296 18.1060287353111 16.8276210682926 15.6053836998032 18.7283716855458 16.6725026760769 18.825339964795 17.1218464743079 18.163237390985
TCGA-A8-A0A1 13.9392789667292 8.49654550207765 17.5183970436237 14.3625861084882 13.0437194152538 17.1637253690598 16.9217504733202 14.3814403157876 20.0709196052913 16.4106247163625 17.4785658489123 17.6608891154545 18.6017879185834
TCGA-A8-A084 15.0762269603432 3 14.5306517207411 14.9632268282164 13.2559824701667 16.1386980927771 16.575494959373 12.1655494529956 19.866384567539 16.1118284810684 17.5359363745131 17.2239332893055 18.8325494665976
TCGA-A8-A0AB 12.3113883820306 3 13.1593776175498 15.9398358138675 13.2870899665122 15.3814976876581 17.8690630205873 12.7309400188568 20.759791638051 14.8381493262445 16.8396710698472 17.3026251844399 18.5214598779134
TCGA-AR-A1AM 13.629220875308 3 16.3347838092591 17.0111055985973 14.2591798687169 17.7353736582514 16.4709255812567 15.4627911081817 20.4000568095898 16.6816728284589 17.3935935009739 16.8184225933078 18.9413857107554
TCGA-BH-A0B4 14.7437801808683 3 15.7867358583267 14.9101192922867 14.7279775397112 17.0202559114442 16.5062220728312 15.4652639021821 20.8742849874391 17.2854420362407 18.020495670101 17.0767313903156 18.6933138252582
TCGA-A8-A09I 10.2437371108298 3 11.9226634970221 16.7876718742695 12.6110152937462 14.7077473897934 16.4815766990363 13.3327871691209 21.4491659074613 16.5920983664773 17.7150075733809 17.3878139491749 18.3515608992865
TCGA-A7-A5ZW 16.3898693360601 7.87906761115638 17.4519168313634 14.2101267666076 14.5717601655757 17.8792295827848 17.7894267641683 14.7359495640185 21.0599116055878 16.6956890473001 17.8672655138685 17.1847970464388 18.0055841476576
TCGA-E9-A1R4 13.7094319898984 3 15.6983498223298 16.3117895670352 15.6307096640954 16.8855497719404 16.3483242876126 14.7350663561405 20.4199305753111 16.5265027722771 17.8356083644979 17.6164677124438 19.0338882884907
TCGA-A8-A085 12.8887670770928 5.60967304355024 15.2954984589821 12.9032914250209 12.3165800162413 16.8983643333562 16.9931174285398 14.5503446402237 21.5203240998079 16.5461717548729 18.3727294882047 16.6013875598715 18.4900217954002
TCGA-B6-A0RN 12.9091276250388 3 14.7164128569305 13.397374059454 13.4441096680972 17.0312575662831 18.8104494462443 13.3135379574002 21.572686195741 15.6038977165631 16.928563987681 17.2112426544018 18.7124994335067
TCGA-AC-A2FG 14.2054012223553 7.51137055061507 13.413118214756 15.2273662853512 15.0301507081644 18.2913337617766 17.0575212935038 15.3603142158864 20.1159773678856 16.1673809130774 17.9448481625628 17.0592838919034 18.3483552707362
TCGA-A8-A06O 11.5905133583139 3 13.6115118117668 14.6039834843006 15.0826785122286 16.4688039739965 16.4863745789751 13.5829469253036 19.4083000927259 14.7520525804583 17.5925036504669 17.0552828246915 18.5464091349022
TCGA-BH-A0BZ 11.4087579976814 3 10.9802549201606 15.8298001248673 14.8343322531068 17.4851621007654 16.2727787973056 14.1021287407883 19.7516813675956 16.7153489216541 19.0359309181554 17.2954777294587 19.081488937557
TCGA-AO-A0J9 3 6.28514823397497 12.8877916012062 15.2349118324773 15.209926345306 17.1596077511781 16.7647653051771 16.329286918479 20.7895803626414 17.2796135265307 18.3831229754823 17.0228190112429 19.329162714615
TCGA-D8-A27P 13.5861781089335 6.21403064174684 15.1970469964869 15.8767289047015 13.5671973390886 18.587846307089 16.8037612396597 14.179723452261 19.9125506263036 17.2325828894691 18.039873706801 17.5625649572167 18.7081010245376
TCGA-A8-A07J 10.6368416235362 3 13.0124669194095 14.3572246455007 16.0320502535559 18.5044881287573 17.3305820224695 14.8603844100328 20.9133420176435 15.8763618194602 17.3079619756546 17.4997123848964 18.7737528212659
TCGA-A8-A07I 12.0768476408086 7.38673600238012 13.7707688417468 12.5385565283633 13.0831460794722 16.0010372617031 16.1301663985479 13.5099355054138 21.0940410512746 16.3038715516798 18.3701705061683 17.4808614513653 18.6184314684019
TCGA-A8-A08B 13.0161667709858 3 17.1160365351543 13.6948966502951 12.1268773011247 14.1993820565473 15.6341920231087 13.4211539201495 19.8779935954979 14.733381915373 17.4150259451629 16.8135672972497 18.1960745507139
TCGA-E9-A247 17.0856700623055 3 17.9843613263777 11.9868225136854 13.6330481437608 15.6955155501748 17.6340883050588 14.7897498893102 22.2774758956631 16.7186466098824 17.8186754686502 17.1283222182999 18.5492193742193
TCGA-BH-A1FJ 13.4334075468104 5.77818659463708 12.9434809092817 11.2671002290282 10.6666291306794 16.2898980861467 17.9421436874845 14.0575885885942 20.5084180835578 15.7134301334136 17.8387865221598 17.4116984085255 18.199032962544
TCGA-A7-A4SD 11.9633299615141 3 11.9119702802855 11.378757816866 12.0056535747543 14.9845647084297 16.2249618000896 13.1188258600971 19.8115382326035 15.4106074674716 17.6293456823189 17.0289473870602 18.4069636826814
TCGA-A2-A0CU 14.30525029806 3 12.869105256975 17.416124835045 14.5312868827614 16.3042464314037 16.779051495565 15.1759648972197 21.1170732078024 16.405129464307 18.6718364142283 17.2764202722505 19.2719690530332
TCGA-BH-A0B8 16.4233619338515 6.50725422214882 16.6916954325602 13.2447123788842 14.2426704801765 15.8288591803741 17.0687742433304 14.1865156879181 20.5139094449488 16.0156576479578 17.4725338847068 17.3672855740626 18.7730148084547
TCGA-AR-A2LR 3 13.3106426416731 12.956489361353 14.845229573888 13.954058349186 16.8507025325116 17.1670276788227 14.9163848111075 21.7942063152427 18.0099488236497 18.2712668858812 16.6067003401497 18.5855110243128
TCGA-BH-A0HI 16.7081264135667 7.63974357289312 18.9208576580923 16.254885785725 13.6901878853109 17.8545602645854 16.9085177378046 14.5709394345016 20.5569556896353 17.1947267564292 18.370563862378 17.1901653184553 18.8631335391124
TCGA-AN-A0FW 13.776090901815 12.5931862124326 13.8284327398484 13.8648135097901 14.9151900466813 16.3180544350095 16.551660597431 14.5938791109235 20.6785113755815 15.3656043851884 19.1168080132585 17.2809099825792 18.2415842963729
TCGA-AC-A23C 11.170526126155 3 13.3881409445266 14.4029750396895 15.1468351101136 17.5958366630936 17.4569479087508 14.5839571414894 19.7411322022463 16.0100473717897 17.5779602613402 17.7581536985469 18.5805550726037
TCGA-B6-A0RI 15.4607440571077 8.84162905924508 18.9010550074183 12.222079644315 14.6342908358457 15.4103206740888 16.9365013644081 14.5325435878537 20.7858292761854 15.8081879667227 18.7280483669601 17.3599116133202 19.2941214089067
TCGA-E2-A152 10.4167834410291 7.21546353389658 11.4983494595828 15.1508002064486 14.0363724767456 16.3615947438347 18.0009571520761 13.3223370314729 21.0832664571894 16.8488883061174 19.4000034608196 17.3553659704841 18.1631784701035
TCGA-A2-A3XV 11.0085980020474 3 13.1227399708104 10.9436693259693 10.2071919046042 15.9585512314865 14.4948832470098 14.6858670626045 19.3638213461978 16.7790026687808 17.1978749759717 16.3979770090349 17.9457838875637
TCGA-B6-A0RO 11.3075743716188 5.9650128004408 14.0423102007183 16.0390934285419 13.6026888437613 15.7619303435785 16.677970918993 13.0936938065901 20.8253878139887 15.8248692323332 17.583447223636 17.3229298489003 18.4267468607882
TCGA-A8-A06T 10.8011994210883 3 15.493036645431 11.5219551307063 12.2180602237261 16.1186118268941 15.405755271919 16.8620890746826 19.6088789287993 16.0315687958338 16.9817922428149 17.118554478275 18.3911490158986
TCGA-AO-A0JB 9.91575237422448 3 14.1748414068757 14.7194124820805 13.8855233909349 17.0393846113929 16.677001159832 16.4265484125521 19.9114970803083 17.7628618874703 17.4376842160025 15.9140713387991 19.2898574017866
TCGA-A2-A25D 13.7406218136962 9.08255336825632 12.5472852848021 18.1907483412617 14.8959461278051 16.7714958368976 16.3668302082512 16.2237622197303 19.0695829880997 16.5903459975943 18.149750358079 16.7587582631989 18.7164309301234
TCGA-A8-A07P 11.804845405032 3 16.4836315378854 15.2237172993563 14.0252878360614 16.3968837411097 16.9771084319659 13.024581382403 21.4250339282736 14.6060833515745 17.7038628315463 17.1662181060634 17.8823215961722
TCGA-A1-A0SK 10.3100276704057 9.48186526516687 13.3660135473089 11.5527247150687 10.7649999943243 14.2257461265517 12.76190702328 13.1373518099151 23.2333867915083 15.0852822735593 17.013741495295 16.9231653372595 18.9436324712837
TCGA-A7-A3J0 17.0250503935578 12.5008157786327 17.8174848582614 12.079627490312 11.182641068321 16.3195042479117 16.2271255389495 13.491209393565 20.2301428375137 16.3035245550667 17.6423920416728 16.8038543614014 19.2414615412812
TCGA-A2-A04N 12.690127806729 3 12.8921912478573 14.6658892817715 15.1251885022372 17.2698018483563 17.3965646284261 14.3223737704141 20.4846668044277 16.632200580838 18.0864522599755 16.9789117659311 18.8766141808561
TCGA-A1-A0SE 14.2884316382022 3 16.6057396318703 17.3189177991943 14.3414653945121 17.4194216645038 17.5451588706052 14.5741523092101 21.2245867713948 16.7958070889067 17.7487422572949 16.9943596660481 18.7151034469472
TCGA-A2-A3XW 12.4459167797025 7.67618812243232 12.9787750543932 14.7199669044811 12.1992038960948 14.5828934745126 16.5851443105267 16.0288558532153 20.700926332176 17.5919909716861 18.0368808649165 15.765219422898 18.8637002073889
TCGA-A2-A0CO 10.8362019300451 7.15510701075523 12.365561547823 16.5587163499321 15.1169143517414 18.3706565879021 17.4287794844334 16.9085971908832 20.23417251364 17.0787701604913 18.3555438797793 16.6474117509541 18.5994522806289
TCGA-BH-A8FY 11.7700538643205 3 14.6332728552287 13.6505278521769 12.5797138062552 17.6689226476319 15.9271229833232 15.6733361849316 19.2505475084311 17.0600324290567 18.2279165563645 16.6622320130979 18.7547559083592
TCGA-AC-A2FF 14.0746816516539 8.11246738153863 15.9377112581637 15.0264488638402 16.1395714541134 17.7671909160428 17.8859723940857 16.2225373463061 20.3756168503457 16.5696436788445 17.9185177614576 17.279316078525 18.6473235845015
TCGA-3C-AALK 15.9745029122965 3 16.6649668792041 15.3181423359837 12.2953024474883 17.1458878702087 16.9071278590437 15.4641077163105 21.0079645078735 17.0352245571408 19.1909002750937 16.8283807443515 18.9396441345067
TCGA-A7-A0CJ 16.0432403139755 3 20.2287370896361 12.1078711720755 12.2822820362457 15.7371180809658 15.7362257758401 13.5830710103134 20.3211409561564 15.3383299074298 16.3836208813064 17.1690658048724 18.4413069843224
TCGA-A2-A0T5 17.5683711280604 3 18.7099844052784 15.4288952795079 12.6773946013234 17.5615821684074 16.3781646209888 14.1573087489416 20.3429889042519 17.6709414027047 17.7304407246783 16.9370949830625 19.0096727751452
TCGA-AR-A0TT 13.5694696843311 3 14.7994954945184 16.8860606440653 13.2401518691993 14.9945075901131 16.3971769931902 14.3408007052429 21.439825516806 16.2021857196885 17.7206737067107 17.485513201332 18.5003368458138
TCGA-BH-A209 16.0214292644414 5.86193287415726 16.8262751160395 11.9104630859646 13.1871568298646 16.4721994952159 16.0986588708301 14.0860693925809 19.1218001909452 15.5928331286382 17.0869237102152 17.6203968645297 19.3171452347306
TCGA-AC-A8OR 15.4765224777411 3 17.6864731159427 10.7246895196215 11.2716334913016 16.3903252023925 16.3714364094666 14.1010120896972 20.5136824713911 17.263572956414 17.7862846430855 16.5223728276128 18.5657065289514
TCGA-A2-A04U 8.59050738690448 10.7038987864051 9.52454337466504 11.5630139008954 13.1482511933986 15.2268975960851 14.3961395001153 13.1285076916696 20.9967777513195 15.9391339491291 17.9348712735226 15.4322395544915 19.827983278268
TCGA-A2-A3KD 14.9851936070035 3 18.0005825036447 16.5194153899357 13.7505487226275 16.3909500246143 17.161552486095 14.8055137857913 19.4490279607851 16.4607936053847 18.0503893295812 17.206426053533 18.5887301761792
TCGA-A2-A0ST 8.19196488935282 6.35010239779199 12.4948015141472 15.7962034547685 12.6112383183249 16.1617821981064 16.7650115302002 14.9173760760079 21.1687357423366 16.0088687887514 17.0969376698572 17.1863220228273 18.4974534346225
TCGA-BH-A1FU 8.22261709363838 7.86793539802678 12.4559717983654 13.7785960676907 13.5960262078273 17.4382439992352 17.3247892925011 15.1715753809791 20.4756223095685 17.1695600417679 19.4698552597159 17.4877127252189 17.8615510335425
TCGA-A7-A26H 10.8484932160261 5.67729351693726 13.5990407663718 15.6633293199231 15.0837396526113 17.4215764166536 18.0332138196508 14.0863350384451 20.001471817202 15.5318047440176 17.4386145342713 17.8052862133171 18.1273899731527
TCGA-AC-A2BK 10.6380694780008 3 12.0965550627187 13.7874911473655 12.8971223417642 14.5106852817624 17.0890702410707 11.848747912351 21.540203612059 15.0098573909979 15.258533960807 16.9568609301131 18.7892868559902
TCGA-BH-A0B0 13.6891762623252 7.81992808397869 15.3953994691924 17.5209219829539 14.2211192701087 17.4080079473959 17.2750524254269 14.9947649132638 20.6777007410056 16.4600727107205 17.6434957844562 16.8998253084556 19.081139947774
TCGA-A7-A6VX 10.0749276198813 7.75292146177571 13.2618255162799 12.6075076698706 11.1118191342925 18.645642308297 17.8568034917054 14.1853718982873 19.7071722286474 15.1476016037662 17.1077516321093 17.027535762019 18.3118302833837
TCGA-AO-A03L 9.41735519628671 3 13.8091475066597 16.262484903128 14.2734415004676 16.682832595226 15.9822106171908 15.3187309460054 19.6966515064199 15.9434467809137 19.0477746419482 16.7012120644278 18.4716730517647
TCGA-A8-A07S 9.45512401513553 3 17.3179296406988 12.0596312625916 13.7876184682059 16.1237965009185 17.5235702954727 14.0369367195522 19.8300799640763 16.2830933719419 17.8241583844625 17.3259804217631 19.0871858004711
TCGA-C8-A3M8 10.8222034538345 6.66187309868866 13.8182606013661 17.4882291445095 12.9527879017576 17.2654771649529 15.6663009627213 15.8466335745783 20.361262156534 16.6864759594664 19.0414727927226 17.0935542847823 18.715222609093
TCGA-A7-A0DA 8.85118607911081 9.5907102247174 13.2020010377823 12.246248479994 14.8307110281299 16.3873162809713 15.7827637120552 13.7794171663259 20.9470263081185 17.468845423822 19.9270178694841 17.5018145814328 18.3249904214543
TCGA-A2-A3XU 10.5590480359689 11.0913521398296 10.5078611954769 11.0677691301073 11.1514088226642 15.5396876071025 12.0102692981705 12.3363065482207 22.6102726416012 15.5221376660101 16.1697045846996 16.3270067832296 18.3889761855849
TCGA-AN-A0FY 12.6298899265974 9.33275696960895 15.3017817510473 14.1338381780786 12.9614296030169 15.5079787564979 16.8477834933403 13.5272185354421 21.390639172921 16.0140795661935 18.4087735986916 17.0420298253105 19.0525032756184
TCGA-4H-AAAK 9.21453735556398 3 13.7590559937711 13.2639896707476 14.1921984253644 16.6172759558096 17.9291255351429 14.6661735627171 20.8815177081712 15.5479225555652 18.4150051300321 16.7501336708316 19.6025632394092
TCGA-A2-A0YM 7.71227491584357 5.91120017949335 13.0654767551439 11.4025996729037 10.8204439311813 14.373500789828 15.4246636394482 14.6003149003979 22.3054011307694 15.1377198868735 18.0607624623838 17.3894627472364 18.309056419166
TCGA-C8-A1HI 12.9480002858221 5.71127258884684 10.5491608328399 14.4706188939577 13.3078252196258 17.734257707649 16.1401794756393 13.8694089116674 20.6307833166866 17.7964839513936 17.4810224577997 16.909170725808 18.5379728425676
TCGA-AC-A3HN 10.7699721129417 8.52240219400971 12.5617897074112 16.9582075179227 14.9490774671085 17.7819512007636 17.56798692576 16.089841607096 20.1113943845876 16.7305455569468 18.3648977635657 17.1425785890262 18.6887563104982
TCGA-E9-A54X 16.666978550639 14.2203831931927 20.0421379598388 9.66712996982938 10.5272921677923 17.0643285215858 16.6967694961089 12.1367728778699 20.222444344665 16.1492080566232 17.1623517671261 17.1528990625761 18.924078850979
TCGA-BH-A0H7 13.0243751007853 3 12.5713236703682 14.947493392986 13.8263642367554 16.4157075630661 17.5626922970928 13.5253176159283 20.6768137170142 16.2904106370768 18.8019168464158 17.1372518168138 18.1195534278809
TCGA-A2-A4S2 11.6889465003398 3 15.5696789417965 17.1849362644436 14.1435292132398 16.60807975334 17.6719203688796 15.1811707490554 19.7219587501845 15.7065675594891 17.5181355225366 16.8192068632991 18.776701988132
TCGA-OL-A66L 16.6325818900232 9.7784422203266 17.8345013848519 15.4751772682939 13.467237705412 16.259284849261 17.1326349560696 16.4998132311591 21.3820039887752 16.8798882200461 18.0340890051565 16.0287766206491 18.2846578928373
TCGA-AC-A6IV 13.5883777072418 6.06534793804666 14.5889115655067 16.3045497549742 15.4800748064744 17.5047244317857 16.7197686940303 17.121802191591 20.6267414761186 16.9275512491702 18.5321117099719 17.1807956102553 18.4937394071439
TCGA-D8-A1JH 12.2290435952499 6.54694233530777 13.5080074498765 13.844821924536 14.2360904761592 17.628552689366 17.5311414330218 15.48451055909 20.7926355138042 17.0341639938102 18.460127736701 17.5145447024374 18.6492695715635
TCGA-E2-A1IF 13.3386688514604 7.25496205314925 13.8847544557666 15.7922739936691 13.7563051062127 16.6685591760231 17.6732863751125 15.3279918721657 21.3060427098006 17.6824932281575 18.1009832325688 16.6293317890202 19.1169175647234
TCGA-BH-A1F8 15.6925905334697 3 14.9928740675282 11.2578064719229 14.0707611077444 16.069004759257 16.6838214470846 13.7132628296944 20.6587634066741 14.8438912031956 17.90357884096 18.3634249910216 18.3358773997673
TCGA-B6-A0IE 15.0958113993519 3 15.7965949531578 14.5761682994874 14.6740496651622 17.6785823944781 17.2873018331764 14.3319938482096 21.0666923133873 16.9713088683886 17.9861137229855 16.3014368177214 18.6328824946401
TCGA-A8-A09K 14.280919692504 8.53326315845019 15.9310617950378 17.5507456263652 13.8556028398745 15.4042446144904 15.8742765764282 13.2602398270808 20.7191818415818 15.5694525991743 18.846063634927 17.623204790822 18.2825038483205
TCGA-A8-A08S 13.5702748950424 3 15.9425421800337 17.5641954104141 13.7645656982341 16.6216157942002 16.5303311633887 13.1706374392669 20.2796628465063 15.6852091348005 17.3213278212855 17.372259675463 18.4209133185878
TCGA-A8-A08G 17.2674921741818 9.28915975175291 18.1897229163271 14.6224519915972 13.2832884493625 16.3737599694984 15.704396796249 13.5775630967927 20.1981453237604 15.5187591472612 18.534401958964 17.6006255085195 18.8919185392189
TCGA-A2-A3XS 9.78632265876288 3 11.3112396922915 12.9224862772366 13.9995267291856 16.1817837381253 14.9605063462945 15.3155047021477 22.1878781729434 16.7043941992429 17.8516098354022 16.011236619582 18.7357643153801
TCGA-A2-A0CQ 13.8455591024688 3 15.3634396289725 12.3883991546771 12.5136481077048 16.8736435487598 18.1263380920352 15.3173628463228 20.4782679689493 16.2155519853479 17.7843223808572 17.0142136539128 19.8752047888265
TCGA-C8-A12Q 9.9812767130413 7.75170368011323 11.9915747439642 13.4774248278056 13.7208946423252 16.577596354187 17.8836102588561 14.7648957765021 20.7602974848035 16.4239311634973 17.7810561623596 17.5289282804748 18.8442846308623
TCGA-A8-A07Z 19.1485036487125 8.54509430571318 19.6201759186522 10.5913492146572 11.5109793961436 14.3369385494123 16.8470570970145 14.1812916266445 20.5723918254357 15.235927212756 18.2651347006569 16.4986647679962 19.2559117057841
TCGA-BH-A18U 10.4903829052924 7.0372811749747 13.8466938571297 16.7060189762662 14.721569182341 15.3603054107899 16.3441306041742 13.4060268142682 19.7178788039284 15.9747094909706 17.4698830059768 17.3642762461698 18.651429975899
TCGA-BH-A0C3 15.180294001982 9.01468057218772 17.2764898777744 15.7262263803338 16.3940677666113 17.7890922824399 17.6452589946288 16.3896425476515 19.6851259844106 16.2009415099514 18.0948693976512 17.6521523283434 18.5538133950554
TCGA-AC-A2BM 18.9472291575653 10.8720141379477 19.9395835831762 11.7334896162321 13.2752037600023 15.0670783352115 16.4055115695618 13.6658813005459 20.2296000252227 15.8643878010875 17.3459915187097 18.2798016723758 17.8571107340967
TCGA-EW-A1IY 13.132107874625 6.6823548236408 14.7130045339912 12.2699558513367 13.618330955493 16.9376265680186 17.4505180105275 14.5429938655087 20.7848826254353 16.6032714590217 17.48488980651 18.1955859123914 18.579080755411
TCGA-A8-A07G 12.5706971106002 6.04894598244961 15.0107237087776 13.8253626653019 13.380962799592 17.8655145662293 17.6551629655523 13.3761348755891 21.0741560365294 16.5665261957754 18.0764613067351 17.9154276597232 18.5883696323109
TCGA-A8-A09B 14.4819934331962 6.06982192633896 16.5005381465637 16.5509412681164 13.38362079145 16.3033849565563 17.2564594184889 14.6257855730938 21.2156824482322 16.437012706019 18.2343512536651 16.5678010894534 18.9444351903872
TCGA-BH-A1ET 15.3560140834 3 16.4556694741792 13.3973889665302 15.1874678743628 18.2790763733183 17.0135859021908 15.0557336991464 19.6041690771242 16.2993061140177 17.1040535825768 17.8797762038709 18.7003921126324
TCGA-A8-A08L 13.8776454558364 3 14.6051083285075 15.0694375954468 13.0331380753108 15.6025878995987 17.1033518853959 13.812379564713 21.8448741911621 15.3887850896341 18.1563497893293 17.114534698405 19.2210474978362
TCGA-AR-A24P 14.5280116510438 5.83965396915967 13.7125466522004 12.9081907485249 14.2601785664332 17.830661290372 17.6482565672854 14.2146104271138 20.3549191808963 16.1263991826578 16.9849385199704 17.945802340717 18.6480934274131
TCGA-AR-A2LH 9.4847464382365 3 11.7423827582403 14.9638794441861 13.8575066780036 17.1400967841015 16.618428105056 15.8562988608578 19.5250452969895 16.7814600039335 18.3389831352018 16.6774188474542 18.2931887433694
TCGA-A1-A0SP 8.96052393001074 14.9811271890961 11.5898926014164 11.7014213008694 13.6434430334706 14.9451865948472 15.418887359713 13.8034119042259 22.4265849157662 15.9985365512828 16.8518511029909 16.8688096866927 18.3394325858607
TCGA-AO-A0JL 8.71969533228336 3 12.6423976401831 12.1242206831965 13.5427856633351 16.2739689667458 15.7999831654145 14.9309048595462 19.9584577301467 17.0692275974292 18.345356288249 16.9119767228281 19.2601798357671
TCGA-AR-A2LE 11.3506471365498 10.4909742543537 14.2022591653164 13.6679786443997 13.5050984037389 17.5829666156782 15.8836445792142 15.0886055942968 19.4248392929354 16.0951490416731 18.2229656127265 17.7009506528939 18.0440676200539
TCGA-E2-A1IU 14.0888650791177 6.29273454905708 17.224165383156 15.9795037740648 14.1008932664596 17.0908629241981 16.4561786446733 14.8561803811981 19.4419322911457 16.2219398323077 17.3765503825389 17.2070643379354 18.489392614806
TCGA-BH-A18H 12.7119050005169 6.63276711151673 14.7687570513196 13.7586488965884 13.6485205239879 16.3319368004382 17.0848311688345 15.0001914075873 19.4785057850827 16.5902230501531 18.047120434462 17.2481927017857 18.4597888385948
TCGA-BH-A18P 12.0620982963338 3 14.3133536792395 15.6036295625849 14.3841149019849 16.7363793156701 17.9699516526166 15.3247662450523 20.2310556956296 16.045285572333 17.9459975609263 17.5301262363861 18.2961370926653
TCGA-BH-A0BP 9.43404438339698 8.09433375565996 13.2738535606379 16.6061448525896 14.0848244136113 17.4025178927199 16.6618962681072 15.2201593114798 21.1231040648757 16.8482382863218 18.830545510459 16.8635557740168 18.9903893520834
TCGA-A8-A06Z 13.3918184016986 3 15.156731492318 17.8843066266533 12.0830251150154 16.0902067609642 13.3581693484258 13.335690649472 17.6026433064681 15.7415751025653 18.2033365002917 17.7201591844884 18.5163287480956
TCGA-A8-A07L 13.2773929406523 3 13.5058658360109 16.1009246120191 13.5517722448563 18.0003682216732 16.2041756253524 13.6774733930653 19.6617187977448 16.6636019824759 19.3958850730271 17.8539854709407 17.2915552259595
TCGA-B6-A0IH 11.8513928521553 10.6153838280283 14.065963285875 15.7683038083314 14.6016310067446 17.5905825242504 17.8400926785233 16.1297601608944 20.0925388994228 16.5951058322357 17.4645284080564 17.3164853202862 18.7727795339604
TCGA-A8-A09D 11.9757334773102 6.2727904553574 12.4089510714805 18.1698399472557 14.8636564953727 17.6647107514422 16.8244645624746 14.52472476634 20.8652798845052 16.4671684410773 18.4604919622309 17.1560403218567 19.0675637956271
TCGA-GM-A2D9 13.7464542967222 7.07570841688076 16.9421687945127 15.259424472703 12.9207553385452 17.1724289651014 16.0844203611571 15.6753717307672 19.996889392746 16.7504991913834 18.5745597685697 17.1200613508945 19.2255430197386
TCGA-AO-A03V 13.5522710772051 7.13076843759541 14.1746994078593 14.4355189037536 12.8819605292738 16.201218457538 16.4783029621733 14.4648705002082 20.8062990066876 16.2424061055841 18.5734618804618 17.2902480011764 19.2296795475312
TCGA-A2-A0SU 12.9352077192592 3 15.6496590908551 14.031292032614 13.276864324427 16.4055903424455 16.9195959366801 14.8771148831478 21.6550789455237 16.8802123145568 17.9342902010074 16.8834113319374 18.8751136454294
TCGA-BH-A0BQ 12.5201043163373 3 15.600761468729 14.1817670747039 14.4643800657051 17.2245031635732 17.4857482072831 14.7196346487251 20.8953539037917 16.7446207732509 17.9399963583124 16.8252180941641 18.8432084198361
TCGA-A2-A1FW 9.22810864359947 7.72849230407397 12.4812171562984 15.6297860025323 14.6741146476407 17.311844036199 15.9255380727462 13.9061786844607 21.6292148145844 15.7952308775454 17.9252815642013 17.8795073592923 18.1277866736147
TCGA-A2-A3XZ 3 3 13.1925751384544 17.4919640862008 12.9758595906146 15.5508247479353 16.4766696993634 14.9765646706504 19.3026622976803 16.1462678556836 17.3001374887518 16.6788559211661 17.9264836764342
TCGA-A2-A0EM 15.0609397516116 3 15.5454316737211 15.7523141972045 12.5200132476217 16.8186887890846 16.8520261182202 14.3487738423748 21.0622622805812 16.0877910993533 17.4913420534472 17.3809054396927 18.6887241583907
TCGA-LL-A5YO 8.56041107501111 9.40326045529017 11.6515628375818 12.7614419630635 13.3803555264225 15.654110167682 16.312537505147 15.0614818005683 20.2438970821148 16.3630860997016 17.171053121995 16.6263356139899 18.1059803856122
TCGA-A7-A0CH 11.5177544296313 3 14.5838336995241 11.399464881212 12.1113720167109 17.0923926313778 17.1539204594653 15.1865077757125 20.3973535400474 15.7940988857875 17.5018231773226 17.5945339622498 18.5462676285769
TCGA-3C-AALJ 14.0234802986778 7.43965831289219 15.4609631723818 15.3754285140735 13.103032647331 15.5549456332927 16.0907511533 14.9298411112711 20.9074474947324 16.3326228855736 19.9880580674487 16.6918205976495 19.548062921584
TCGA-A2-A0ET 11.8199025974144 3 12.2201751780916 12.0692160127418 12.1986064391746 15.9712423182269 17.054802067197 13.8441127748786 20.0538720229081 15.5624262616215 16.8178408765516 17.1458424710173 18.7606986937632
TCGA-A8-A076 12.6769664202373 7.33817042997234 15.354406717793 16.1737800617837 14.4196972099171 15.0578837421382 16.6589180143112 13.5019623421233 19.4741476160729 16.0587472259652 18.0741577957884 17.5697186876942 18.4000940369107
TCGA-B6-A0IK 11.2553089386312 3 13.2003417981364 16.4528749877467 13.0313319130575 16.0556864534032 15.6606708678954 13.7221854985626 20.7415171713902 17.2580146157801 18.5423545369259 17.361180787213 18.5466372986948
TCGA-BH-A0BL 9.60803051280963 7.30241055440751 13.4253923828977 14.5984411765805 14.2009694172344 16.5887247691429 16.976402546686 14.5836156727215 20.8819571471279 16.9228244353348 17.9876943893297 17.7448334810425 18.3171431896629
TCGA-A2-A0D3 15.3981607826713 7.89649832713883 17.4119181019868 12.1214440951646 12.841960824893 15.6832656304728 14.917666461934 13.5097730778751 19.9826497285658 15.5344745990475 17.0470277110701 17.3363000213453 19.0094203112691
TCGA-A2-A4S1 3 10.3034674861633 11.7818364553139 11.8528446384422 16.0064580194196 15.015729081605 18.4502800243865 15.4279450532717 21.0982619172579 21.0941293701771 17.515311221331 17.0397381961428 19.0648845786001
TCGA-AC-A3TM 16.2688780221851 3 16.2744437613493 16.1498246436472 12.8179737249057 15.64109607549 16.687342008618 15.3412120392849 21.8879441060399 16.8018597732566 17.8332090943972 16.044300498114 19.034641768399
TCGA-AN-A0XP 10.8454467061203 3 14.957983287292 14.7723344173739 13.4473858136085 16.8759940030369 15.8997682235415 14.7073908161139 19.0391240267298 16.9526596249243 17.622353682932 17.2731850908806 18.7117042142658
TCGA-A7-A4SB 10.165411649801 3 14.8230782072968 14.1859154226133 14.6864579832202 16.8045561910499 16.7126846041014 16.6074162692007 19.9577355336729 16.2025566872793 18.7470899771154 17.3580458044239 18.6104723548317
TCGA-BH-A28O 10.4773878093712 6.11101585805525 13.1560352302354 17.4581127933288 14.5806274634634 18.4396658739883 17.4870468228104 16.5388576546459 19.8784054820062 18.5298225607839 17.5909900240372 16.9304463055295 18.4039388681495
TCGA-E9-A22B 13.3603311405507 6.89421697823782 10.5083592929915 14.3953655426799 14.2686422830528 17.6118901531517 16.0631274677718 14.0162021141454 21.0986147145321 17.5555256571584 19.0207124842277 17.2454478462605 18.2810781443063
TCGA-A8-A0A6 12.1712939224235 6.63837036909842 13.4179400085364 14.6990520117646 13.3531627080437 17.6990274364709 16.9135262525763 14.4653348489654 20.4657882482072 16.408332727141 17.1736361054691 17.7297722535644 18.7703427747862
TCGA-AR-A1AU 16.1113602078849 3 16.0548310907947 14.4684426916324 14.8488433064832 17.4584678362522 17.1286520320129 15.5192220638907 21.0458454219253 16.2126235007343 18.6903783052313 17.0794145204215 18.9120360507949
TCGA-C8-A8HP 10.6946728332636 3 12.0982937147868 17.6281860936993 11.7334929486566 14.654686724205 16.8469432012662 15.2694217097974 20.6248836417022 16.6600268854225 17.8690323784188 16.7574204050828 18.8453090829904
TCGA-A8-A075 11.279233616563 6.17161631424199 15.0913447601948 12.25058438895 12.6598111848591 14.829265428032 17.1884090948122 13.6695985234868 19.6660774405374 16.2228536069666 18.3947198585786 17.7579281365684 18.8601126845346
TCGA-A2-A0D0 9.23951907775959 3 11.4947662186531 11.1271128514312 10.0109005511071 14.4600879208415 15.0132146162708 12.227793951771 19.1458472130784 16.0491997023165 18.5288059046344 18.8394589527087 18.9211739015191
TCGA-BH-A0DS 11.8124892531207 6.52975015434274 12.2077131437138 16.2123182588395 14.6279249196247 16.7100081462622 16.8343894280404 14.9797812320271 20.6528642101756 16.2136625412776 17.6324946146811 16.9495215698929 18.637428079244
TCGA-A2-A04Y 11.6832019420145 7.78233868513822 14.3012204758096 17.5552075908972 13.4779947005497 17.9707076336131 15.1342713714547 14.9456692299894 19.1404253987876 17.2045771747286 18.3089159262601 17.3266490710467 19.4199327520911
TCGA-A7-A26G 9.78936408431765 8.98595791306592 11.4943381745763 12.6729500623821 14.0520096779505 17.2792219474116 18.1634494949128 14.2199941196227 19.6677719787401 15.8962316393284 17.767055003491 18.0181392256383 18.8983840224909
TCGA-AC-A23H 8.67757867532461 3 10.1925072448684 16.4284048176554 11.6337558525644 14.9228697996418 18.4697843167753 12.7554061600176 20.3695812720716 16.5945255268198 19.2304824730854 17.6508386384478 18.8343597745789
TCGA-AR-A5QQ 3 8.52429481526872 9.40896775410553 11.8990397501085 11.9038138626273 14.1657253354552 16.3979159917669 14.2266515081432 19.8614690803825 17.765456465532 18.1856757922541 16.5921950877334 18.3388973752329
TCGA-BH-A0E0 10.3819961851801 3 11.9098215230803 11.5894177234011 12.1552265096176 15.4290634170468 13.7328120545435 13.741821774187 19.3133945659245 16.0945769258524 16.5574470942616 16.3409763589379 18.5514031287478
TCGA-E2-A1IN 12.0177304984852 3 14.3473622717224 12.2637329648113 14.0992322317139 17.8181732233352 17.6902702856613 13.6247032946721 20.7690209892803 16.966698301457 18.4479776099318 17.249459162599 18.4908613245553
TCGA-E2-A1IO 12.6567053103763 3 14.8933380953399 17.7105750959821 14.6153219228113 17.5081575635998 17.5164625148798 14.6705893989562 21.5435129870492 16.7300453666975 17.8085229120415 17.3343305911018 18.579654851447
TCGA-BH-A0C1 14.3238965477318 7.91347064207214 18.2798104745842 16.0173119895628 13.2283832715813 16.1757502172131 17.7362013814873 14.7928508400148 19.8456895428539 15.686309766074 18.0400324634795 17.3233802641804 18.7381890060536
TCGA-E2-A106 17.1075747631903 11.6033111833081 18.469500901806 13.8761627835371 11.8183476381054 17.2107673784431 14.3610491237579 14.3795979561294 21.2054739618589 16.5297901338371 19.1868864137842 17.0702790056961 19.0042833874599
TCGA-AR-A5QN 13.120485366342 8.90324005845096 13.7989271009943 15.0662117600055 13.9123666207409 17.3871155061326 17.3787729387413 15.6575347362528 20.361704251289 16.4011593659344 18.1329558976848 16.9904040709506 17.9921363420443
TCGA-AR-A254 7.61341189166179 5.82238636937704 14.7310141629594 17.4565172125178 13.7928536300084 15.9510699088104 17.1859482107344 13.6825840575221 20.226001373333 15.372779031239 17.3524635297717 17.4146748947465 18.9482454641351
TCGA-B6-A0RU 3 11.3836058328826 11.5904365256518 14.2210540094514 14.1100570007187 17.8954203593342 16.9083198368214 14.2164266595313 20.8992400300152 17.7007879524342 18.7967209358326 16.7118096094635 19.114691873718
TCGA-A2-A3XY 7.51040991387815 5.73053103857549 11.9207561530533 15.1822896749195 12.7627663789782 15.7835462022413 16.2250670020418 15.7248865350436 21.5600333137713 18.8370268389723 19.3208298290119 17.0049234070136 18.4636107199039
TCGA-BH-A0AV 8.86715068207666 9.08283626380971 10.9664600514746 13.3243510528699 12.9158689928092 16.0988171672382 17.789673785792 14.4861607031876 21.2452784554046 17.0457356098278 20.3900896495189 17.6580464662064 18.3591374240733
TCGA-A1-A0SG 14.0086000402384 6.16198002456202 14.2128818056494 15.1403183652119 13.859463606524 16.8618434182502 16.615090244454 14.2932481770371 20.2737513814959 16.5062165936939 18.655877006047 17.0738328370194 18.9032900192521
TCGA-AC-A5EH 8.19134957720749 7.83691028527915 13.3104403590753 12.6397327898832 12.5648623437298 17.0164762804712 17.1357030736157 12.955364026316 20.8807145257327 16.6206189072779 18.1481296165371 16.9040435924735 18.6568134350044
TCGA-C8-A138 13.8314559649201 8.04967275654147 12.965068071859 13.6548632187518 13.4444228011189 16.759680738529 16.4397742015827 15.1839853269944 20.4186883625968 17.4769423757714 18.2956260643033 17.004400635865 18.8957795961918
TCGA-AR-A251 7.94640051443318 6.12386933329847 11.1005627636281 13.3119882930687 12.8335944786432 15.098193637125 16.1320082978641 14.6074641784659 20.4059872041849 16.2968698972738 16.9209527193161 17.8169048649462 18.30163428977
TCGA-A2-A0EX 14.2275019080027 7.3703643772991 17.7451025409158 13.6024461697201 15.8000244738831 18.0739024491675 17.6754448747428 14.1298212009478 21.0398648534581 16.4970458428068 17.5160373209206 16.9793036816093 18.4984498858179
TCGA-AC-A62X 3 3 11.6157831935316 11.438566490471 13.2774514594033 15.4710164690072 17.8246383702558 13.8289250260625 21.1087888197103 15.912655974457 17.6719280119973 16.9528200266278 18.2048571313396
TCGA-GM-A2DI 15.2012775269058 7.22119722495073 16.0964292090227 16.5206914879068 15.0096730486345 17.2243537002818 17.4325674782468 15.1233930912636 20.843138266243 16.3539262923445 18.7898648004934 17.5920205700537 18.8732939961642
TCGA-D8-A1J9 9.44404000354425 6.60072851447738 12.1857437818541 11.7390252684557 13.5999941814714 17.4203263709082 18.2166585975964 13.3220427434059 20.1989583479397 16.1899314502658 18.3315374738887 17.5841386646721 18.1603202835523
TCGA-A2-A0EU 14.98344989657 3 16.3395155764181 12.7538774918432 12.7733937602641 16.8963010326865 16.6171688859913 13.6481915754621 20.9509175651103 16.5932961626769 17.7531640667836 17.4174900749212 18.8185680954989
TCGA-BH-AB28 9.10806068991839 3 12.8950246202416 14.1290713867298 14.62171057649 16.2208329639625 16.7378129827667 15.2981017597013 18.9759754007026 16.2896572245388 17.8485331682185 16.8130388826223 18.2641430413506
TCGA-AN-A0AS 11.099798473493 10.0478082724323 14.3447896889629 11.2907321708757 13.6996839430524 16.0238382541371 18.0894022153699 12.9126704161931 20.2478891797032 17.3554415146149 18.328449242296 17.4855075972079 18.225790166728
TCGA-A1-A0SI 11.7174105589641 3 12.7466568551994 13.1530131884487 14.2138515533068 18.0947460660512 18.0060993219988 13.9369902916981 20.303756127433 15.8419127207169 18.1443734947655 17.3616333070164 18.7828656067229
TCGA-BH-A0B9 8.84458775991587 6.42458184117874 13.3132509205643 11.1410634013451 12.120601908758 13.7782659575781 14.5312722468964 12.6880225516232 21.5241929508363 14.482103482782 15.627692733063 16.5571484895099 18.9622192345062
TCGA-A7-A5ZV 10.4216507230253 7.92576063938231 9.7898817508704 15.1145267654375 13.8714266036333 16.1449618849914 14.6546504303585 11.8703701885818 19.7151640974723 17.4857918967007 17.0869827534285 16.9072908621338 19.2135416085414
TCGA-BH-A0HP 12.2744777081022 7.84878815092787 13.2832403459122 17.629163477375 15.4494610650717 17.9262078550392 16.900327488786 15.0109605680902 19.3561677762579 17.2079864858426 17.599319978437 17.2816971227031 18.6665645839455
TCGA-B6-A408 13.7694349227639 6.04938616998687 13.2876638287695 12.8535952846811 13.715658353941 16.4071594021962 16.0233961631003 15.0749752169151 21.0938814470932 17.0078950888953 17.7784480721747 16.9978844609352 18.6274198309411
TCGA-A7-A3IY 16.3199583199109 7.02193277859607 17.5660221484651 12.2291767960414 12.7995216618895 16.2475635777125 17.008099738086 14.0336430680959 21.0618420624313 17.5070354938261 18.1759513935511 16.8905009729775 18.1660095593882
TCGA-E2-A570 18.0872505922524 3 18.756783594326 12.4386887499854 11.7781061454311 17.2735292418648 17.286888998512 15.0978891114372 20.9512715152346 16.5665536986132 18.0026452646254 17.2698212133196 18.7316174811066
TCGA-A1-A0SD 12.6558957310099 3 13.8951654553619 16.8603176871471 14.680274507643 17.3995731612454 16.2911312547695 15.4912953816878 20.311743641622 16.9345665918231 18.0196301409235 17.6183737621595 18.1516235209445
TCGA-S3-AA14 13.8548549739434 3 14.8926278172088 13.9396068472887 12.782644781196 16.8983483562219 17.4637329626937 15.4601495676086 19.7096665543207 16.6118078391035 18.125536273446 16.9549820435334 18.7237543434997
TCGA-A2-A4RX 3 8.37622404557915 13.3569285470719 14.2052127407655 12.3364561534328 16.726718218565 17.0502911427332 15.3085925790544 20.5540716478103 16.5660281375107 18.2214770830305 17.5732644462042 18.5886399883997
TCGA-Z7-A8R6 14.6974059304571 6.16222299052185 17.3127549665384 14.0976033541476 12.9555713137708 15.3990823791523 16.2488905001057 14.6160100910759 21.2548476807474 15.6011228395141 18.6334364796501 16.5034134947492 19.2407676279139
TCGA-A2-A0EW 14.0814370779465 7.5491416781825 14.5014252396455 17.4544245594909 15.0171045363621 18.051025295441 17.3564889963401 15.8550866530099 19.9438848936892 16.1766688588472 17.6398368907876 17.5641964972765 18.5697037199405
TCGA-C8-A12W 10.2382023942265 6.41942887489189 11.765431921505 15.1820645544162 14.1129761171001 17.868452941768 16.8361987116811 13.5218471963667 20.3645549189885 16.08783692655 20.3666075246264 16.9651141952988 18.1851986215511
TCGA-A2-A0CV 11.0484229545652 7.29326732714081 14.0718960228296 13.9544572798135 13.4170713309325 18.6676667789792 16.6116444620898 15.0358494175314 20.9298394110932 17.3435335808654 17.1684315007125 16.7963099655067 18.8271376818679
TCGA-A8-A09E 10.3978247549457 3 13.0172446153307 12.4274370508551 12.9524828300394 14.1467661467963 17.2497460494605 13.8153141423983 17.9614571893986 15.4398198674722 17.7199008235969 16.9681395133656 18.987161446926
TCGA-AR-A24N 15.5100873915448 5.87559680649486 16.9645273280253 11.0956866221452 13.0511075330495 16.2239074825958 17.8644357658123 14.2562886967543 19.5062258550411 15.92970242816 17.0126679003515 17.9525152913344 18.6162660684403
TCGA-BH-A0HA 15.9351137969428 8.68340478252751 17.4684910717647 12.6314434978529 14.8502379781049 17.8458230225445 16.8996622749675 14.8714480787499 21.454361944875 17.8559746351527 18.1935901385693 17.1319691869904 19.0823135188457
TCGA-A2-A0YC 15.9699781343368 3 17.6523285020055 13.3617796467665 15.2385942718448 17.0144324019922 17.6510706613332 14.5678462985169 20.0191019918168 16.1910151309937 17.896017551048 17.516710239889 18.8210129504736
TCGA-OL-A5RZ 9.55176877310999 8.61529198895604 13.4858501360276 15.1283554103948 12.0838771231097 14.8168199891413 16.0937241886224 14.199541014959 18.287595919004 15.4253271380253 18.0646194035779 16.503948856724 18.9802273021936
TCGA-A2-A0CR 15.4228789556438 7.35435400817088 14.3518041059024 14.9493286256879 13.8609374098548 16.7058660180345 17.3684313011711 16.3613990793739 21.63980562797 17.2481891554527 18.1101685655161 16.1747495595545 19.0469995268915
TCGA-OL-A5RX 14.5783999363499 6.30530503115433 16.0224469725133 14.9486278980273 11.9548671605984 17.0966980809213 16.3713366094804 15.7999758720524 20.98333822512 17.6515899168231 17.831345659333 16.7043774730756 18.6643530440923
TCGA-AC-A3TN 12.8657982913853 8.09826138353595 14.8620837978408 17.8425472262489 12.635455120818 16.7256476148832 16.3315326027676 14.627925291443 19.949423441541 16.5664176905538 18.2043143366156 16.2525877624674 18.5945363981481
TCGA-AQ-A04H 14.2298690534444 5.92726892519131 14.8524236485715 14.9202703132965 12.3437995991577 16.370384108 14.5566074550629 14.9513723455779 21.7279564326588 17.4433046790719 20.3244604218892 17.9109936149159 18.8387804616917
TCGA-AC-A6IX 12.373375790154 6.13532466082495 13.6161096355038 16.3276020254839 16.3089335113263 17.0957171048095 17.3782465745872 16.3360520147757 20.0794336449876 17.0454388745926 18.1867803751631 16.9782391432272 18.250863754981
TCGA-AR-A0U2 10.8737914101689 3 15.6408172310673 12.0087767297313 12.4790984096292 15.602718342841 14.9284168862716 14.1216922704277 20.5647288326643 16.1805937416898 19.3840267131964 18.103900272315 18.1071788799175
TCGA-AC-A3W6 13.9818249657577 6.32413671440358 16.7928666220139 15.3113221032187 15.7305346716497 17.4058226744394 17.1715549518473 16.7239820815304 20.3720000903618 17.166227944491 18.7433580263055 16.7103106289131 18.6481736068517
TCGA-A2-A0ES 13.9937781795022 9.98764275752832 15.1142468670123 16.553498666146 13.1930140726974 18.3453934795064 17.542731770848 14.9195026862381 20.6748402276344 16.6315810538478 17.9665804295215 17.3506242218875 18.4262439518092
TCGA-AO-A03U 9.3236010887297 3 11.4804476438856 12.0565861285368 12.8234066478258 16.8252308306825 16.9527275815533 14.3700017142976 19.9295598257334 16.6172765053159 18.2496191935597 17.3271277236535 18.7238723612762
TCGA-AN-A0AL 3 6.31482175405105 10.391857844732 11.3205994096815 13.2438389744184 15.7056092333591 17.7957883684192 15.0273908521846 20.0147229049136 18.0657073625693 18.6000453621893 17.4458014117297 19.0824036389451
TCGA-AR-A1AP 11.2530034630812 3 13.4832124739546 15.7912853509824 12.3517774252139 16.3765108753954 16.9110040829075 14.1378019809839 20.8055852540372 16.5493515786805 17.5223472576078 17.46718458768 18.4667233984725
TCGA-AC-A4ZE 10.8304362202083 3 13.1661927842922 17.1668218527881 15.5532317951788 17.7130584831392 14.7150072602981 16.1129742714524 19.1254421809677 15.999230267708 18.7192599575539 16.5243567099849 18.6267904574641
TCGA-E2-A15C 9.63326814611374 3 14.2307620374589 14.4164980134023 14.6105460850824 16.9133324065273 16.4696707283092 13.8664107506624 20.0226860193416 16.8279366768848 18.1354425553959 17.4086719494955 18.3844849973296
TCGA-B6-A1KI 14.4704548406067 5.84120424205909 13.3827259177178 17.2563763333245 13.4765298248908 18.7626040407811 15.6135666863317 15.1307353232509 19.2725887976696 17.596195187676 18.6447448243538 16.890994079749 18.6290981575826
TCGA-AR-A24T 10.3303902788423 7.43875292328473 15.385680399224 13.8528417350783 16.1770298970549 17.9306240051478 18.1071550784088 15.0447760009987 19.9663453796672 16.6621402137091 18.2995630356294 17.7934631972234 18.4485885322644
TCGA-AN-A0XR 8.21430273534008 3 14.9692940936394 11.2987346074217 12.678509443771 15.3935963158079 16.2394791326948 14.4570775856489 20.0075850583779 15.8885500008825 17.7435162802771 17.0704582141131 18.7542066831057
TCGA-AC-A62Y 15.8247158648531 6.3064044879497 19.7545718083049 12.9725526782168 13.0540734267377 19.3560255872676 16.5331924888693 14.9162339800679 20.5449816877641 16.7396098756562 17.4124279038322 17.3477454108925 18.6074218568105
TCGA-A2-A1FV 11.7908274886768 8.03355213378654 14.3082127905923 17.3252135655683 15.4676583857168 18.1667558073232 19.236585010375 14.8307208757132 20.330865858362 15.8020557533858 17.7908103751255 17.7738906766977 18.1179121368834
TCGA-B6-A0RT 9.30005263009662 7.40083919166587 13.2010141117219 14.1355819401247 14.3245962012039 16.7775071908789 16.6184913610993 15.221128437764 19.238592501763 16.7357188858397 16.6380793105774 17.3556299714848 18.3031660881874
TCGA-AN-A0FN 11.2696645532396 6.04159819151571 14.5619181514568 15.6098371468311 15.3400893174348 18.3144268780569 18.2738876422774 16.4177483416304 21.1872606338207 17.7267817376212 18.9712432977909 17.6802183751903 18.8083797756264
TCGA-A2-A25C 14.7506982225638 6.34867648456013 13.684741273176 12.6331899010831 13.4290372960722 17.2910742814446 17.0044227465904 14.9959113590335 19.9717671428766 16.3809497029925 17.6388967281245 17.6355795095278 18.594292427314
TCGA-BH-A1FG 8.02983022286452 9.50958033011251 11.5224053180432 16.8940396111235 13.8525948105537 15.3018180093108 17.0604325675763 13.5175968391939 19.3540336446121 15.8396076232348 17.9864218872448 17.298999520909 18.8466640358351
TCGA-BH-A18M 12.8869041786337 8.02542269842399 15.3229437499718 14.4542022731715 14.8484510336947 17.7606435662852 17.2942370492414 14.8274391811894 20.3256959686443 16.4856464789438 17.5969411345401 17.5713658889984 18.9716292544925
TCGA-AR-A24M 10.2342306791715 3 13.9363891897022 12.8071432600696 13.3021145772508 17.380223468791 17.0963935970615 13.7313209608299 20.1839088901797 16.5220580507335 17.5796397888585 17.7103083468414 18.4955526996079
TCGA-A2-A04T 3 11.8438454195159 12.4551647621755 13.3030239025656 12.2274605965231 14.2070267890763 16.5715080466645 12.8500903399034 20.5944198648794 16.2776955635965 17.1009842000062 17.1446689787108 18.5207839019265
TCGA-D8-A1XM 13.3628900085456 3 13.2399696170579 15.1882093693458 14.729653584851 16.7921477413003 17.4489191573208 14.0012118361208 21.0101071191961 15.8979938238358 17.8891023817284 17.7124601555167 18.7672219674735
TCGA-A2-A0YI 14.1639977587478 5.88353612255971 18.2021403119598 14.8142370550679 15.456950955853 17.2410117602789 17.2869260048215 15.0446770149449 20.0605067286737 16.1557139290841 17.6169840742643 17.6854093172316 18.4733948587747
TCGA-BH-A0HY 9.053259093638 7.16346046927092 12.7888908388974 17.4826605303322 12.2460789411998 16.5190603536258 18.7143547161554 14.2704322492125 21.0195505128387 16.1007286602548 18.1228484351255 17.0238562146185 18.694562260594
TCGA-A2-A04X 12.2071018931639 3 12.0040038238753 11.1445784544346 13.5699436946196 15.8050201354596 15.9572898181874 14.5727905611753 18.3606836052614 17.0531424481931 18.2626779316146 16.6386121635178 18.6728133054221
TCGA-A8-A0A9 12.8049834930405 3 17.3738269830778 11.612147639152 13.0527202296652 16.4780050984097 16.7662124002568 13.777364763689 20.9690320554913 16.3126069923044 17.6357734523999 17.0215126611015 18.6555291601711
TCGA-AN-A0XN 14.0265921070576 8.49283801463323 13.8840514304999 11.9119373637461 13.6768718344891 17.3051243661481 17.7725984413197 13.7113223037356 20.7413620309237 17.2966227512905 18.5220474471637 17.9904947321368 18.6990618865807
TCGA-D8-A1JF 11.2387471945038 5.90499230478298 12.6437348938142 11.2583837286851 15.1011274571487 17.2717665613295 16.5664139342629 12.9356704980219 19.0706850098266 15.898253235083 16.8774971437209 17.8010076101184 18.2375102915525
TCGA-GM-A2DK 12.3837653561974 7.41276421302111 14.5650809396223 16.4403081061519 13.1451780947853 17.0681272105347 17.0138111031798 15.9958766383504 21.2918148583473 17.1440142486051 19.2450562598063 17.0338055363801 19.0376683378633
TCGA-GM-A2DH 9.70093868820713 5.66236473176406 13.2689776288966 15.5051525181133 13.6563053118111 15.072255781231 17.3688598555126 13.8643172438899 21.4023530811037 15.0028608352026 16.8118783493127 17.7385793748853 18.6432129774911
TCGA-BH-A0BO 12.8103402936518 9.41554970205563 14.2526240312682 15.8435418948696 13.8807601170667 18.1433544658213 17.1619130737074 15.9836923017725 20.3568305825378 17.4880299166579 18.2561389108396 17.486919488775 18.3610520598907
TCGA-B6-A0WX 9.59385888689012 3 12.2666903974649 13.9974465131211 13.9278018983367 16.590661361815 17.0890309559412 14.0039608199821 21.2238536572561 17.7563380259436 17.6991453911608 17.1636487749993 19.0291612994664
TCGA-A1-A0SF 17.4575511965767 3 19.3774817637124 16.8607854673344 13.4611333403109 16.7088285096693 16.8404148011316 14.4730507691082 20.6558844594055 15.6750297995938 17.7476997379068 16.574481825525 18.8513806767865
TCGA-A2-A0CT 11.3655402193877 9.25943875042857 12.6010602376329 17.5903725648362 13.5076515333097 16.9105989600541 17.3144601432771 13.6058308724956 19.6759901407348 15.92767033639 18.1439624633553 16.8835571717692 18.1067929196453
TCGA-A2-A04Q 3 3 13.0552545083854 13.3831044908532 12.8692053954252 15.4357753216248 15.8009871043106 14.314231501455 19.3578986909026 17.3902106523533 17.3844986175558 17.0749600183121 18.6139061790783
TCGA-C8-A3M7 7.80335460438496 5.99355530639524 10.8753563585367 15.2557018779042 16.1625373139318 18.7271814945677 15.6504461809458 17.2723501123258 19.1037271727789 17.1447331277692 18.2482790968219 16.9080465449902 18.1037488731101
TCGA-AO-A0JG 3 5.90537927530277 13.3270267326555 15.1709007197532 14.5830959349153 18.1915831110817 16.5888179398034 15.5559291195469 20.9635535964541 16.6503101411431 18.0231730324702 17.6713952002421 18.5377452815986
TCGA-BH-A0BC 10.5006295929396 3 14.0438960179994 16.200424823447 14.8226095286693 17.501512982714 17.3146190484448 15.4016112104919 20.4034405752276 16.4637720874137 18.6044894692846 16.9692491134653 18.7216046178558
TCGA-B6-A0IQ 9.95659398982403 3 12.8949830773963 11.8429964948804 12.5418168594609 15.1094452026177 15.3262769230159 13.1853808346684 22.212459180947 15.7356555553354 16.1776236670661 16.7303745318665 19.0692587649324
TCGA-A2-A0EN 13.9568250555987 3 17.4393886205457 16.7770334218942 15.1782269428797 17.2304830802186 16.6284261290854 15.5150007707398 20.3143957683843 16.8053246360489 17.8025029570662 17.5267919257432 18.7157226504171
TCGA-AC-A2FO 11.5342295154118 6.16514258284465 14.9386673111865 17.8426020317538 16.3571489156589 18.0376647983243 17.8045816541644 16.0299884922454 19.842038619195 16.2311096719654 18.3612636902325 17.175934547095 18.1659602518798
TCGA-BH-A0B5 11.6621536937941 3 14.0228544007768 15.7693494079858 14.6607990094472 17.012474361524 16.1533118713522 14.7678937049862 20.5038995202717 16.112737772482 18.0447424929062 17.5587065846791 18.4560587240497
TCGA-5L-AAT0 14.2692153181043 7.75751600629907 17.1874960145596 14.9208366519242 13.5046764391806 17.2667303516258 17.6276853661036 15.1281005765813 21.155810652921 16.5960685823697 18.500138149113 16.8337419729863 18.7350509816081
TCGA-A7-A4SC 10.5754129593931 8.64617654465486 16.7013481336626 17.8465828065153 15.282951324442 17.9816712207367 16.3238879796471 16.3074464211133 18.9871421490679 16.5358992102749 17.840941831953 17.2009861836199 18.721956946801
TCGA-AC-A3BB 17.6565977447435 7.06344834766944 18.7153493731738 15.8856171979221 15.3716246381558 16.7541622772087 17.1689421802245 15.8668614384923 21.0021757257496 16.4811113203863 18.0594381757156 16.6180321851159 18.9045682877708
TCGA-AR-A1AY 3 6.14414131323974 13.0415422158202 12.0722011635879 12.8070333172224 15.0796732932058 15.5990354057838 13.1430895553841 21.6664919282209 15.9257834682834 16.8425113098636 16.9878229487911 19.136200886396
TCGA-A8-A06Q 11.9256387515122 5.74545751564864 15.9703731151038 12.3245741954364 13.9437825386966 15.1926809803077 14.7291958855426 11.6494606217854 17.7124193632161 13.8870921318315 16.9040873975583 17.0524040766093 18.7535674675405
TCGA-A2-A0T0 7.8809707667257 14.9003755916887 11.9525343330477 10.484543079299 11.4626241715127 14.7428771839939 16.3496900203593 12.9048668500279 21.9331769044676 16.3998158237957 17.1977672288122 16.233614026258 18.9277461294569
TCGA-A7-A4SA 13.9385378802637 3 16.7363033188357 18.8526762864108 14.291486455648 16.6619534497028 17.4177917371852 15.1744690308709 20.8803357552661 15.6792913960578 18.9535927452161 17.1270630463922 18.6435724012346
TCGA-A2-A3KC 11.7892154563287 7.97492826886718 13.8507447270151 15.8594540502943 14.6678653078345 17.6530180714957 16.8184134791299 16.537711614197 19.7599525030567 16.8146387420312 18.4977886241615 17.0701555994722 18.5350936915569
TCGA-BH-A0H0 13.917752403144 3 14.6634937513008 17.556396238774 13.1127204568332 16.6444980005535 18.2232197503705 15.0295883439634 18.6780256639604 15.4626106865256 18.2348863804199 17.4978561490975 17.3280452426202
TCGA-A8-A07O 3 3 12.6076232120694 12.439032230588 12.202022821223 14.5461240742538 16.5068387965086 14.1119621853596 20.246337809467 15.7370675796357 17.997672599928 17.9347140478593 17.646775535796
TCGA-A2-A25A 15.3705594859669 7.59305966781344 15.8876365320953 14.7134597234944 16.2052710455545 18.3869263326844 17.3144330519895 16.7599057577706 20.7816305255377 17.4563291327311 18.2082726527892 17.4574300778718 18.6431060462029
TCGA-LL-A441 11.4154222404819 6.7634337835295 13.1974563371926 14.4151351427859 13.6915097085617 16.1359146847405 16.8677264847572 15.8997894828085 20.8577044418507 16.3552262031867 16.9838351113488 17.2806299821669 18.2887563502822
TCGA-A2-A0YT 12.3590335487316 12.4462879437693 12.8571237323702 14.541044838746 13.9145630242298 16.8254910205421 15.4648150214879 15.0049518882452 20.2385854878849 16.1571553679028 18.9196145767365 17.6427122606415 18.8147257215127
TCGA-E2-A14U 12.3783116178742 3 14.3929587182406 15.7049286428715 10.7249451778678 17.4183584926784 15.6217079955952 15.3602097541115 20.8533651485144 17.4189144459245 17.9066131424139 16.4984453060568 18.6284444630817
TCGA-A8-A083 10.8459540073314 3 12.3753415434814 12.587455994369 11.8363272416647 16.0568570563439 17.6955408667938 13.6627838515807 19.2780375753383 16.2491050353393 17.4231699521116 17.138677887201 19.0237318485272
