X5473 X5196 X6403 X22915 X5265 X7042 X7043 X2 X7450 X5175 X5154 X351 X5155 X27154 X801
TCGA-BH-A0HW 8.79620627493218 3 12.0091602805438 10.8303232367216 14.4890092653543 13.514613735161 17.3279313892943 19.5846462418474 17.9982546771495 17.7924494599273 15.8730010441 22.1673539606094 20.0838928703009 18.2422130832483 19.8079095558819
TCGA-BH-A18S 10.9341267094736 10.1815829706422 14.5363074983882 13.7709071047189 19.8158757192793 14.7732775894864 18.1300104641248 19.8721681714061 17.7737317070481 17.7715001653311 15.9721521579235 21.9335204875073 17.7858311546198 18.6133936863259 19.0632019991675
TCGA-D8-A27E 3 9.9908555623169 15.8774133474089 13.4775488876578 19.9460822569361 14.6723128796645 19.3908776623031 20.8591293010029 18.1269402357267 18.2319727916782 16.2715779717999 21.9481386866255 17.3654876380546 18.0261744377477 20.1215868467701
TCGA-E2-A1IH 12.0515882877291 3 18.2896024248315 14.2509094877026 18.6312895846909 14.9161742562538 18.8361761458189 21.6742189095154 18.2019882574018 19.7186377720182 16.6803444331749 21.2700709421949 18.138964206621 17.9461131268931 19.9525023579274
TCGA-A8-A091 9.98173988139201 3 16.1535462504825 13.9752723678667 17.0918604315549 14.1183296696177 20.2404454352911 20.8631060094321 19.2629721818224 18.8236333948595 16.7160316493222 22.3009178460252 20.1624191244623 18.6994941626759 20.491519337285
TCGA-A2-A04W 3 9.9453359209681 14.1717850982547 12.603986081415 19.2220428078331 16.9034900592731 19.010317094902 21.9859473264592 17.9253718149543 18.3741636465338 16.4612103376547 22.8828795633649 18.1398317305305 16.5684790119379 20.3249905147091
TCGA-D8-A1X5 3 3 13.2769120583875 15.062443481461 17.8086231484489 15.3058547528572 17.9703441495016 20.9508939251854 18.2267954000603 18.6349928992174 16.2466644922092 19.6744325282486 17.0967602707767 18.0753661502711 20.2365488836515
TCGA-BH-A5J0 13.9115738647551 11.6982652112038 16.3417397051548 15.4155130976521 20.2805676904316 15.5943108521282 19.2801689753025 21.2816367928938 18.7324387720168 19.2885522667023 16.4705824525854 20.6239783560866 18.4815393606005 17.0559692267991 20.4457220175046
TCGA-A2-A1G1 9.65199657147196 3 14.1192001524856 13.652440368038 19.0652742519092 17.8087300274958 18.4605863999047 21.3889136087162 18.1723063366635 18.8793152064472 16.242391147592 22.9085428563305 17.7660915687337 16.9991817848966 20.1011583830785
TCGA-A8-A097 8.573591291039 8.81227531918131 15.2419026512118 14.1444694700059 18.9576265711986 17.2304596044593 18.5620105255995 20.9566133372042 18.3536344655643 18.7269129508589 16.7250263090982 21.2553141477801 18.7314530139285 17.8218259637687 19.6746756643904
TCGA-C8-A130 3 3 15.1122117359643 13.8154165339195 16.4792198637885 14.7743684963872 18.1732314128646 21.4638636681875 18.9260542633647 19.2057462928834 16.7601010048874 20.7535811378894 18.4476019312204 17.3123628916481 20.3660937969976
TCGA-A8-A0AD 10.9477030992986 3 13.2606743114364 12.787520795682 18.1517959786106 16.0685485610832 20.1964610189202 20.7049399671488 17.841923540453 18.7596023738164 15.7767490275024 22.1329411809543 17.9723569984787 18.4607938835626 19.6650003230071
TCGA-A2-A0YL 3 3 16.9112284399663 17.0015752564257 17.3307736369229 18.224421458387 19.1288598560336 22.2803445963573 19.0866293637698 19.4447263437439 17.1594101969269 22.4019726525306 17.772875965803 18.0013131059506 19.5861731652433
TCGA-A8-A09G 3 3 15.1435793787048 13.8493737141697 17.494813935225 12.8076772415114 17.2946599236395 20.8914356480007 18.7685343827355 18.6357863221716 15.2657772360087 22.4247612577892 17.8097518709602 18.4728959475399 20.2627500592258
TCGA-A2-A25E 3 3 14.7630715555839 15.5935802776998 16.8710438750726 14.3725613237604 18.4218573049018 21.0443005521454 17.4686870198479 18.505583907706 16.2428354045154 21.3914393169293 18.8006318000626 18.0880445365752 19.7726044896768
TCGA-LL-A73Y 9.98045726157454 9.23170802500014 16.7995194112294 12.931318769775 17.3216290699848 16.4229199129533 18.1707805491656 21.1211593504983 18.4426038878143 18.9234833557069 17.3279457848076 22.3919876451743 19.5134804895979 17.9719345237238 19.8654380842994
TCGA-AR-A1AK 3 3 17.2240933998303 16.9867168714329 19.1317990046442 15.3327067995217 18.6974062842729 22.0651993858 19.8430655331175 19.971849871553 16.4760358515997 21.4330186340164 18.0085995149941 17.5326139478662 19.5713693449748
TCGA-LL-A740 10.8178715952564 11.060273338309 14.9283440612912 13.2124177299624 17.8859049167003 17.095422511914 18.4125173286 20.9222479670784 18.1898532397195 18.7989461317586 17.3230310765196 21.6150119338875 18.6347521760891 17.5913901842053 20.1788145643735
TCGA-A7-A425 10.6230689606361 10.2834547509991 16.1969820588991 15.7696877285987 17.9263279464492 13.4309052745147 18.2339867675433 20.9981870609062 19.7915867596486 19.289202685981 16.3420877675697 20.5871907577256 18.1724404706472 18.1287209968098 19.2354793129539
TCGA-AN-A0XO 3 8.98858103240754 10.7636544850103 11.5081355254321 19.8410843916697 17.3877351003373 18.0348621101605 21.0135732389332 18.2803749454052 17.7516140204269 16.7481416212631 22.6692886561504 17.9008774671938 18.1783693497758 19.8554745057299
TCGA-AC-A3W7 10.2971909914762 3 16.1557532386269 14.6431367610348 19.6329365516723 16.8904576459349 19.1718693097366 20.8762736583386 18.6909180862379 18.558108627192 16.8635157903711 21.7792399467003 17.9189966308667 18.661496243884 19.4184787970421
TCGA-BH-A0H5 3 3 17.0830174553046 14.5951409848856 20.0966237289123 15.6185345753671 18.2498964314268 21.3483499251545 19.2247109151839 19.6598125626349 15.8084800782531 21.428136163544 17.4335980057387 17.8475290755922 19.6417070595003
TCGA-C8-A1HL 11.2045150134562 3 14.9860088124701 14.8538815092041 16.3111458868833 14.2582583266553 17.7799973338119 22.093684544061 18.9435622868291 19.9687172632981 17.6076738622403 21.4372204087651 18.7382319122991 18.2231846072871 21.2947088535627
TCGA-A2-A0YF 10.2203836030155 3 14.6243615314444 14.1065961537076 18.9752469786474 14.0443465801683 16.9008859980268 21.4997488081487 18.0048547313143 19.2110171555992 15.7214791950331 21.0291357183451 18.0698587297607 18.2479666598169 20.0673688514616
TCGA-E2-A15J 3 3 12.2055699147747 10.4852590533366 20.0922710663769 15.589569015529 18.4181000688201 19.6807331366887 17.3031918238416 17.4373879200651 15.9324371935282 21.8078922747815 17.5404985646571 18.4909741379981 18.7874192862667
TCGA-BH-A0BW 9.99450071557706 9.24567558241126 13.9634393707935 12.0621740959143 21.1239561797125 17.0487748871207 16.5254364248447 23.3364502564876 17.5979394377711 18.2767618640362 16.4902177334695 23.3324932068115 17.7160887833753 19.0034441230549 19.2659075167557
TCGA-A1-A0SJ 12.2505058398203 3 16.0834862363017 17.852466130565 18.1623689546246 15.115394437216 16.9804114096519 21.8786149691591 19.477163117279 19.8551127238786 16.806482235425 23.1089707287237 18.6550398220397 17.3186556647454 20.883440922299
TCGA-A2-A0EY 10.0243328290737 10.8478406931963 16.2259920746742 14.5872755259157 17.8203948188003 16.3356864560304 17.3960413772345 20.3270808269961 18.8914479729071 18.789668539495 14.8025971198061 21.0958759574007 17.7442180194982 18.0261521148868 19.4569839589758
TCGA-A8-A07R 3 3 9.85144685002429 10.0390823225958 17.3975816681546 16.7310617427795 15.0924087239671 20.5307738766758 17.2944985094626 17.4335064371556 15.2810493409471 21.6478544850968 17.8416726280216 17.0296074938224 19.9357023957624
TCGA-BH-A18G 3 10.2401622810275 3 3 15.8284217794898 14.9069159254996 17.3433710574906 19.405248714692 16.4275729409004 16.8625840907559 17.2013701094684 22.7258147608319 17.7532762132952 16.7351113425298 20.618538615852
TCGA-BH-A0BR 10.8904275036533 3 15.2651186020184 14.5874233439675 20.0366181134989 16.3378945025934 18.5251965340129 21.5178017866004 19.0536603913639 19.4413215978625 16.6043943350741 22.5154581837953 18.0213078367865 17.75280281405 20.1182711064636
TCGA-A8-A06N 11.8066643273692 9.60232716835793 10.7075699632764 12.8993274756079 15.9709087702202 12.9145180424185 17.1321110584505 18.9449527150679 17.2847425010081 17.2800781791237 14.3655310696567 21.6399690206221 18.7902993430601 18.757824840187 20.2102928048373
TCGA-AO-A03M 9.64905081758075 9.89021212359982 16.00934481572 15.8448456473188 17.7106116498271 15.4899206293711 18.1295946685227 21.0073318031505 18.7219326146664 19.0018230178031 16.8720431232377 21.3827072319951 19.349839911488 17.8442696471486 20.3919522624626
TCGA-A8-A09X 3 10.4871029249619 15.6731672003701 13.8061129925945 18.2931909645872 13.7363810131562 17.6514198098155 21.899722818322 18.4995185648847 19.5544433799054 16.4022373867429 21.3087544053636 17.5505486749649 18.1270572332212 20.5518614110692
TCGA-E2-A1LS 9.56055472797366 9.80157463088506 13.7017867643762 10.6936002525531 15.5428622122644 16.8023608051697 15.458049378214 21.4433849605722 16.2895648627348 17.9718842305434 16.7593930168521 25.0005181835954 17.0540542085437 17.5880315708181 19.3927130610336
TCGA-AC-A5XS 3 10.6599485412069 16.5124832220802 16.0578593232876 19.2470057541476 13.4684744951557 17.9822627653876 21.2198986483314 19.4610605727888 19.6018752825018 16.3150439740775 20.9156125366169 18.2335075040016 17.8235869845617 19.9804263201704
TCGA-AC-A23E 8.81311254452682 3 9.68403430439954 12.8539716888301 19.0838614058945 15.3544017139024 19.1217281674643 21.3340620586336 18.5440458612484 19.0937962050053 16.98372979892 22.2370355084655 17.9477140731012 18.1511454866675 19.9199345783104
TCGA-A8-A06Y 3 3 14.2847888810429 11.3794971824879 22.9716467082711 16.2143856913547 16.1930405350467 20.0316303513695 18.5164115586938 17.8728242364339 15.9969222119558 22.2241478795346 16.8775635060624 18.0871440783011 20.6926657146222
TCGA-BH-A0H3 9.82827633507087 10.0696987304443 17.4494740721055 17.2210541737353 17.5942543716082 17.5470058324399 19.4416600341459 21.9232094782297 18.9990345934752 19.6302688077641 16.8037023055768 22.5351191943043 17.6890198487294 18.2112891116763 19.6763532417929
TCGA-AR-A2LJ 3 10.5432286987815 16.0845176175639 15.9179805202844 18.4513934251812 14.2186337993247 20.1826361056805 21.8588958888195 19.0355217007129 19.2732541161768 16.4218778451092 21.1464434971342 17.7978949218036 16.7650092701695 19.5678380626708
TCGA-A8-A06U 3 3 13.9734968711383 13.3465406060469 19.9763846726406 15.2487998077611 16.8593481542125 20.3768569554992 17.6931485490211 18.2662823491878 15.8201593015092 20.7385687594261 16.8925655959527 18.1142956983405 19.5561437885511
TCGA-D8-A1X6 3 3 13.2165637493643 11.9247815498175 19.6762587652469 13.2069315532572 18.2235885356425 20.4912436233717 17.1152053976554 18.3142048106411 15.1569332072174 20.8897970048146 17.9240034534215 17.5218268242332 19.8590922735331
TCGA-A7-A6VY 11.2991255534883 3 11.3901443842014 10.206300250297 19.2449515758743 16.2232712114139 16.7377625965102 21.3865431968733 17.5975014760736 18.2818219447831 17.6700389154478 22.7439305967144 17.6597135487692 17.5715391981434 19.550748418252
TCGA-E2-A15O 9.22430844927085 3 14.8428754939948 11.0715725896189 17.9754300318808 13.9640973715169 16.9259292498284 20.1676560897265 17.6209792861903 17.8538634599462 16.3150382896272 21.5374333030529 16.9835471232778 18.0691064468644 20.0188821645735
TCGA-A2-A0CY 3 3 3 8.49005260822351 19.1148020021353 11.7281210915561 14.70355069498 20.5578832389705 17.7069218170791 17.7539009249683 15.1519028452227 22.6009700876558 20.3144067968674 17.1457019150979 19.4441836612783
TCGA-OL-A6VO 3 3 13.5728143952141 11.6583048318854 17.1510654052155 19.3865793537501 16.0872037328342 18.7837675608281 17.2989867431399 17.5029172421616 14.6440139499673 21.0607477485617 16.4462588767367 16.5879914046605 19.9239858528318
TCGA-A2-A0CL 10.0164213303592 9.26747918814635 16.491287185927 16.1119284319993 18.596414824352 14.3857551421239 18.8494001624853 21.9180238832429 19.811277570605 19.7983371619185 16.4279236413577 20.8918768157304 18.7336346968273 17.7062667517126 19.7448449056397
TCGA-AR-A0TQ 3 3 16.1096403470182 12.7659130891857 16.6883294401385 14.533318919603 18.6380746865976 21.2516744030578 19.103446556312 19.0407977046174 15.9742630571476 21.9359025501213 19.9801696006553 18.2115153340691 20.3191151321874
TCGA-E2-A573 12.9381773536187 9.49573709430218 13.9721405964392 12.1257041144395 18.1999948863441 14.1628453715147 16.4597321324743 22.0969797115334 17.2661162827257 18.4432268124847 16.4370448813521 22.2326441193269 17.7069523738586 17.7596200099292 19.7760657603883
TCGA-A2-A0CW 3 3 14.6283763336356 11.8317837613757 16.8852118678858 13.0626784135747 17.1722474420803 19.9826715442607 17.6802385764661 18.0255776620082 16.3452367967385 20.4389206511542 18.8912066740465 18.5036355357394 19.6365097798822
TCGA-AC-A3EH 3 3 14.9929187508239 13.1745236935926 17.146357058419 17.176028015869 18.9433868696014 20.4147505400914 18.7993003439605 17.9451861094823 15.5767905530826 22.5336407588473 17.8953613446699 18.5238964583249 19.6091110193218
TCGA-A2-A3XX 9.0092436979092 9.24915699952773 14.183894027499 12.2717872124055 17.5674756610575 16.8944835395799 16.4238761393995 21.215000992397 17.540168212438 18.0281523732144 16.2405380465419 23.6487698920915 17.7034105240429 17.3666313791834 19.4170235752294
TCGA-AO-A1KQ 10.4818654904531 3 13.9287675622796 12.2849371229134 18.3470544793906 13.8545328621574 17.4962758150486 19.9329204581442 17.0383509024703 17.9265057468517 15.6195522477613 21.631168021807 18.4710202076639 17.2785754906617 20.0512055041684
TCGA-BH-A0HN 3 3 14.1394077897533 11.4964340760595 18.9560758637437 12.7776911938291 19.629146001975 19.3498396615263 17.5958176917911 17.1919203811109 16.3308985466073 20.920244666947 16.9031593657736 17.4447370268691 19.7670421533723
TCGA-AR-A1AR 11.4793795613767 8.74586413832014 15.5913655294684 12.9570114108029 18.0000879634614 14.5187696729387 16.4242008878154 20.9755494876756 18.3472400364939 19.1098887963999 15.5473075989812 22.2271320137057 16.7851008849732 17.4506717320123 20.1468398468278
TCGA-AO-A0JD 9.12981530488301 3 13.8887028957503 12.7039169689054 19.4102101035692 16.9702623365654 17.8808986616933 19.9385161685978 17.3639044269053 17.7163863836841 15.4575735592623 21.1720192580388 16.3158755740585 18.1068299089302 20.5286485062345
TCGA-A7-A0CG 14.377609884758 12.1823749641668 17.416587662778 15.8610164559252 18.1344135866703 15.526099979149 18.8260404437689 21.973248692722 19.3943718498311 19.9928622602904 16.5861670184811 22.043948090123 17.2963530235879 18.1831582775468 19.9042487730672
TCGA-A2-A0T4 12.0680413362099 10.730591682832 17.5397507899336 14.8015419611145 18.4292838914163 14.811861407742 19.6520789318921 21.77573113818 19.4092004817116 19.7104278354546 16.4568005034076 21.7783944576602 17.7018901914459 17.1135303552624 20.3209127011912
TCGA-B6-A400 18.7804078141347 9.9679133298718 14.0774553947085 11.878503706008 19.8372259629331 17.3635265035756 17.3271338160849 24.2399189995747 16.7248664782023 17.8079317505468 17.9650827870971 22.0069100183344 19.2474934874774 17.4637238489639 19.6202466705065
TCGA-E2-A576 10.4581771640604 3 15.6427434730778 11.864562747502 16.6210758891177 12.461141396772 18.0667834446193 20.6454159416306 18.0144860488407 17.744432700069 16.3177884639578 20.452336457782 17.4256012942683 16.7185250270858 20.0536032830871
TCGA-BH-A0WA 11.2910126670344 3 14.371290895735 11.4149843844723 17.5051556570905 15.8572951556804 16.7228539374382 22.555111270716 17.3048063100252 18.1716632766312 16.9169685784388 23.4063285698653 19.3642090447427 18.3479065829743 19.5932896117636
TCGA-A1-A0SN 9.90518169243813 9.15685204013131 15.1798407629817 13.981194180935 19.6818069151005 15.2685511986067 18.9777741068357 20.9405624900922 18.6678195539163 18.7665730075031 16.0888316309037 21.329448250793 17.5987138183535 18.4004432345754 20.0265217599383
TCGA-A2-A0T3 8.84160168303783 9.08108542171108 15.2052723624268 14.5883295392649 17.3523852572889 15.2060943911258 18.0371419061755 20.8867135244847 18.3483992692607 18.5381581634268 16.4261138978065 22.138013186874 18.0780339556155 16.975527950589 20.0230206832786
TCGA-BH-A0AZ 10.4784052946382 3 15.7906145515433 14.6227449666636 18.0483308318835 15.4193800232277 19.9494586047653 22.2894869322733 19.3602924080079 19.8420245849004 17.3696284068506 22.3279809287564 18.5830153674516 17.8170797131779 19.8618005264811
TCGA-A7-A4SE 15.7344456266558 12.2795122230215 15.2829247292287 14.0884197352685 16.8741860556423 18.5114171724187 17.7456183696649 22.1428694207662 19.0112997961327 18.5181880343626 16.9159826362294 22.2124186496037 20.1052896018333 18.9403513573103 19.4848380604999
TCGA-AQ-A1H2 3 8.83705786569292 11.4550324605867 10.3857055420293 19.6556275464708 13.2283627723799 18.6642480606216 19.677508337133 17.2980813421934 17.6247584146649 17.1729437799356 21.3789750973632 17.7123137941856 18.1789309967912 19.985588951069
TCGA-A2-A1G6 12.2086622954288 3 17.2906408745319 16.1839643854354 21.7707777365201 17.0106752886538 17.6411713147601 22.1109886308134 18.6884096047571 19.3670397087544 18.6577746874213 22.2557367776719 17.7078098056651 17.9779732318508 19.4210359002865
TCGA-A7-A13H 8.85572157314583 3 15.6933439878665 15.7612785119985 18.5948453960094 17.1517577952461 18.8532583187331 21.4599244713227 18.7137837272093 18.958357635498 16.8217008895566 21.858442328029 17.6595471831689 17.958968367451 19.1487092439129
TCGA-B6-A0IP 3 3 15.9260312459729 13.7016855200288 18.3658546527736 18.5092030970143 18.0193823670353 20.2524942833618 17.8617270086046 18.4142182564707 16.1858028139971 22.4283755169668 17.750849759884 18.1224777813981 19.2638591678243
TCGA-A2-A0CZ 9.44161182227191 3 16.1265517158722 14.6936351556686 18.0350840883903 17.0139194808417 19.5773714527069 21.6696873365741 19.6627852478136 19.5838271072514 17.4497806999576 22.3620333669226 18.7666670075201 17.8858891236452 20.0638426298698
TCGA-AR-A2LK 8.77024892604132 9.00953409112352 13.7880912669626 12.486046733415 18.6847750790251 14.8288200595004 17.7733105938947 20.4934312542605 17.3258545671682 18.1998960633704 15.3561486823548 21.4637238532768 17.2976377885436 17.8145212566336 19.9861715440832
TCGA-A8-A06R 3 3 10.3755046982088 13.3238009448443 17.9990875401187 16.3547663404413 17.4065156456056 21.3559367106215 18.8214915287411 19.2393048222041 16.9579513211046 20.7658936258081 18.8022803801576 17.5366492449077 20.0466046971514
TCGA-AC-A3YJ 11.1131928064765 9.77959686961576 14.1433272738322 12.0060468989943 22.17774281507 13.8843899947906 16.6202933787666 20.7560166127001 17.6433868126558 17.8259351772626 16.0942562590952 20.6463689554855 17.670029331749 17.3053139589585 19.7214618271944
TCGA-5T-A9QA 3 3 8.46548712286545 9.37607282986592 14.684222790368 16.3846977710386 19.8893577426982 19.2046515471672 16.2336144435563 17.4334343306701 14.6745234108124 20.6389828768632 18.3805655667079 17.8396678628154 19.6145097308273
TCGA-A2-A0CM 9.3844397146466 9.62515099443143 13.6954347826762 11.7098811114182 17.7171143182531 15.1369350197257 16.7039350563472 20.435417655925 17.5434264720002 18.6209443374254 16.2391629143082 21.6074071787663 17.3898851082227 16.8214345584987 20.2624608041704
TCGA-A2-A0D2 3 3 15.9733842666009 15.2892228330196 17.4963049646886 16.5510362495247 16.8354612425334 22.7105444077679 18.9213282168673 18.8317349593489 15.6022526580224 22.7351274398034 18.8859988907609 17.8972782980978 19.7552548883781
TCGA-A2-A4RW 3 3 15.9884409697484 14.3647507424294 17.508893793168 14.9922722188059 19.5875792059293 21.272167971698 19.082143868575 18.7598950044722 16.8436478652263 22.1448300049195 18.6185408791149 18.513512470885 19.9240568305604
TCGA-A8-A095 3 3 15.5254107291144 15.4668572217272 21.1354153221898 17.7326524040826 17.857672112074 20.6998239561394 18.8045682894101 18.7776985280521 15.2752251803569 21.7268631743347 17.1269960217745 18.2632537874665 19.777562601778
TCGA-A8-A09R 8.7155650257547 8.95469119850757 12.1036981955535 10.8356009101678 17.8640076503012 14.7312163696965 17.5656802207812 20.7687813692613 17.9882468875977 18.4347559276434 15.6263634798958 21.3297444020247 18.8067439286948 18.1853064563528 19.8882310720092
TCGA-A2-A1FX 10.5483956857842 8.81000977981645 16.5687245173405 13.6616110532037 17.6441005486645 15.3592168657699 19.1826579851298 21.5989910338193 19.4661656663514 18.6299054418066 16.2956894328899 21.0948077051604 18.4652709565168 18.4881248833857 19.977598856208
TCGA-A2-A0T6 9.78953941899604 3 16.5432737052622 14.3188066051508 17.3126043654772 17.5934398550706 19.7237025790664 21.1560962661163 18.8276377988736 19.1980771449415 16.34504223837 22.6408223330787 17.5183902888726 17.8592316309259 19.7540726561043
TCGA-E2-A15F 3 3 16.5759082051926 14.8648842057903 18.1224774278156 15.8874851477576 18.0839997706628 20.2471238458887 18.2830347278303 17.8816216970035 16.3566442921166 21.736988017134 17.5247932118021 17.2387493168087 19.4087650296075
TCGA-A7-A3IZ 3 9.23068833240183 14.9618741427004 12.9658742244303 16.81183466603 16.2600930072999 18.8350036088764 20.355868560972 18.6565187140278 17.9985467345913 16.0062243886533 22.1796570243056 18.2212477550326 18.125845854374 20.0085893729654
TCGA-BH-A1EU 9.16132898640191 9.40159098405926 17.3749953231303 16.5559593756627 21.9253977496042 15.5662257762167 18.6415256950668 21.9453474959869 19.8392612402853 20.0063918054836 15.7044643848078 21.4505363280771 17.3780826772138 17.6296331854368 19.8396190418174
TCGA-AN-A04A 11.3450527683565 11.2667675533214 14.5648355321139 14.5529044556381 18.5864830796675 15.8635242645388 18.5549582883428 21.4306883821353 18.8518159366932 18.7772962546568 16.9861452140609 22.1564220769346 18.9305191580605 18.4455951198511 20.7664051663732
TCGA-A7-A0CD 8.7555694346956 8.99481251115685 14.2493510334137 12.9439148907228 15.8047711125716 18.1451396961396 18.2848330185244 20.2724597855265 18.8453876738691 18.4821625411876 15.9970918142536 22.3161977128318 18.2046874799089 18.3367437865857 19.0551001956504
TCGA-E2-A156 3 3 11.7348416588578 10.4956795678461 20.4972884722576 12.9648193822884 17.5133460092025 19.8998797714037 17.8027644625143 17.9252200453919 16.1367315082298 21.8389517657597 17.7321395782289 17.7752092517095 19.1716095318986
TCGA-A2-A0D4 8.61983778569869 3 13.3375236111564 13.5520117785668 18.6899614103078 13.0001569473212 16.3611597468753 20.9347134177726 18.9387305567831 18.9463025289266 16.7030156958267 21.2145367876705 20.0201649266664 18.1230466247648 19.877087981212
TCGA-A2-A04R 10.0898161674002 3 14.1413414466443 13.4917034973157 15.0933240876252 14.5795485720802 18.0203006560579 20.3758196263402 17.7980125040442 18.0415862117274 16.8121381872644 22.4896415822827 18.3962156873213 18.5740459498226 19.8399380123241
TCGA-AO-A0J4 3 3 15.5616056014317 13.2689958181293 18.5519488256262 17.6346455490829 16.6438520125748 23.5728196809066 18.3953690443297 18.6751620073791 15.4711516670957 23.2899558346791 20.1264796138659 17.6698627850832 19.396060382399
TCGA-A7-A6VW 14.0392889300433 9.65255373657286 13.5347727600072 9.46513261468646 18.2005128070023 16.0116507776725 15.6419960770597 19.8065256361146 17.3132898359946 17.5590411128707 16.0348947266157 21.489786433878 16.9036218895407 17.6803678394953 19.4942914146109
TCGA-E2-A14Z 10.3531098141821 10.5951339683638 17.2629134160839 15.2377240279644 19.2287002161593 15.4323202580547 18.1591390820636 21.3667366770575 18.786674810796 19.2245173158791 16.1038949737175 21.8963035368549 18.1159888871572 17.9675084296716 19.5374609710704
TCGA-A7-A5ZX 3 9.40923692093852 14.9008513086878 14.9207782834958 19.1745531226245 17.9617527974275 19.6311675846501 22.100297391899 17.8298753932819 18.3081623576949 17.5929487591202 22.0496125146368 17.4296881307527 17.4353972713005 19.0692566534579
TCGA-3C-AALI 3 3 14.0793125442333 12.8697207745255 20.2941273996464 12.986429404729 19.1404440018657 20.2963701639243 18.6766210707619 18.3005896952899 16.0119339224717 21.2013762846403 17.4973088407651 17.8387912077687 19.9368263804169
TCGA-AC-A2B8 9.4636859234777 3 16.7432227186498 16.0229832331268 20.8120046174139 19.4219919395099 18.9265715579174 21.8287808615059 19.7492688348069 19.8540199441463 15.856903604229 21.7854383124822 18.3676122310078 18.0150502330632 19.5983287573311
TCGA-A1-A0SB 3 9.574163883271 12.6448494067824 13.3706011518368 14.40908819175 17.1043232711871 16.4189677356656 22.3963117099045 17.4784647306723 16.9698602213115 19.982533862253 23.808419841416 17.9296220573727 17.8261247140125 18.8730564389924
TCGA-E9-A229 9.59891006748082 8.85253075239662 13.5830803936022 12.7892905850457 18.5596315804448 18.3496262406493 19.6797890899461 20.892542032981 17.4374416795959 18.5701259664045 16.4644856446376 22.1995302278425 17.7953040702631 18.2706499119504 19.4500979744478
TCGA-D8-A1JC 3 3 13.6336404926044 14.6172548333795 18.4493572723729 15.3424561582211 19.0218626252251 20.9902152637814 18.3629195694062 18.4670904544958 16.7133743201813 21.8013634379077 18.1895422573681 18.2482025742896 20.2703235650939
TCGA-A2-A0D1 9.4763796054606 9.71725670300643 11.9830819889691 11.9093689656191 15.0624455038851 13.1044119526159 20.8437227102892 20.1824764050185 19.2121857421423 18.3865854482285 16.1443878175488 23.1210574903898 18.6433848534671 18.0358820412385 20.7630622180914
TCGA-AC-A2QJ 12.7682093167538 17.1799513542878 12.5319182929835 12.0602609798751 19.9783001028205 14.4237698075359 20.608122526769 23.6542223276283 19.0093654169247 19.3151978625056 17.4260412296221 20.534850477281 18.3867023548016 15.4882526278655 20.1765500351761
TCGA-A2-A0CK 3 10.4156444350856 16.2276528674631 15.3291540595569 17.4639670254364 16.4799709740662 19.4127138392609 21.0596000810812 19.2989308251722 19.4119678341746 16.1925395344775 21.7115716862284 17.8117514544827 17.2804254931311 19.363710590726
TCGA-AQ-A7U7 3 9.34767689613411 17.5566958498518 14.9023488600805 19.0779279993944 16.8515075396921 20.2455308899146 21.8276792062719 19.7366056766783 19.7785524400523 16.47395338541 21.5551820459927 18.4632907199329 18.5019946545481 19.417934088035
TCGA-D8-A1XU 3 3 14.1827838178996 12.9928266499846 24.005118095315 15.4308750055074 19.1101882472397 21.053618870935 17.8203764456231 18.4304690931834 16.6951426129448 22.0001304817323 17.2942390726543 17.5408143229431 19.7030962457875
TCGA-D8-A1X8 11.1990049037439 9.13621211500573 16.1719432705469 17.0242405416768 18.6551644948777 14.9215390572837 18.9747057189662 21.5622179522059 19.3073437678266 19.6638385668049 16.5527930120695 21.4197108120031 17.7011137182539 18.4738742068323 19.9158429872744
TCGA-A2-A0SY 10.0122198112667 3 17.1630157125533 16.4016101927481 17.7065068883896 17.8483099951152 19.436728167488 21.8001134974506 19.6463844335846 19.7783579804916 15.8560685447678 21.9869881420486 17.935741519971 18.0208731693805 19.691715025426
TCGA-BH-A42V 11.0113404921391 3 17.1837620929105 16.5266135502951 17.9274810312888 15.384064570243 19.8111449203957 21.8646609495944 19.7962727246425 19.9157836820306 17.4467835124456 22.2025528512192 18.0532083698294 17.5577270712526 19.4874410112223
TCGA-A8-A08R 9.78506411863257 9.03745075239855 14.3800699393613 12.23766820479 18.378575432918 17.1597763043295 17.3957162916984 21.0331794333354 17.8849582218947 19.1351082773513 15.5407827116674 23.3248152907056 18.7849113850752 18.2594199353465 19.986291912171
TCGA-A1-A0SH 3 9.34587795430622 13.4566631124776 13.3780885923574 17.4791466679732 16.7387364955922 20.5630631987694 21.2349968918928 18.2578810112923 18.3513114954964 16.6752973652391 22.4573885544948 18.2857612576128 18.054365200969 19.7145525968463
TCGA-AC-A2QI 8.88935327094998 10.1186202701376 15.8445774439184 15.4697706040943 17.7403489830131 14.8042752575561 19.087638225459 21.4502265747068 18.9829173361298 19.2976438481711 17.3330573056548 22.1558711298314 18.9698229065052 18.0707724016152 19.3941399208078
TCGA-AC-A2FM 10.9020839527755 9.15975632810978 13.90420188128 12.8704082037777 18.5096906130502 13.0485655144873 17.3936737956404 20.2959046027719 18.9268841463023 18.5321953487434 16.0900807258829 21.0003094920128 19.4505993256322 18.0177106345719 20.7616410511189
TCGA-AQ-A0Y5 9.03471709059763 3 11.1897107350831 13.5104371107316 16.256313451799 14.4861351133833 19.1683162168207 21.2139874354692 19.7788976588935 19.1744761143393 16.6070702004585 21.6688557573388 18.7898932132041 18.4078380594992 20.4956119633909
TCGA-BH-A1EV 3 3 9.20233169860776 11.8197578302117 16.7193686686898 16.1833771087745 18.7641719036317 20.2878730148906 17.2380008157299 18.222291956087 16.0720920830864 21.5152282035868 18.5026882274046 18.4297333135524 20.0638020540291
TCGA-AC-A2FK 10.2428705953032 3 16.9671724065204 16.4063510599064 17.7919583584873 15.7727003415299 18.1537776004144 22.4253093595863 19.2583533803046 19.4719646713236 18.5800704583899 23.3533225446301 17.5282721419184 18.3749976498322 19.328216135453
TCGA-A8-A07B 3 3 10.5288445234939 11.6730796093719 19.0143582597558 16.4024624565032 19.1223180001009 20.4669024714764 17.9041247541167 18.2817918528074 15.5062437885656 23.5491599832008 17.044990660675 17.5924019472998 20.859576054642
TCGA-B6-A40B 9.90372345507675 3 14.3863108596051 11.5041546011084 18.1251867332614 16.9070666473162 18.5156475196656 19.5930190043468 17.9327977711815 17.7435672732024 16.8856569754721 21.7824627809914 17.9631543242035 17.4389555035703 20.0085687401679
TCGA-AC-A2FB 3 10.0787224433105 18.6592887993744 15.6169003437541 18.4977294418518 15.1584881366483 18.7620776258157 22.0659345912966 20.1675669393863 20.3315836482725 16.1714986795126 22.5375605378782 17.8240268402755 18.1152123464711 19.7484092422491
TCGA-A2-A0CP 9.9407613102884 10.1823317344622 17.1094450484273 14.8350765636129 21.9991150207126 15.8682278956768 19.1533805027501 21.9710042619351 19.2467168785948 19.3629598763262 17.1729638004752 21.9232079689332 18.2711524311254 17.179189399614 19.7275710259727
TCGA-BH-A0BG 8.81221760344891 9.05162075764576 14.7521824893398 12.6365030735998 18.6209308896503 17.4428534005294 16.051357567746 23.1014374316066 17.8858368548625 18.1482031654269 15.8765926057489 22.3816597426828 18.3182819767281 17.5037496346402 19.5681298472788
TCGA-BH-A18K 3 3 14.4790740899334 12.4732521956227 17.3077869267787 15.9005679485699 18.6382374275836 20.7674431154764 18.8403617972044 18.9103617697193 16.9314002662918 21.6048439898564 18.0393967336003 18.0763661911549 20.4187169549742
TCGA-A2-A0SX 10.8198338404778 11.3830851076605 16.2268128615957 13.8107152947611 17.8890463311297 18.659853300843 17.6773644795247 20.5010258089118 18.4653296922275 18.8693331914196 15.8890494485124 23.0113852600232 17.0801947699914 17.4906661462173 19.5974570022793
TCGA-A8-A07F 3 3 13.3208073787688 12.7393581158207 17.4093891398702 19.3289939751761 18.5361991877734 20.8365360784359 18.225966361944 18.3335471572514 15.6527538806884 21.2925812693391 17.5099140932403 18.5971491851472 19.4069228241509
TCGA-BH-A1F2 12.0598278318185 9.9899830545914 15.7196589358399 16.2425762231731 17.0091350044983 16.5121888351703 18.5416501630188 21.0540376459217 17.908276498531 19.4429569519216 16.6167716962153 21.1273567637555 18.3369541249794 18.1582572607597 20.3131510629763
TCGA-E2-A1BC 3 3 15.8163624426046 13.3916984869992 15.6842209929003 16.3431773672145 19.3879822518018 20.889410761075 19.237906903089 19.3673687535855 16.4270850941833 22.7574987886958 17.8471633017679 17.8628820316743 19.3895942921335
TCGA-LL-A440 14.7180128940086 13.3273870190641 17.438818791147 17.7773184733979 19.520359403832 15.9243990573733 19.200328422388 22.0221292095772 19.9376853582865 19.8939470012791 17.1320491479348 21.7286161319945 18.3005751482445 17.6428645542632 19.5355865868943
TCGA-BH-A0W7 3 3 15.8906733808617 14.0344067374768 19.2336979098818 16.9733727764971 20.0025039700589 21.1266653695088 18.3415183671258 18.9704321124303 16.4968847081417 21.502421225808 17.7712183711603 18.0153416828572 20.4998567943175
TCGA-A7-A3RF 3 3 13.5470206082894 11.5004300089324 15.2663195248392 12.9858539645677 17.9891672821771 20.3182594229815 19.1707971645017 18.4682659345383 15.7731367316866 22.2993432551149 19.2991137633405 17.6373455914562 20.2460075174411
TCGA-AN-A0FK 9.14406487664172 10.3756277812376 14.0943553842892 12.2672882311333 15.6637990569826 13.7593303870239 17.3142511017571 19.9095232011606 18.6867281040975 18.366034289347 16.2336838609122 21.9755204091142 17.7653305295097 18.4805531672782 19.8217464025578
TCGA-AC-A2FE 10.8018135163018 3 16.5540013274316 14.1260664725863 18.2979147890726 14.8507687072792 19.6011879269615 21.2212387964621 19.2322390729451 19.1128883841118 16.0312013712548 21.5631245434146 17.9833597439498 17.8025370678119 19.6574578840958
TCGA-GM-A2DD 11.4504767895925 15.8192241422229 16.6808452113498 14.8843955763351 19.9621869921505 15.4401193854879 18.4208018662942 21.3749124933033 19.146287831772 19.5819269928712 17.1569095105708 20.6487630423838 18.1831413798394 17.0990016023922 20.0249188853083
TCGA-D8-A1XD 3 3 11.9681030534995 11.7817442873019 15.1865251125528 17.4238778324464 18.5757118526386 20.3026617532828 18.0135155111564 17.4452838777802 16.8965950987162 22.4608574477799 18.978635328802 18.1337209984862 20.1783675326086
TCGA-AN-A0FZ 3 9.7669632696172 12.4345883049867 12.2105167086373 19.6567107883015 13.7444133137402 17.967528900936 20.5063243821005 18.6589569506207 18.8138969113786 17.1608660172095 20.9469101654132 18.6057884287466 18.236725613876 20.4286982655945
TCGA-A2-A04P 11.1624242898769 9.82856161772111 15.9613435588872 14.9167723718579 16.9948228932172 14.9671144879956 17.6323695309932 20.6485719559966 17.6856393989475 18.7380678467542 17.4057276034972 21.9458015184492 17.757627002092 16.3980603715664 20.7373771158043
TCGA-AN-A0XT 3 10.5675544927321 17.4152509755923 15.7260613072889 15.3371194717775 15.4930868760122 17.3309496932956 21.5031514797492 19.6751499300984 19.6452908092604 16.6725026760769 21.5337034383969 18.825339964795 18.5057521868189 19.4729065743151
TCGA-A8-A0A1 3 3 15.2812418141756 14.16332422641 19.2104685597692 16.041425675741 18.0597764332314 21.3231561743966 18.888807700514 19.105782114236 16.4106247163625 21.5972579652615 17.4785658489123 17.0619181523561 19.7144522774417
TCGA-A8-A084 9.171414360913 9.41169820531609 11.1909191064222 9.03475037150394 15.6779030362325 15.5926724797897 17.726329597518 19.4885577649088 17.364219868671 17.3006563250382 16.1118284810684 21.2692590058673 17.5359363745131 18.7101789269463 19.5181410482376
TCGA-A8-A0AB 3 8.78088850736093 14.3740917489556 12.9414830843533 15.7324599776016 13.8127249099442 18.5813230048356 19.7443611184159 18.0355359969199 17.5869157605084 14.8381493262445 23.1824753604347 16.8396710698472 18.3107123984916 19.5663854067551
TCGA-AR-A1AM 8.97879677515896 9.21863573247168 15.6911117114651 14.5685962192056 18.601789865282 16.4255741584655 19.3150633019574 21.1740328694048 18.1198433032028 18.5782950150595 16.6816728284589 21.7820413655903 17.3935935009739 18.173013760648 19.6880480388335
TCGA-BH-A0B4 11.972379109068 3 16.3619092695674 15.9001725304261 16.9834006438157 18.0373354481845 18.9246235392151 21.7537595377892 19.287717225838 19.7614826009052 17.2854420362407 21.3764773446547 18.020495670101 17.4753816076403 20.1004255475949
TCGA-A8-A09I 3 3 13.2357623964555 10.4830262864037 17.9620309570761 13.7554991010768 17.5023856329856 20.0574278332121 17.7479149762861 19.1754438578724 16.5920983664773 21.2807631929084 17.7150075733809 18.6405160897874 20.4345575604121
TCGA-A7-A5ZW 3 10.5548533563177 16.4429481095489 15.4240802438255 18.6828369209383 17.8617132335815 19.2804994558351 21.3482135627545 17.6544624749984 19.0211208149278 16.6956890473001 22.1770363115477 17.8672655138685 17.4674046806144 19.5787688552147
TCGA-E9-A1R4 3 3 14.6439382043917 12.9003117647231 19.2959567666735 16.3194307026319 17.4255513493001 21.1440885574741 18.1980401712919 18.6944200481314 16.5265027722771 20.7312144467698 17.8356083644979 18.1953790922562 19.681063303007
TCGA-A8-A085 8.4445835783305 10.2489428319514 10.1341645817417 11.2511350838144 13.0274146971062 13.8204180752266 18.4721760135348 20.2665228911805 18.8764862640619 20.5887748818917 16.5461717548729 22.4293649794031 18.3727294882047 18.2388492462635 19.5069484171464
TCGA-B6-A0RN 10.8527436496986 9.52071975371124 14.6751955318295 13.1496499467097 16.5218407610857 17.9773596757616 19.3403900505741 19.7676523007509 16.7590342984812 17.717299743836 15.6038977165631 22.0663069814849 16.928563987681 17.5605864179028 19.3943636115125
TCGA-AC-A2FG 9.52200723928268 8.77618572286953 16.8078261805244 16.5999063771187 17.3408839601751 17.4970453126494 18.2845143221281 21.3604497936885 19.2447905991345 19.4955934316731 16.1673809130774 21.9958556373163 17.9448481625628 18.3222809085293 19.3679905419735
TCGA-A8-A06O 3 3 14.1330107133221 12.7382674184194 17.7982695830958 14.2494073004774 18.7282495629401 20.6415266228051 18.814368654803 18.4852349212286 14.7520525804583 21.3232552834017 17.5925036504669 17.5003464894559 19.8258459615586
TCGA-BH-A0BZ 9.82563002015111 3 13.6140263250693 11.8242001313789 18.6930682127361 15.7731874462862 18.5501632709826 21.7295781121946 18.6414149626808 19.1705787466972 16.7153489216541 21.5404437714173 19.0359309181554 18.2700472537287 20.0176130946914
TCGA-AO-A0J9 9.20818541238145 12.0196786925955 16.2656084985983 13.4432110007307 17.2645667501006 15.2558762216225 18.0320381245411 22.1407222589751 19.6502197811847 20.3707439815843 17.2796135265307 21.4019993397592 18.3831229754823 16.9320830237998 20.4132918367943
TCGA-D8-A27P 9.12981530488301 10.3612602795562 14.5365838101748 14.5122494281392 19.0212920661127 16.9564159942124 19.099279037153 21.2335310598674 17.5776723481825 17.8401220169899 17.2325828894691 21.9739745085952 18.039873706801 18.7570042269164 19.378657135512
TCGA-A8-A07J 9.43322635925921 3 16.2586525822975 14.9706024736287 17.3628083271677 18.0250209995535 19.4074702095838 21.8112911725081 19.643575067118 19.7752658243221 15.8763618194602 22.393819957153 17.3079619756546 16.7229510275855 19.7520572105821
TCGA-A8-A07I 10.3842677297438 3 14.2285470865465 12.1869340411876 17.368983003032 15.5382386878284 18.5136176287701 21.3412864135057 17.7617449248512 18.7765543083555 16.3038715516798 21.5987653025687 18.3701705061683 18.9016845435641 20.2595689971742
TCGA-A8-A08B 3 3 13.11775560254 11.1824978202109 20.286632698867 15.4042723263001 19.4851653390443 20.7569821155273 16.7183344062035 17.2084627912577 14.733381915373 21.4154202201283 17.4150259451629 18.2297813977633 20.0907015945495
TCGA-E9-A247 9.71234377055827 8.96519374870249 14.493957117234 12.468765523939 17.6177546349952 16.4589891430616 18.3452463674419 20.9827964991584 17.8420685025236 17.7702213195623 16.7186466098824 21.4874423487736 17.8186754686502 17.7525513849547 19.9950222945403
TCGA-BH-A1FJ 8.63964654285376 3 14.1117569074646 12.835881477708 16.3429726797805 17.5869917285194 18.1433046625536 19.5735979016578 17.2086745259222 18.0978221234179 15.7134301334136 22.2620774345914 17.8387865221598 18.571548581936 19.3974726889436
TCGA-A7-A4SD 9.50028705833343 10.7344469740494 11.0100123451682 7.59901726811249 18.0266218840082 17.6425081599324 18.0320971531631 19.3246006523803 16.7277195304017 17.9688926781504 15.4106074674716 21.1931660779542 17.6293456823189 17.3008752721691 19.2936510008042
TCGA-A2-A0CU 10.0842884795013 9.33499508574151 16.8444956088476 15.0704305064722 16.9375029120344 14.3338637770494 18.3099268878261 22.5328567754549 19.4142809394394 19.0161377190518 16.405129464307 21.9095137774426 18.6718364142283 17.6917251621993 20.3516370072889
TCGA-BH-A0B8 3 9.69140798814295 15.7206351923349 13.8374657849347 16.2036781936944 14.380105994401 19.1734960856204 20.7343383276542 18.7103971967926 18.3915713682223 16.0156576479578 21.2562378966455 17.4725338847068 18.6116654448879 20.0996136260495
TCGA-AR-A2LR 3 3 16.4108580888502 14.5514417697034 16.764301975496 17.6314847366585 17.1418408948259 23.6026066122773 18.8355564024266 18.7265642412026 18.0099488236497 20.7855871103527 18.2712668858812 19.4848955166867 19.6016326946751
TCGA-BH-A0HI 3 9.31686128576616 14.8505828557462 13.1979094697808 23.0544753790299 15.5375771553296 18.4209738461962 21.0931093956634 18.7557988838589 18.9695335088231 17.1947267564292 22.0540494637205 18.370563862378 17.9381076143219 19.538753770196
TCGA-AN-A0FW 8.84331597991758 3 17.1035366792899 15.1506959898133 18.7980263769298 15.5580828746901 18.0937626448925 21.0323573191184 19.6462942524826 19.3697382581453 15.3656043851884 21.1410836832253 19.1168080132585 17.737690386517 18.9100557782533
TCGA-AC-A23C 3 8.95615681098438 15.9041487790016 14.659623480715 17.9492292722019 15.7309743742869 18.7916940257664 20.7135623901206 18.548148370497 18.8757830937899 16.0100473717897 21.2738122691324 17.5779602613402 18.7412852975824 19.7342886326372
TCGA-B6-A0RI 3 3 11.0534493048848 10.5225815735549 22.1365618742378 18.6252650922067 17.7513832289784 20.4300933597486 17.3749076504423 17.9864839474466 15.8081879667227 21.7204820044669 18.7280483669601 18.2278245549059 19.4385210342485
TCGA-E2-A152 9.21473172894379 9.45510768554768 10.500912572839 11.6789270964441 18.5802405344132 14.6776950375246 19.5943715089208 20.3214179330806 18.281235527565 18.6410441217361 16.8488883061174 23.7763006518987 19.4000034608196 18.1953771574253 20.8402954967238
TCGA-A2-A3XV 9.54237214027238 9.78336189869608 13.8402982409646 3 20.0254446157017 11.1425188814732 18.0474662609105 20.6571656438792 17.374283494584 18.0696336815582 16.7790026687808 19.5470071407884 17.1978749759717 16.3035050617616 19.8313289678284
TCGA-B6-A0RO 3 10.080929230961 14.6433657717095 14.6756585614145 21.5377353607523 14.0501442937612 17.8179081080892 20.0725474289825 17.1720734079426 18.4013857848561 15.8248692323332 22.2797580791857 17.583447223636 18.0438564968051 20.6020575881852
TCGA-A8-A06T 3 3 14.2664936715645 13.0880762519995 20.7464212323421 13.3037363347573 17.8355418563225 19.8240893170362 17.8576887937892 17.9099518695365 16.0315687958338 20.5435550297078 16.9817922428149 18.0936406087676 19.6004435372118
TCGA-AO-A0JB 19.1000247793704 13.2571154679831 16.4328191120057 13.9001493616449 19.9164361366257 13.779235004658 17.6767286206834 22.1972840096677 18.2254730697663 19.3744111605162 17.7628618874703 21.3610270051643 17.4376842160025 16.9782667210951 20.131111927416
TCGA-A2-A25D 3 3 18.0282336813148 14.8296408198555 17.8396938954302 15.7778251478127 18.5197026309201 22.037222178005 20.2984974434425 19.8120968030303 16.5903459975943 21.6929446577398 18.149750358079 17.6027211033919 19.7927720615056
TCGA-A8-A07P 9.02582674079697 3 14.5369655765599 11.7612441810367 17.5424995604898 15.0798213189543 18.4853437898428 20.5001586306221 18.1176166573597 18.1554529353774 14.6060833515745 21.7845206522604 17.7038628315463 17.7422779240216 19.6900094694548
TCGA-A1-A0SK 3 10.0788385046515 9.55296808007836 10.7921096658474 14.72728282731 14.3427728883359 16.0733044028479 19.4373799838027 16.9796861864796 16.8423560170037 15.0852822735593 21.292852232988 17.013741495295 18.4031745744836 20.0532863624938
TCGA-A7-A3J0 10.1760557568995 8.84971351290811 12.995723957413 12.8165550936855 22.0675123413014 15.2383551453567 16.462105608074 19.8882151662889 17.1844581618144 17.7490718276705 16.3035245550667 22.052223677689 17.6423920416728 17.7681815151083 20.3550032848524
TCGA-A2-A04N 3 3 15.0193172557613 14.1343265602579 20.9515217848764 14.7280964065444 18.9379202925816 20.7024872223897 18.2834928399304 18.2203450505088 16.632200580838 22.3702844598691 18.0864522599755 17.8044879146176 19.6078269764035
TCGA-A1-A0SE 3 3 16.3042205273036 15.2536682905517 17.6690699571718 16.209656191234 19.2581908195662 21.3811873801746 18.5849098158138 18.8868908039398 16.7958070889067 22.4254506641723 17.7487422572949 18.0409475426929 19.4130433864017
TCGA-A2-A3XW 11.9035733300839 9.35433912872726 17.2624186629026 16.0223203176096 17.9259957962306 13.2789499880842 17.8122160499855 20.6642255924354 19.0630856225589 19.2588450619945 17.5919909716861 21.4304014206751 18.0368808649165 16.5005862974941 19.8195974880231
TCGA-A2-A0CO 3 3 17.9122490483014 15.2326941991104 18.2423522963357 15.9673990462488 18.3807810589536 22.3969977337536 21.0403165020428 20.6174308794234 17.0787701604913 21.8331185610107 18.3555438797793 18.026004589533 19.5013309431214
TCGA-BH-A8FY 3 3 15.6854017321642 14.8260574684971 19.4228747415391 13.5856302291511 17.5722429823206 20.5907952794603 18.6090537504524 18.6733134030398 17.0600324290567 21.0805941098949 18.2279165563645 17.6217889830336 19.6432570783371
TCGA-AC-A2FF 8.83328875317039 3 18.4903264837578 18.5179557362486 18.6294168755891 16.5543008025608 19.9798124421073 22.5622298594349 20.220791718029 20.5083033819089 16.5696436788445 22.1102186972381 17.9185177614576 17.6031006121549 19.9359945756977
TCGA-3C-AALK 3 3 16.9860717306001 14.4532030473228 18.4676402571322 17.4964516613866 19.2734137838858 20.8472270734992 18.4719767235181 18.7729244272269 17.0352245571408 22.0055253013518 19.1909002750937 17.6946680248422 19.6420798576283
TCGA-A7-A0CJ 3 3 9.43843289960134 9.99661079707958 17.4046539208031 18.8340373012157 16.9624616392358 20.0489123711812 17.4719157657665 17.9755987342531 15.3383299074298 21.0662252173858 16.3836208813064 17.4451322772917 19.1103293673735
TCGA-A2-A0T5 3 10.3314271494453 15.5897305567949 13.1676875210198 18.9487229742071 16.3518809866487 18.5191777243055 22.1512998134494 18.3819544733186 18.2931918577381 17.6709414027047 22.279533799002 17.7304407246783 17.8567143582608 19.5078463974915
TCGA-AR-A0TT 3 3 16.1499913361581 12.157011268851 19.3859813215146 15.1375431349047 17.4997763078518 21.2272844944942 18.1134340147802 19.5376117104519 16.2021857196885 20.2216966929506 17.7206737067107 17.7103796768239 20.0806439054742
TCGA-BH-A209 8.73531744992964 3 16.674724516753 13.5111231875672 19.5156011546649 14.917505917879 17.8689253397658 20.8783191722461 18.3508397809147 19.2930209177245 15.5928331286382 21.0515086902312 17.0869237102152 17.6421284757228 20.5596292172975
TCGA-AC-A8OR 12.4058555504588 10.8460507505606 11.8358830178697 10.4658737706683 20.3740937903272 15.413135305625 17.0177003404934 20.5689068442141 16.9742161972614 17.6874653237548 17.263572956414 22.2811429378846 17.7862846430855 17.4491931241347 19.3236410982347
TCGA-A2-A04U 3 3 11.3861458114845 9.32605955560409 14.506889435232 15.7273050715666 16.5357363040454 22.9449789181444 16.9834302772215 17.6912290085066 15.9391339491291 22.7393008636003 17.9348712735226 16.1516514123465 19.9396021075023
TCGA-A2-A3KD 9.7848407242653 10.026202793741 15.7183191171857 15.7959688292142 20.1250029849988 17.9108811975482 19.246599334091 21.385312720981 18.7942639743262 18.8068402056209 16.4607936053847 23.3501352960827 18.0503893295812 18.2594117865518 19.3756154848279
TCGA-A2-A0ST 9.2794287321072 10.5120552543312 17.5010626497662 14.5678388868128 19.4035633555715 15.4149771364126 17.3207010319212 21.3138783891858 19.616323851981 19.7550443431557 16.0088687887514 23.0087292347987 17.0969376698572 17.8295722373487 19.6205034673026
TCGA-BH-A1FU 9.31053247133224 3 17.2411171046913 15.4017521952957 17.8061060215366 18.6105362233526 19.178710377799 22.130601772356 19.1214476411447 19.5721091952854 17.1695600417679 23.1406345004275 19.4698552597159 18.2979125448402 20.5303003752314
TCGA-A7-A26H 3 8.76180754496374 15.4737444969222 13.7990142845504 19.0757742165357 16.2136949704164 18.7922022052102 20.5898625489184 18.3233061518753 18.6602341905581 15.5318047440176 21.7525273359516 17.4386145342713 18.2147235607526 19.1718096318495
TCGA-AC-A2BK 10.525057915435 3 10.2395703597986 8.60119700733086 14.725167936474 14.1119620575991 15.7625911805454 18.6829664343928 14.8094882761831 16.3843045242769 15.0098573909979 21.3545898745441 15.258533960807 19.2032561547168 19.7501056223959
TCGA-BH-A0B0 3 3 17.2174596567926 14.8398892283184 17.795553075711 15.2550456545598 19.0407198389729 21.616901959583 20.072625842494 20.0110430990138 16.4600727107205 22.3092841524894 17.6434957844562 17.3540806520141 20.1910256525985
TCGA-A7-A6VX 3 3 13.9308961563521 11.8151066675708 16.8885691448454 17.6712602929396 18.2528280053714 20.0040234065178 17.9237206438624 17.6535279889828 15.1476016037662 21.7771259182798 17.1077516321093 18.2196365381965 19.3819870946529
TCGA-AO-A03L 3 3 14.3517870915758 14.6894075065991 17.9962952539431 15.9179007339216 20.0570601304148 20.9693388868429 18.1274001679159 18.6028292306889 15.9434467809137 21.18342284368 19.0477746419482 18.3472598661818 20.0137001118288
TCGA-A8-A07S 11.5512249702087 9.22522013026823 14.1515672916992 12.3405293965143 16.1767337450108 14.8920308003408 17.4762127614277 20.5033834656988 18.3995463658981 18.315178199834 16.2830933719419 20.6545845990791 17.8241583844625 18.4986170784306 19.3732298590557
TCGA-C8-A3M8 11.4142642412479 9.85855484492497 15.6993835265462 15.3346359995471 16.0239371243773 13.9043368552038 17.8466338379871 20.9957021653448 19.2613884470135 19.4358290956063 16.6864759594664 21.7580125417778 19.0414727927226 18.0753234580628 19.6655751534412
TCGA-A7-A0DA 8.95815734949828 3 8.27038582462009 8.03346310123396 16.7490350202352 18.5808108492508 16.9749468035327 20.65010525334 17.6000731036644 17.3749416258962 17.468845423822 23.657060336781 19.9270178694841 17.6749905991864 18.7341291009142
TCGA-A2-A3XU 3 3 12.9351425540235 8.99988421972533 19.4281767396914 13.4329580835266 15.8951655640019 18.2506202884837 16.7584441501959 16.204595920083 15.5221376660101 23.8034532394658 16.1697045846996 15.4623582360574 19.427986931926
TCGA-AN-A0FY 3 8.83580820931916 14.3409707944485 10.3303255082861 15.953406722905 16.6273501481646 17.6448621882193 20.2704533427436 17.8207765345509 17.9047882156352 16.0140795661935 21.7252553484943 18.4087735986916 18.3438730052784 19.9526454146734
TCGA-4H-AAAK 14.3043362659581 9.56250552949333 14.1970775129917 12.6075065975779 17.5837839796828 18.2965284892853 19.8568890133655 20.6773785403398 17.9722376823511 18.0159215233687 15.5479225555652 22.5006563968744 18.4150051300321 17.5328088537295 19.6201995781235
TCGA-A2-A0YM 9.77815522084288 3 12.1241823852923 10.8694896792812 19.7447898326083 18.498991789883 15.2581578295665 19.1156816457271 17.6134905421677 17.7937696580603 15.1377198868735 23.2459798714464 18.0607624623838 18.1968476555127 19.8327229679672
TCGA-C8-A1HI 8.56261747464317 3 15.3109258814918 14.9057756095254 19.704887556077 14.0801985111582 18.2397635415424 21.8407366900036 17.2513208003998 18.2584227983255 17.7964839513936 21.3860405119338 17.4810224577997 17.9849652115407 20.3356880968228
TCGA-AC-A3HN 9.56551973063842 8.8193789840025 16.6468116648172 15.6474217714981 18.9705513545335 15.888911676756 19.408568291785 21.6824315792846 20.0056053822565 19.8386029196335 16.7305455569468 21.881775265278 18.3648977635657 18.1613348291217 19.6492003248829
TCGA-E9-A54X 3 3 9.63513482648155 3 20.7313450835434 16.8919063124342 17.8944458280155 17.5333545338895 14.5162387499492 15.4012704008369 16.1492080566232 22.2484801011672 17.1623517671261 17.2969654634338 20.3107196618472
TCGA-BH-A0H7 8.945918481296 3 13.6912667543024 12.9550203934568 19.6323198898847 16.5971643955929 19.0083551136846 20.5339815420477 18.6107691500096 18.2455097988466 16.2904106370768 22.4273217996285 18.8019168464158 17.8723224081043 20.0722235655976
TCGA-A2-A4S2 3 10.7225474965714 16.1277698353732 15.1265043838701 17.8158865534037 16.1801301354184 18.6324993226677 20.7885234742664 19.393459327211 18.7209460417762 15.7065675594891 21.753709223442 17.5181355225366 17.2034063466696 20.0035346213921
TCGA-OL-A66L 11.093106685128 11.3356809369759 16.7076002195672 14.9623170479367 18.8010002518474 16.5352492654165 19.5335590556143 21.3785210446125 20.2081430308209 19.6166392416729 16.8798882200461 21.1706826734975 18.0340890051565 15.7490982131226 19.5721846076555
TCGA-AC-A6IV 11.5302106146179 10.1946176457915 17.3257399223307 17.2662558261206 17.7123791777697 14.5400708698288 18.9393792091099 21.8675195595904 20.6484718694215 20.442678196044 16.9275512491702 21.4352280022943 18.5321117099719 17.5122420897557 19.9325192952953
TCGA-D8-A1JH 10.8058340368472 10.3148907973012 17.0160731217196 16.3283979841716 19.8115630414772 16.9724373778863 19.2429921820884 21.6867750702596 19.0391369502308 19.4241410714845 17.0341639938102 22.4007811493971 18.460127736701 17.9948424489289 19.7966035519506
TCGA-E2-A1IF 3 3 16.2024951703878 14.6576202442817 17.0408194171874 15.4327062710526 18.8269904726357 21.0311442054859 18.6079410232963 19.1165843025371 17.6824932281575 21.7199756298041 18.1009832325688 16.9724006364431 19.6343663944682
TCGA-BH-A1F8 3 3 14.7782550837788 13.8916326474936 17.0206562014314 14.6990002165626 17.991597487398 20.0642924080826 17.335251779813 18.2259056441562 14.8438912031956 19.8299676428039 17.90357884096 18.4128602013499 19.5572476919048
TCGA-B6-A0IE 3 3 15.1658085449445 12.4673679349548 17.3196038286522 14.1084606029763 18.9246993918272 20.6080735321126 17.5551497634486 18.1909422940702 16.9713088683886 21.2684396981256 17.9861137229855 17.2490835939445 20.1469702177997
TCGA-A8-A09K 3 3 14.387335285554 13.879071838778 17.3439730211462 10.9200737166346 16.7692136783034 19.9388300799093 17.2174123504685 18.0913123028056 15.5694525991743 20.8424847710862 18.846063634927 18.4200235985323 19.6594104235271
TCGA-A8-A08S 3 3 13.2174351934378 8.73390692661333 17.6292128605725 13.3638034187687 17.8897444770577 19.6247175786309 17.5572095012002 17.6239881162319 15.6852091348005 21.4133337317397 17.3213278212855 19.5913256476607 20.4062205870076
TCGA-A8-A08G 3 8.89749434227951 12.2275321230175 12.2406308549891 19.5559311436764 14.7556867889172 17.6112492892101 19.8869344739408 17.7856523340727 18.1858192125435 15.5187591472612 21.5639538644368 18.534401958964 18.2209358389815 19.8557348728105
TCGA-A2-A3XS 8.90623893481254 9.1458942514185 15.6173658812449 14.2311641893281 16.3924715544089 14.5012462686724 17.0140741693742 21.2206429163597 18.036887646262 18.5524749558979 16.7043941992429 21.4324209018182 17.8516098354022 17.681524238593 19.4910494695462
TCGA-A2-A0CQ 3 9.21648981893667 13.7116052783425 12.3672634360061 19.3732872057477 13.2039808037233 17.2668306349956 20.328637979826 17.1095530268991 18.1471960249309 16.2155519853479 21.7001450948091 17.7843223808572 16.4934292018331 19.7447030991869
TCGA-C8-A12Q 3 3 15.6984963878868 13.8282373676049 16.5700228737942 14.8768855758767 18.1160211458436 21.4968086934045 18.4417490966486 19.3754176200257 16.4239311634973 21.542036725197 17.7810561623596 18.4403374433449 19.6331822539451
TCGA-A8-A07Z 3 3 15.3897443192258 13.3427192904133 18.1095349505891 13.6561937655943 17.4956176711186 20.4010710514996 18.4502765719119 18.2521976146541 15.235927212756 22.5285197722564 18.2651347006569 17.5030836340202 19.5880022413841
TCGA-BH-A18U 9.02843569082628 3 14.5008082321795 10.6522771916254 17.860942045154 16.095599247411 17.9283644341005 20.4598447626862 17.9399859189078 18.4184791776148 15.9747094909706 21.4077125055491 17.4698830059768 17.4912932614717 19.9396391643788
TCGA-BH-A0C3 9.26328182341776 9.50375777841016 17.5617776199768 17.1879207193078 16.4515685321648 15.0252420046827 18.9095667587259 22.011094184499 20.7197121526042 20.1789589890035 16.2009415099514 21.2594820261524 18.0948693976512 17.6410857744293 19.6279914465301
TCGA-AC-A2BM 3 3 15.0017381175377 14.7085740949968 16.9923905413319 13.7231147395537 17.9212439883317 19.7187044610906 17.4623213724938 17.8043017263596 15.8643878010875 21.5458429502626 17.3459915187097 17.7499226852905 19.3891650560525
TCGA-EW-A1IY 10.2195743883577 8.8927820345969 16.3698696020372 13.58067147104 17.5178192756609 19.5975516802258 19.1483879479803 21.4374401714084 17.3368955285397 18.8984540298576 16.6032714590217 21.4785132890838 17.48488980651 17.8598966767565 20.7489654661964
TCGA-A8-A07G 3 3 15.5957219325617 13.0760308883296 21.1819512384913 17.6337732022387 18.7554014505852 21.0194717542771 18.3820036630146 18.5918868539292 16.5665261957754 22.3664714146593 18.0764613067351 17.9521578397816 19.3916316238708
TCGA-A8-A09B 3 3 16.0581213712712 13.6160126234435 22.7193776419914 16.1005622870205 19.0139868273713 20.7515097465643 18.6812736640874 18.6151180249925 16.437012706019 21.4252800350735 18.2343512536651 18.5287310786945 19.2104732361304
TCGA-BH-A1ET 8.30189729470612 3 16.2304577944949 15.6510778231216 22.678781470131 15.027387176439 19.5817713817285 21.1044531901878 18.9904100044076 19.242869672486 16.2993061140177 21.0610293445172 17.1040535825768 18.0465973114065 19.439643784135
TCGA-A8-A08L 8.80229999412194 10.0306836863468 14.9198257723145 11.6916499738245 17.4397914633945 12.6296374193999 18.265369887099 20.6558786957728 18.906599167795 18.8514653379079 15.3887850896341 22.8225119635117 18.1563497893293 17.8772996544315 20.3940764536629
TCGA-AR-A24P 10.2764128320054 10.5183621162311 15.8565764282106 13.3665269974584 19.182501681923 15.7963757723287 18.7286009033464 21.1395333245559 18.2550107131197 18.527980486163 16.1263991826578 22.1739601591211 16.9849385199704 17.4285399199883 19.6303726017925
TCGA-AR-A2LH 15.484476711185 3 17.9652424746336 15.7136610011293 18.5448430218247 15.9283543823093 18.2430552419325 22.3733599329802 19.7438332875368 20.0712720878579 16.7814600039335 22.7902243458923 18.3389831352018 18.1057553666177 19.7435244244411
TCGA-A1-A0SP 11.0514046151329 3 15.6354878834403 14.260378476745 19.3277937164299 17.1175527054772 16.3446968379695 19.7883901252759 18.2457793596491 18.4027818410924 15.9985365512828 22.7933209276865 16.8518511029909 17.2193659843417 19.6543376331873
TCGA-AO-A0JL 13.8016520687577 12.0469683579261 14.1724683737789 14.3229752103048 15.3944436359443 16.099375507258 17.0058905034971 21.3681413642853 17.6543269047054 19.0767564152476 17.0692275974292 22.5121335036542 18.345356288249 17.459668708363 20.7454306262886
TCGA-AR-A2LE 3 3 16.8438516764982 14.9059520138228 15.5296461257529 16.729105258186 17.3225536956911 20.8698610774848 19.3245670693313 18.9724587238165 16.0951490416731 22.5165281411743 18.2229656127265 18.122659685142 19.5101927904267
TCGA-E2-A1IU 3 9.45690210196103 16.548334641483 16.1534864738381 20.6033550042158 14.6660094473547 19.1900901401957 20.4958050983132 18.750189893977 18.8625763108078 16.2219398323077 21.3465717672839 17.3765503825389 17.8503866284898 18.3727238983474
TCGA-BH-A18H 11.1610553718261 9.82719999473412 17.0554061162466 16.1759093126287 18.7674116904067 14.7226333506776 18.1889434010247 21.2523972019767 18.8116330006976 19.2788882892704 16.5902230501531 21.4043475370674 18.047120434462 17.6332738407932 19.8881050750663
TCGA-BH-A18P 9.10188103570956 3 14.8328241419559 11.4607131661218 16.6643243682279 14.9326929087073 19.7510629752286 20.1916315001164 18.1906968936604 18.17520779063 16.045285572333 23.094925642392 17.9459975609263 19.2974522654225 19.7946564518926
TCGA-BH-A0BP 9.54161958941606 3 16.4459811753119 14.4993739416447 18.7018263404074 16.0653976663704 18.2515113136383 21.6654193034181 19.7712142680419 19.8047393580431 16.8482382863218 21.1648790722844 18.830545510459 17.4109036223776 19.7787284901969
TCGA-A8-A06Z 3 3 11.9384233553232 12.961366857644 17.9326040538516 12.3195304174764 16.1999291225444 19.9494845558049 18.5579343333334 18.4458789969002 15.7415751025653 21.3398730995842 18.2033365002917 17.6611926876214 19.2943842068695
TCGA-A8-A07L 3 9.25510823968513 13.3789974762815 11.7225078179196 14.5601186607347 14.8823372942059 18.3964164181476 20.5346478495511 17.6677554228974 18.135497179835 16.6636019824759 20.8240353759096 19.3958850730271 18.6910795459668 21.0021074891175
TCGA-B6-A0IH 3 9.7544413563799 19.1441206646446 16.8254797869173 18.3345512841581 17.5192107466313 19.5247131713993 22.4048050503061 20.1387191064724 20.1567130473281 16.5951058322357 22.756423751427 17.4645284080564 17.9550454859303 19.1401622600496
TCGA-A8-A09D 10.1847128749705 10.4265672535049 15.7206539659639 13.6558841484761 17.3163407094057 14.4963491620625 18.697116485026 21.9532563639491 19.550814331383 19.7999986437022 16.4671684410773 20.9878754723101 18.4604919622309 17.6904670187213 20.3034119129719
TCGA-GM-A2D9 3 3 14.4882577990692 15.0900254270597 18.3789031855259 16.7100698800615 18.6845713632772 20.7617636463438 17.7312997347968 18.8099525385098 16.7504991913834 20.7350678304105 18.5745597685697 17.6707025377552 19.7609822182023
TCGA-AO-A03V 9.12631042888373 9.36649537053981 15.099396431674 13.518007783358 18.0037133646061 14.2114761809043 18.802156598987 20.7116824217748 18.7749372033418 18.8956972637101 16.2424061055841 21.4511728350532 18.5734618804618 18.0680632760667 19.9312117048648
TCGA-A2-A0SU 9.35975608029884 9.60042100968043 17.6436403793041 16.243250235256 17.1987060677495 14.1012310445753 18.4571845207698 21.9007795930585 19.8072758858776 19.7269988880713 16.8802123145568 21.4772482289732 17.9342902010074 17.7512293302704 20.5506317480151
TCGA-BH-A0BQ 3 10.7073150252252 16.7992466426879 14.0814850531689 18.0239845799103 17.7968028470159 19.3912387904741 21.7879673549359 18.8941259631516 19.203278488046 16.7446207732509 22.5829870513406 17.9399963583124 17.5057500289183 19.4234406938352
TCGA-A2-A1FW 8.75944012562213 8.99869434174452 15.1871233435252 15.5892721642146 15.6696704595895 13.5571046729132 18.893664418747 20.6800696231502 18.1379915570063 18.4168575507649 15.7952308775454 20.9534978993493 17.9252815642013 19.1961555758727 20.614889202165
TCGA-A2-A3XZ 3 9.18863999545808 16.3881214008523 14.4796432836088 20.5980325584007 13.2674873774096 17.7138812216298 20.2489446734951 18.233261368965 18.7688773355862 16.1462678556836 21.7568855486844 17.3001374887518 18.0354723668561 20.0555942999947
TCGA-A2-A0EM 10.6323587390373 9.30190395985357 15.0340095971217 14.2695796669156 18.5080378636077 16.2344462549267 17.9935544077294 20.6596939037588 18.4912062808712 18.3568417846571 16.0877910993533 22.55923843215 17.4913420534472 17.7448807798786 19.8742682156724
TCGA-LL-A5YO 11.2280800950006 10.8877970098108 16.2092195571092 13.2783855456497 19.2567630661679 15.6130582575072 18.5192242146253 21.0134919670482 17.4844727290703 18.7415006821301 16.3630860997016 21.6548616064369 17.171053121995 17.8057267893247 20.540422502509
TCGA-A7-A0CH 9.31885863598577 3 14.553099509809 14.5645649802325 17.8099250464096 17.4825651594421 17.774279316092 19.8441953293883 17.8416867513424 17.8994401237884 15.7940988857875 21.9285237889396 17.5018231773226 18.2528664360318 19.2586590851079
TCGA-3C-AALJ 3 10.6815741558928 14.373285711177 11.4891184787968 16.5426437820194 12.7933776790096 17.5344835669758 20.6022127768953 18.489899460184 18.7170984389714 16.3326228855736 20.3787560790974 19.9880580674487 16.7726950793823 20.0366804942107
TCGA-A2-A0ET 3 3 14.0204061952177 12.2257942269536 16.3841621364555 12.7373111969832 17.695210226186 19.8861383033177 17.4667616529234 18.1465188302125 15.5624262616215 21.9520470383789 16.8178408765516 18.5681475907609 19.9930521425098
TCGA-A8-A076 8.76634807248643 3 13.2990201507878 11.2246549343737 16.5743062760857 15.2375715039076 18.5942342489066 20.2156311154221 18.3335826483419 18.8168199971569 16.0587472259652 21.8048188187206 18.0741577957884 18.7186131417449 20.2021792230041
TCGA-B6-A0IK 11.3637535805115 3 15.5642467618698 13.6872238966074 18.4565131915819 13.6269197706251 18.3300636984307 20.7505526159619 18.2754115678553 18.8927544784206 17.2580146157801 22.8107946769217 18.5423545369259 17.2384987857121 20.7882872464228
TCGA-BH-A0BL 8.72940432416627 3 16.135999684111 11.7135519869119 18.7537509781158 18.0966274299827 17.8951727671768 23.6921379516297 19.3574683381172 19.1219426953531 16.9228244353348 22.7334446032501 17.9876943893297 18.3954477715143 19.9215523836387
TCGA-A2-A0D3 3 3 14.774786266901 13.0065284108739 19.8105540545699 18.1638786762739 18.063301507883 19.9000646488658 18.0665427930939 17.9044517342163 15.5344745990475 22.1283369269844 17.0470277110701 18.2576092916595 19.3638452632066
TCGA-A2-A4S1 3 12.5991008001183 13.4252344338375 13.4088691252781 18.384682876513 16.7997292447913 18.2577474521895 21.0653838056033 18.1557500990454 19.2786891413518 21.0941293701771 22.3060830907751 17.515311221331 16.9439281323684 20.1921778777163
TCGA-AC-A3TM 3 3 14.5877911633127 12.2609990690088 21.8106815112077 15.4358330786729 19.0589952387523 21.2048747783247 18.0903269604556 18.1665218076876 16.8018597732566 20.8778037740402 17.8332090943972 16.503023750316 19.4946497419033
TCGA-AN-A0XP 3 3 10.3699239761656 8.61658157595643 18.4832234105668 14.1331759484598 18.1411611084276 20.8844519667815 18.172377921534 18.3374534744219 16.9526596249243 22.1351885063362 17.622353682932 18.2151891223078 19.2574396912798
TCGA-A7-A4SB 3 3 15.6821779773508 15.4233749576587 17.7180333671853 14.0009432517167 18.3119321766993 20.7004663786135 18.4447861529468 19.1915104091386 16.2025566872793 22.7229677855937 18.7470899771154 17.4543444629631 19.2469225797477
TCGA-BH-A28O 3 9.25549724082842 16.6068649484456 16.6955235471779 16.7046914573125 16.2542353125341 19.1877207616982 22.1399294027762 19.263481125397 19.3929514633816 18.5298225607839 22.3966935167106 17.5909900240372 17.8017074801843 19.3044833439384
TCGA-E9-A22B 12.4403515598209 10.6886780050461 16.4038601579476 15.5975045976459 17.2283156717329 14.8783009897652 17.7948596783591 21.5829226724289 19.2711844948521 20.5093546150619 17.5555256571584 22.17626637331 19.0207124842277 17.5935415794305 19.9914983357699
TCGA-A8-A0A6 3 3 17.1848206897087 15.3318197710321 18.4660378862306 15.6111736072926 18.7620648816491 21.7765219369391 18.9132835684796 19.3526803278311 16.408332727141 22.8107261737926 17.1736361054691 17.9138240993674 19.8874663922401
TCGA-AR-A1AU 3 10.3176335620865 16.2251886839876 15.490067714865 17.7792147255773 14.7827928328456 18.287837946108 21.4416967700775 19.1331977114934 19.0513349586172 16.2126235007343 21.625510077769 18.6903783052313 17.5221622447366 19.7353231576959
TCGA-C8-A8HP 9.80940041650688 10.0507968192137 15.5916506739546 13.0996855364876 19.2157455210371 14.233643841557 17.8952276591179 20.6730979832655 18.2706591772613 18.7406247788502 16.6600268854225 20.2059222426681 17.8690323784188 17.5616642710896 19.8301089985587
TCGA-A8-A075 9.08288391699928 3 12.9851074934624 12.2876399203191 19.7904067857653 16.499286778109 19.5957232322887 19.9637879526098 17.72796887306 18.6195000202364 16.2228536069666 21.058561874034 18.3947198585786 18.12686172331 20.5239278550913
TCGA-A2-A0D0 12.7901474388834 9.5875596995043 12.1736569300718 8.0133847422164 18.4496077868445 17.1483260255103 14.4912184667506 24.3372449090893 15.3750001994724 16.4601623084598 16.0491997023165 22.277403084763 18.5288059046344 17.1656338421779 19.5404693521221
TCGA-BH-A0DS 9.47494360767928 3 15.326519945521 14.2066931454419 21.0518339839084 15.8744301630063 18.5650004833335 21.2588805538282 18.7773201460671 19.3046307178967 16.2136625412776 22.4950813719425 17.6324946146811 17.6969972395526 20.4661579083662
TCGA-A2-A04Y 8.81434402854897 3 15.5675905606082 12.1118348977513 21.4728914001499 13.8711459851975 17.6024419868242 20.9133413570719 18.264747310098 18.9598980258314 17.2045771747286 21.0775046200227 18.3089159262601 17.7232600348593 20.9489083862963
TCGA-A7-A26G 8.5933178486928 3 16.379332765989 15.6116682388025 17.8702905187668 17.7273108924456 18.6719604513168 21.7990915579573 18.4874600414137 19.2321357283203 15.8962316393284 23.540612331007 17.767055003491 17.9961532180464 19.7432837737953
TCGA-AC-A23H 9.77116923391822 3 10.3862283957586 11.0651870009848 16.5100989028418 15.3460513001969 19.2808161782089 19.7223767196293 17.7701483160752 18.0045888569864 16.5945255268198 22.9284173836775 19.2304824730854 18.2323003434535 19.9535550495046
TCGA-AR-A5QQ 12.1396640043344 12.9669034541769 16.3840056074896 13.9731443612493 19.5973715073641 15.2997799903978 17.5914961544391 20.029198151484 18.2961778721133 18.7115282659657 17.765456465532 22.214463445249 18.1856757922541 16.2149086911475 20.2822420415484
TCGA-BH-A0E0 3 3 16.4835043349962 11.9083110700792 16.5143768022713 17.6840816796352 15.2145990883817 20.3669268564407 17.6547989283072 17.9218827948416 16.0945769258524 21.5734847102051 16.5574470942616 17.8949180661134 19.7755759970514
TCGA-E2-A1IN 9.61496450331716 3 13.5900189145022 11.2735126362041 17.7679444960223 16.1090480366606 19.1656822603059 20.4756286737979 18.1611582526168 18.2931714857697 16.966698301457 22.1125256807778 18.4479776099318 17.7875361672257 20.1718082823362
TCGA-E2-A1IO 3 9.27101510277634 15.2454641504461 13.8709052773808 17.4120585891324 16.8570443034496 20.1629248931047 21.538160955267 18.7536537497675 18.7750857024118 16.7300453666975 21.7737944685064 17.8085229120415 17.6780163722355 19.8032775763391
TCGA-BH-A0C1 10.9302534572092 9.18765109153171 16.4606099635328 16.9506424312433 17.1477550489454 18.1847056791629 19.0386619253455 21.0712356479968 19.217599807734 18.7720649371835 15.686309766074 22.7801870388435 18.0400324634795 18.3641026658814 19.8070878796374
TCGA-E2-A106 3 3 13.5561045789071 9.84121374445831 19.0351431521829 14.1507833769409 16.8565844168991 20.0157442010668 17.7603546919739 17.8905742008003 16.5297901338371 22.1648371457964 19.1868864137842 18.3403987401544 20.3763046197522
TCGA-AR-A5QN 8.79476983149151 3 16.7423577038953 16.1022822593915 16.6601858772368 14.749849093642 18.0850773490436 20.9422115066053 19.1721992505974 19.3412438299573 16.4011593659344 21.3962168343879 18.1329558976848 18.2833786674373 19.7434540399313
TCGA-AR-A254 3 3 13.2463642919413 14.6965604002269 18.7058709709369 15.2810813139641 18.874456805767 20.7536605942069 18.4105648189098 19.0573510451056 15.372779031239 22.2460991135498 17.3524635297717 17.82210801352 20.1353350618529
TCGA-B6-A0RU 11.0519478991341 10.2990860584421 16.1344894012059 15.5985487119598 17.7824313868606 18.8151565106959 17.0080157105997 22.2458335780214 18.5660153184029 19.1486092823234 17.7007879524342 22.8652731004978 18.7967209358326 17.415650366908 20.241469266117
TCGA-A2-A3XY 3 11.1249665032922 16.4234690221577 13.9534529755532 17.7004928513273 16.9261001370717 17.9839952706536 23.3843794555103 19.1999796962233 18.936407925181 18.8370268389723 21.1771499514823 19.3208298290119 17.5164151206561 19.6354032433266
TCGA-BH-A0AV 3 9.21396940556205 13.8543997980225 11.5324340591809 19.985840755793 15.872200557984 17.4044101706754 25.3747889631754 18.9439697113997 19.009649233804 17.0457356098278 22.2387278656499 20.3900896495189 18.4955926535012 19.727492429655
TCGA-A1-A0SG 3 3 15.9681373528784 14.395115495418 20.5908039516138 14.2079951912265 18.1238449193641 21.064429031422 18.6336174108868 18.7259753366604 16.5062165936939 23.4128020882322 18.655877006047 17.6095503266097 19.9808534076584
TCGA-AC-A5EH 9.27880425580342 3 12.1047965412204 13.2101017418576 17.6075726813584 14.9890490738562 18.8771859223353 20.3388011438409 17.1513151775065 18.042179032984 16.6206189072779 22.6545240075426 18.1481296165371 17.0959723787351 20.058550892735
TCGA-C8-A138 3 3 15.7476067661212 13.8293966731816 18.0380979076181 14.6923145643379 19.1596129032902 21.4899763282825 18.1401675740575 19.5579717790968 17.4769423757714 21.3420826321813 18.2956260643033 17.8973991806475 21.1474131527813
TCGA-AR-A251 9.02987268968984 8.28841210608539 14.4248383643008 12.4982092021497 16.201963160405 17.5793299851652 16.2184123431128 20.7522173643367 17.8728535223087 18.9120161962148 16.2968698972738 21.4908520925882 16.9209527193161 18.5503245552933 19.533552538589
TCGA-A2-A0EX 3 3 16.8378233593387 15.4238604676836 18.2136313130344 17.3606071455258 19.6421135737784 21.3468534636168 18.5417554829562 18.8725907805316 16.4970458428068 22.307138628912 17.5160373209206 17.4357409142928 19.4412612323598
TCGA-AC-A62X 12.1228665037901 3 12.6422260264047 10.8326585270312 16.7193085490362 15.1613666486871 16.7318172154018 21.5858140603941 17.8640276685391 17.3779527045188 15.912655974457 25.2169698163275 17.6719280119973 18.5133187383845 18.9314813825884
TCGA-GM-A2DI 3 3 17.8970632712761 16.0530284201287 19.4093817387058 18.6384052989701 18.8971214358628 21.6062866325304 19.7615387439901 19.8961377196347 16.3539262923445 22.110044536005 18.7898648004934 17.5007919405605 19.6360417389649
TCGA-D8-A1J9 3 3 10.6484755528406 10.8060387466447 16.9212906130102 14.2270850151917 18.1344265917641 20.6495508788194 18.3628707997564 18.6040057909576 16.1899314502658 22.0170783811945 18.3315374738887 18.1698505687086 20.4516911466312
TCGA-A2-A0EU 10.7294613438452 10.9718003115567 15.1727135957281 13.3220581656068 17.4000007917001 13.5186499433131 17.2494190590513 20.4160242184025 18.1478049034682 18.4340523866627 16.5932961626769 21.5337302654252 17.7531640667836 17.6644297195817 20.0439340695243
TCGA-BH-AB28 3 3 16.1801864512171 14.7931810890964 17.2290712981352 16.8468862831396 19.3456518221944 20.8540241533764 18.4969549488519 18.7280331817161 16.2896572245388 22.1069243295778 17.8485331682185 18.2111328324818 18.9431310024372
TCGA-AN-A0AS 3 3 7.1900385049372 10.9153456555061 18.127927817011 17.068809696958 17.1678274680022 20.9234215420349 18.0741582455747 18.5238561946399 17.3554415146149 22.8714397121454 18.328449242296 17.5431853390629 20.3276557295021
TCGA-A1-A0SI 3 3 14.0634760284593 10.4977110038853 17.204171672045 17.2152171858913 19.0295874979354 20.6988841562429 17.9637174916519 18.2958362611512 15.8419127207169 22.9978246053329 18.1443734947655 18.3372228646786 19.5240268546379
TCGA-BH-A0B9 9.3607483983814 8.61619688606539 14.6223856373265 11.7223964228876 17.6456048501972 12.5514547884156 15.3339720337822 22.1675472322274 15.7875342240715 17.3911374148512 14.482103482782 21.0634344143247 15.627692733063 18.1648472410714 18.8626097968784
TCGA-A7-A5ZV 14.3299145479719 11.7687053043111 9.98320114699783 9.59100532174473 21.3880532208007 13.6436901034286 15.5826538275302 23.5089692960456 16.9820172835249 17.3676139650102 17.4857918967007 22.9756212979399 17.0869827534285 17.3249385478257 19.4728765630171
TCGA-BH-A0HP 9.86976083392551 9.12163627579914 16.8252879775225 15.6120049204225 18.2044992346449 15.3419677759148 19.9541681280429 21.8533718022965 19.2519829439447 19.7249439361834 17.2079864858426 22.7589103705819 17.599319978437 17.8348648046916 20.1194547708043
TCGA-B6-A408 8.94678034139558 9.18653940676183 15.7884763643221 14.971874941247 17.6645528492828 17.6835956474245 17.8032544980731 20.4033679010635 18.312730004339 18.5758002528284 17.0078950888953 21.0211864947572 17.7784480721747 17.7665295357469 19.8646638852467
TCGA-A7-A3IY 11.8004074010583 12.0432996576893 13.6692716042382 13.4456900811369 23.1317063432492 14.964703834127 18.0923785710383 22.0557110377787 18.7983617530411 19.1727151668859 17.5070354938261 22.0686710075264 18.1759513935511 16.7061856320945 19.8181699986166
TCGA-E2-A570 11.0167028640959 3 14.655094284634 11.9093900417359 21.3199620198266 17.2700100582773 18.7564379446307 20.0749781515451 16.9551712661002 17.9600459742711 16.5665536986132 21.83451376758 18.0026452646254 17.1820095450624 19.9159990181817
TCGA-A1-A0SD 3 3 17.098573416389 15.1215908078047 18.1866026070918 16.7781317798177 18.9511971144279 21.970905277193 19.207019676429 19.553115139625 16.9345665918231 21.9274352460558 18.0196301409235 18.6029183456782 20.0480807242015
TCGA-S3-AA14 9.69148754085358 10.9267969269381 14.9979323557726 12.6401237607929 16.1290855620931 16.3085462417696 20.0630659389594 21.0542355734811 18.6720831410667 18.1479132772293 16.6118078391035 22.3176958195181 18.125536273446 18.5386581334432 19.5046426419408
TCGA-A2-A4RX 10.8220301292229 10.0698140573139 16.2010072466708 13.7033589337452 17.2898396838203 18.3050180747329 18.8877012505353 22.4640487326277 18.4179504582115 18.7022415484542 16.5660281375107 23.717861125581 18.2214770830305 17.0105153800935 20.2002525397589
TCGA-Z7-A8R6 3 3 13.7757100966398 12.5497041599642 17.9286459350547 18.3432180783402 18.1115939544258 20.31909276223 17.4139934168545 17.9179787047845 15.6011228395141 20.7357706267515 18.6334364796501 17.3087489381003 19.9627608559801
TCGA-A2-A0EW 8.98372004914791 3 16.6932278354901 17.5348912302037 18.1152709239986 15.3385934405826 19.0479295114613 21.8213236630215 19.8845993630052 20.3431154355303 16.1766688588472 21.9803151893144 17.6398368907876 18.0032725047453 19.7239598431876
TCGA-C8-A12W 3 3 13.6657889228345 13.8015649183377 18.3973144069333 14.6387648480441 18.1024906818631 22.0087568929246 18.3868315684166 19.1859999333726 16.08783692655 21.0407348291175 20.3666075246264 17.9383287488329 20.0014639761985
TCGA-A2-A0CV 3 10.5285114325397 16.6917740261738 15.1389192942391 20.634038777873 18.5983983104473 19.4069333312872 21.6184987641764 18.1380277963815 19.0878438776455 17.3435335808654 21.9894001680086 17.1684315007125 17.864350291502 19.7889290244044
TCGA-A8-A09E 3 3 14.4818537186849 13.7622792170176 17.3102117336988 12.7718613655199 18.3512689435601 19.4643701443533 17.9485786488956 17.9193100454987 15.4398198674722 20.8898799088428 17.7199008235969 17.7167373156898 19.5025833571054
TCGA-AR-A24N 8.75085317860584 3 13.4149350608557 12.1553445044948 17.0153199715667 16.3045218569645 19.2348360398155 20.2947816883702 17.3507226847472 18.195010193348 15.92970242816 22.0019610134713 17.0126679003515 18.0196307749952 19.5017463593497
TCGA-BH-A0HA 11.3969518261726 3 16.9478952508528 14.4071615814549 17.7581075054837 15.0910532828853 19.5476995320153 21.4947024466087 19.0272946791414 19.4480565147736 17.8559746351527 21.9190280755439 18.1935901385693 17.5789688304145 20.0826477970792
TCGA-A2-A0YC 10.2890981358899 3 15.3823545792504 13.5377178716555 23.8662193746134 14.2602604553135 17.8081090628658 20.7702869157586 18.6360779051961 19.0439696134713 16.1910151309937 21.5787585013424 17.896017551048 17.7497935869775 19.5225786580524
TCGA-OL-A5RZ 3 3 14.9356812615892 15.0874076633338 15.2900935182963 12.322076302403 19.9230622292284 19.4260624377511 17.7757760784108 17.594930057933 15.4253271380253 20.9595506419625 18.0646194035779 18.1898972084234 20.5855341293547
TCGA-A2-A0CR 11.6670609152521 11.9099045092397 17.829203989593 14.2664925530141 22.5963145272277 13.7881786920695 19.3197701236109 21.8975700636493 20.112428402586 20.0536229011095 17.2481891554527 20.8914225820893 18.1101685655161 15.4746176714488 20.0002674563017
TCGA-OL-A5RX 3 3 15.4824432308241 16.0804949649899 18.1056511321121 17.842984176724 18.5680809995758 21.2730708102235 18.1288788336312 18.5455321370521 17.6515899168231 22.1697387272595 17.831345659333 17.8670874455672 19.1065283704169
TCGA-AC-A3TN 3 11.6838929390517 14.3752836222175 13.2682230970488 17.8114584456552 12.6430653832266 18.665399784787 19.8882851454918 18.2737849825697 17.9991455156687 16.5664176905538 20.9508673484932 18.2043143366156 17.4517622554564 19.0269574592705
TCGA-AQ-A04H 12.2452778045806 9.04882002326509 15.2877065776351 15.5311605515886 14.7378531697685 14.3145745272927 17.0888033246295 20.8265773434245 19.2310750352925 19.4468334156697 17.4433046790719 22.3584172509423 20.3244604218892 17.8636682224083 20.284387381399
TCGA-AC-A6IX 10.0316239439284 3 16.7654923463334 15.0549963998218 17.2411592007447 15.9351141050323 20.0499532018797 21.4013632740108 19.7813720856046 19.6734702722523 17.0454388745926 21.4489304254399 18.1867803751631 18.5240376984188 19.7202324835314
TCGA-AR-A0U2 9.81932183690443 3 14.0356654935772 13.8946339847041 17.0292210962746 13.4585242858523 18.0676507482221 20.4352921806525 18.1883065153637 18.5977347977473 16.1805937416898 18.9857261937343 19.3840267131964 18.3695490395045 20.4243111094175
TCGA-AC-A3W6 10.8232646134851 9.49143707364497 16.5410169507841 14.9797250761307 17.2003136694472 16.8146783803973 20.0573354415729 21.745403822934 19.7945870482281 19.817301048354 17.166227944491 21.6546821307326 18.7433580263055 17.7091826748379 19.8705926870096
TCGA-A2-A0ES 11.0412560232915 3 16.5447174008047 16.9353139234522 22.8042394037639 16.9098328235265 18.8863145051586 22.4611574598188 19.4162232830986 19.8469641350502 16.6315810538478 22.6554681388133 17.9665804295215 17.7465122743187 19.4244878608789
TCGA-AO-A03U 11.4184852556997 9.09397144608495 15.431092649242 14.3100959127864 19.1160340801513 16.2889458147519 19.2391866139178 22.0181844728026 18.4209701576411 19.9310366509885 16.6172765053159 24.2469172971449 18.2496191935597 18.5212849787205 19.9072027298432
TCGA-AN-A0AL 12.5454262169079 11.469037941806 16.605126270039 14.7557264847665 16.7941464462386 14.1871288064231 18.8173764642266 21.0370026935512 19.3889322677364 19.3260888791246 18.0657073625693 23.1162470112744 18.6000453621893 17.5016848075904 20.1628921176669
TCGA-AR-A1AP 9.37454769864034 10.6078636891886 15.6736895540931 15.0149920686945 18.1524387768027 15.680864118602 17.4816216324599 20.9986546937102 18.3314975049589 18.4934780984408 16.5493515786805 21.8415667070184 17.5223472576078 17.5179684940624 19.4322338749666
TCGA-AC-A4ZE 8.95629606868271 9.19607906494882 15.4338229341364 15.1009049515664 16.5829465753962 17.3171252068285 18.216432638493 21.0712399152489 19.8144196588847 19.3831070296611 15.999230267708 20.96737849935 18.7192599575539 18.7028553313831 19.7180312537046
TCGA-E2-A15C 10.1526614655921 9.403030441629 15.394701208561 12.6076904443908 18.956442277373 18.169437454326 18.6048065704069 20.7802896990231 18.0162037011535 18.6136769488465 16.8279366768848 21.9887988878844 18.1354425553959 17.991909118212 19.3768373964436
TCGA-B6-A1KI 10.2782030621433 8.95082518011148 15.8645033104341 13.9185336596464 22.519776695793 14.3434287551741 19.039245001638 21.4630324046681 19.5626224315036 19.8421835572032 17.596195187676 22.9871083023908 18.6447448243538 18.4313982240126 20.0817375831469
TCGA-AR-A24T 8.87010254982563 9.109662894132 15.4069000563215 16.0414643376627 18.0008648781276 16.8341126499427 20.4532404387533 21.9084056285762 18.9494222368676 19.9310836029382 16.6621402137091 22.1025256177415 18.2995630356294 18.1497008513052 19.8530127291064
TCGA-AN-A0XR 3 3 9.81669468227255 7.40730339017089 17.6070612757343 15.0862425801158 18.0347255073063 19.0783769576441 17.0900868462928 17.1454166920014 15.8885500008825 21.9118832961919 17.7435162802771 18.1174745759031 19.7440990548853
TCGA-AC-A62Y 9.23153408466921 3 14.3092664549016 13.1378140618053 19.7131677622895 13.397860741531 17.9916998251287 20.7500276743852 17.93737464637 18.9766376696942 16.7396098756562 21.6731578751022 17.4124279038322 17.3355815048109 20.0718066076946
TCGA-A2-A1FV 8.75342369823026 8.99266058643935 16.1064922582066 15.7260486352203 15.4169430710739 14.6362681299942 18.2812520233608 21.143941297969 18.8204023158187 19.7894179790868 15.8020557533858 20.7590280305743 17.7908103751255 18.2476464835594 20.1000338534143
TCGA-B6-A0RT 3 3 17.3824931641558 16.2215090132615 18.5344340014648 13.8461411477247 17.6475918040483 21.1336887962842 18.9604254486529 19.63298190695 16.7357188858397 21.5106175300273 16.6380793105774 17.3581969969978 20.1372327902017
TCGA-AN-A0FN 12.3759428504624 11.4836968563756 17.7571053684626 15.4624121545586 17.5897974228086 17.9039639643882 19.8530704269221 22.472272093203 20.0444904246274 20.8594410527165 17.7267817376212 22.3807972238424 18.9712432977909 17.3082822630563 20.4200079707824
TCGA-A2-A25C 3 8.53402615172705 15.6321655535327 13.8607875776498 17.4192386112522 14.6323585268241 19.018784627001 20.9054254962887 18.5598558605222 18.890617199744 16.3809497029925 22.154790409186 17.6388967281245 19.393136413372 20.3847209605732
TCGA-BH-A1FG 3 3 14.2080437400693 14.4243784724905 22.2358818021242 13.0276713220356 17.6808991491927 20.0261055821299 17.3946623254558 18.4336625960072 15.8396076232348 21.2785378741982 17.9864218872448 17.6213584091488 19.620830606061
TCGA-BH-A18M 9.06173209877367 9.30176992941796 16.9647375516459 16.7188362002177 21.8034127310189 17.2218761578193 19.1400308873573 21.3578012550419 19.5152454225538 19.3508395786517 16.4856464789438 21.6489408089118 17.5969411345401 18.0898772931328 19.5957808081847
TCGA-AR-A24M 3 3 10.417227825112 13.4139601397909 19.6948829617152 16.5872223774417 19.0249440405311 21.6891479680398 17.9850829403566 18.9052987499198 16.5220580507335 21.7198596828583 17.5796397888585 18.0372606483828 19.8698845505711
TCGA-A2-A04T 8.99234591353862 10.8043298106216 13.6139503281999 11.3134113213536 18.2221637693765 18.2354224108255 15.984838895429 21.0656126405326 17.8050572007841 17.9664050441527 16.2776955635965 21.8196042900767 17.1009842000062 18.0398676702704 19.5095758382351
TCGA-D8-A1XM 13.2180368374933 12.0843682919726 16.4375378596422 12.4912174318477 19.3693141760897 16.7696269286083 19.2654394779866 21.1481914732899 19.006513183529 19.2187355342098 15.8979938238358 22.6739402338158 17.8891023817284 18.2974126931009 20.0434007293078
TCGA-A2-A0YI 8.75987086832136 8.99912632224815 17.276373704533 16.4987521248959 23.9398667947086 15.2938385693005 18.8717472697312 21.5495082104677 18.8115381626565 19.5299937374583 16.1557139290841 21.0153213678818 17.6169840742643 18.0075675018183 19.632047227557
TCGA-BH-A0HY 3 3 14.1573570106718 12.750384024635 15.8244793829467 16.7124393097864 19.6556303135727 20.5990133957783 18.8698708646898 18.9164636687668 16.1007286602548 22.5143702835615 18.1228484351255 16.9281386467947 19.6027441273536
TCGA-A2-A04X 9.01401706675613 9.25394188187123 16.1494801308309 12.0705348426097 20.0471625844311 13.5782531651524 17.8967457231239 20.6049306322954 18.2265295659429 18.9534983761172 17.0531424481931 21.985596332565 18.2626779316146 18.4588789307057 20.0673745837589
TCGA-A8-A0A9 9.71648829520365 8.96931123794194 13.382357714209 11.1878875038443 17.7063524726249 17.2532184575035 17.5929784383133 19.9997894229575 16.440569336899 17.8165277578981 16.3126069923044 21.7216305225229 17.6357734523999 18.0231321790265 19.4007740616791
TCGA-AN-A0XN 11.1101713039203 3 10.8241090791211 11.4360933945478 18.3205588955458 19.2563564721875 18.7246082723709 21.471367259196 18.8260168484104 19.2609824974292 17.2966227512905 21.7859783868614 18.5220474471637 17.8055943493882 20.0057152558451
TCGA-D8-A1JF 3 9.02353269854829 14.1365533799238 10.0704527250692 20.871843061227 17.1142146753325 17.9989707056575 20.2705613309135 17.4120605720756 18.5101023953638 15.898253235083 21.3736704322738 16.8774971437209 18.2543838867548 20.5910649659025
TCGA-GM-A2DK 11.4071848690203 11.9711292584941 17.396554658565 15.2516034602785 17.4593183414483 14.9381634752117 17.0515378817969 21.4938970721942 20.6796400403888 20.4928776760247 17.1440142486051 21.3838967875057 19.2450562598063 16.7104317097361 19.9765024814817
TCGA-GM-A2DH 3 3 16.3479222367534 14.1394911505994 17.4414072110876 16.5100837857026 16.92908783969 20.3209640050366 17.9605598075868 18.1371721762972 15.0028608352026 20.1138762203863 16.8118783493127 18.6722678350353 19.9641224713424
TCGA-BH-A0BO 12.4601383100761 10.7083976905301 17.8195837554884 15.6755022996814 19.3377713060746 18.4505856537778 19.551690001065 22.0269635597575 19.7598747657046 20.2621103575581 17.4880299166579 21.8927603671474 18.2561389108396 17.8047165011932 19.7589334286894
TCGA-B6-A0WX 13.1913676998526 13.6688797061018 14.821481797139 13.4244699934394 18.2860772334059 19.6039580012871 19.3885665048918 21.2354722967188 16.9783371065669 18.1433925335775 17.7563380259436 23.3440545749048 17.6991453911608 17.254850044244 19.4058166355238
TCGA-A1-A0SF 10.2878245093448 9.53757112469515 16.1763816155447 17.0138507666438 17.5497540019611 17.2745034816612 19.513806855679 21.3801216890947 19.4728673697329 19.2216197791995 15.6750297995938 22.0384151025314 17.7476997379068 17.5013546097619 20.0174654931122
TCGA-A2-A0CT 9.3182164094805 3 15.0684285076312 13.083235811566 16.501501544623 13.9987842921045 18.6555175999753 20.4264088041975 17.8436990898248 18.0592675188118 15.92767033639 21.705008336539 18.1439624633553 18.751200071206 19.8998863343315
TCGA-A2-A04Q 10.136974109063 12.541943707948 16.5452285364544 12.1139935551886 19.6574005272564 16.7847556197474 17.9820206594587 21.0907919384733 18.0576624339396 18.8762170456533 17.3902106523533 23.3954598716566 17.3844986175558 17.2286534045692 19.6695422407412
TCGA-C8-A3M7 11.4486242348651 3 17.5688473929327 17.2416776281698 15.9511758308866 14.5229320335089 18.7982717644598 22.2800307467085 20.1731364221522 21.2031087528433 17.1447331277692 22.023520405321 18.2482790968219 18.2300615428724 20.1347949861859
TCGA-AO-A0JG 3 3 16.1922764160869 15.8109890071524 16.8976000931019 15.084655447751 18.6469298434407 21.3495323024005 19.4128270728032 19.4507345647562 16.6503101411431 20.7575918816259 18.0231730324702 17.7452924931607 20.0069012041657
TCGA-BH-A0BC 10.8005594185626 3 16.3540570996214 16.0392672855415 19.5870632695148 15.4827069414219 18.2465483349216 21.9801697850441 19.88257387833 20.0597532295188 16.4637720874137 20.9712846224512 18.6044894692846 17.4145728957513 19.956061464713
TCGA-B6-A0IQ 3 3 12.1749977991513 9.60797552725337 16.8830497168601 13.7541540711041 16.114720808183 20.2800665903588 17.2690933105494 17.2472964375827 15.7356555553354 23.3885141888365 16.1776236670661 17.4362039395813 19.0988827263184
TCGA-A2-A0EN 3 9.13907393374498 17.6773557457557 15.0765638985198 18.5782740255428 15.4714935940037 18.7396390235809 22.0508226829072 19.9714267439617 19.9689733246069 16.8053246360489 22.0768846926576 17.8025029570662 17.7727139227019 20.0898812460109
TCGA-AC-A2FO 3 9.31577794646729 17.3472737862022 16.36682332912 17.584631301926 15.8475679385335 19.129331704623 21.796322962488 19.5786527931925 20.0695757950804 16.2311096719654 22.071508654304 18.3612636902325 17.6482482386888 19.6463263899738
TCGA-BH-A0B5 9.87284737183189 3 14.7132542266043 14.6222647041602 17.3204101745103 18.2332722140634 19.2756078040649 20.7822805300574 18.6539015922716 18.6789285293034 16.112737772482 21.6996392788363 18.0447424929062 18.4272497343742 19.3608128567466
TCGA-5L-AAT0 9.77593371248256 10.0172831850661 16.7540504440735 15.152378582959 18.0945720500739 18.9930445820197 19.7617632238275 21.0358312081337 18.1889234355029 19.023530980916 16.5960685823697 21.9332715330871 18.500138149113 17.4005427505767 19.4705761247288
TCGA-A7-A4SC 3 11.9229867663127 16.2033390089825 17.2443815008811 17.3329167558638 16.8418980747466 19.5959715451092 21.1384533464809 19.9511701104691 19.3881117022847 16.5358992102749 21.9897532665207 17.840941831953 17.71352746012 19.167395482767
TCGA-AC-A3BB 3 3 17.7468510549517 15.4101664773527 19.5309029070134 15.5050934001151 19.5757748940258 21.4524666218819 19.5677763878032 19.6508066283045 16.4811113203863 21.3597382255819 18.0594381757156 17.3370370712747 19.9068099325342
TCGA-AR-A1AY 9.05240336772936 3 13.721422706718 12.9439092381407 16.4590659644963 18.4370187526644 16.2581931047021 23.9068756147778 17.645042225371 17.6678492973013 15.9257834682834 22.2852810586825 16.8425113098636 18.1815474281374 18.9206976928239
TCGA-A8-A06Q 3 3 14.1680831535583 13.4662117019037 24.5720216590406 14.385504950535 17.572970883476 19.2048631381101 16.5366526809179 17.1841354706102 13.8870921318315 19.1387788950411 16.9040873975583 18.2577791375 20.1579313300989
TCGA-A2-A0T0 8.96325753918219 3 9.47638409076075 7.63800977162479 17.9852066137561 15.6246674346882 16.7413112611169 19.8709636513175 18.3080042146819 17.9776410921365 16.3998158237957 22.0377073665173 17.1977672288122 16.8587483202561 20.1852514291791
TCGA-A7-A4SA 3 9.87605491710204 16.4153946642383 14.5756278456971 16.8117372449662 16.3789538112373 19.0286711609643 20.9103247991398 18.7603362441898 18.9096891723548 15.6792913960578 20.4329874927429 18.9535927452161 16.8726113361135 19.3587648199436
TCGA-A2-A3KC 3 3 17.1673006050119 14.9934491508689 17.211976622758 17.1063184082664 19.6277290357321 21.6761692884223 19.5021983461984 19.4948226993821 16.8146387420312 22.0371472129214 18.4977886241615 17.8396407924932 19.5173608168331
TCGA-BH-A0H0 3 3 13.9616981676521 12.9177504657668 14.8954190410052 12.4591157758809 19.1240771550659 20.0510536319577 17.8731038356774 18.3419734817239 15.4626106865256 22.6203590417784 18.2348863804199 18.273823875069 19.969667489435
TCGA-A8-A07O 15.4767715585505 8.98793797915323 11.5675098263589 13.5774381375077 17.95764361051 14.4657607466862 15.2516568765126 20.2352885824988 18.1945555490491 17.6957220497699 15.7370675796357 22.1176599075178 17.997672599928 16.9117127192518 19.0367064229101
TCGA-A2-A25A 3 3 18.2643760700167 17.4522872770003 19.7750776619487 17.5623120724045 19.7624014672423 22.8634664527979 20.1482698248468 21.1468299141666 17.4563291327311 22.2014903589473 18.2082726527892 17.8999761940677 19.9750408845864
TCGA-LL-A441 8.73987502671392 8.97907262701007 17.2834646728425 15.3518245705198 18.0490526031133 15.5222425755417 17.2531788233824 21.9824261569436 19.096651936005 18.8231785896787 16.3552262031867 22.4764493212692 16.9838351113488 18.5773371355358 19.2620189767361
TCGA-A2-A0YT 10.2527211792027 8.92559489463229 16.8956920835418 16.3997396059797 17.7513292904628 14.7523629479738 17.5551644581577 21.339300907872 18.8481685589043 19.2300074912655 16.1571553679028 20.4657898767986 18.9196145767365 18.5248218218148 20.5221826268723
TCGA-E2-A14U 3 9.04982764221168 15.3177397728325 14.0964997611851 20.7111531477731 14.6708048705171 18.0301739253256 21.4251025763774 18.0402791204579 18.4955236492613 17.4189144459245 22.108130734784 17.9066131424139 17.8052711485237 19.2053069079097
TCGA-A8-A083 12.5353654119494 12.5722600716316 13.4488743971673 13.5943149453478 17.3360787360995 13.7615167800018 17.6295202613371 19.6900620954167 17.840977275997 17.8839062153344 16.2491050353393 22.2119345085288 17.4231699521116 17.2616264529416 19.4647225196962
