X387522 X2353 X10333 X3725 X4214 X7099 X6196 X351 X6416 X246330 X6195 X7187 X6885 X466 X1386
TCGA-BH-A0HW 6.9214264264309 18.8978594680386 12.2029137163718 18.6542858391382 18.4056371654268 13.9802346119734 16.6125657489716 22.1673539606094 16.5926151579158 16.4615670169224 16.6104547803203 16.6834462497819 16.7444792529357 17.0632297134786 17.6796369287217
TCGA-BH-A18S 3 20.9973575716865 14.3149679456984 21.3823486568548 18.6143742741151 15.6127384571278 15.096619192701 21.9335204875073 16.9396503548286 16.739233369743 18.0346816148888 15.0363446993208 16.5429681043343 17.7945318063678 18.1804943879597
TCGA-D8-A27E 3 20.0831282804438 13.4926263953508 18.3937961861512 17.9215196808541 15.9337867366876 17.0824462539527 21.9481386866255 18.4868597899454 16.9778223857482 18.0779569620419 17.3558735784609 17.1009463676732 17.2476309475595 17.9322814795008
TCGA-E2-A1IH 8.95529872285503 23.0481686368442 14.5834332272226 20.4413878672822 19.2470111777926 16.9027071666704 16.8876441558395 21.2700709421949 17.3363666998368 14.6022701015163 16.8955693824062 15.8542978072971 18.1424421916118 17.9217657092859 18.3055474713216
TCGA-A8-A091 7.50329175738434 18.3345810451335 13.8323321722215 18.3082396440509 18.3471725725344 16.1304950709175 16.0889495408212 22.3009178460252 17.8355133899073 15.7771008293527 17.4732375107948 17.6937281870007 17.2720102188577 17.2008633586591 17.8398155080359
TCGA-A2-A04W 3 21.6365970577499 14.0811201687532 22.9478837629941 16.3657029276127 15.1612801909239 17.9668053961406 22.8828795633649 17.2454048524352 16.5070616638517 17.861949899509 15.4862176008895 17.4640049261753 16.2338815916185 17.4323241573096
TCGA-D8-A1X5 7.47289917319397 21.5075786674122 14.4111248436397 21.2250648844587 17.6325325223812 17.1068159850571 16.8229259830108 19.6744325282486 17.5199897309063 16.6762918229386 16.3504102795872 16.1003084548561 18.3213675324792 17.5975498625197 18.3726128056536
TCGA-BH-A5J0 7.56651686633122 20.3477930431526 13.3524383246614 19.7661812681364 17.6507882287762 16.1864662179995 16.7651202866986 20.6239783560866 16.5055992964521 17.2623785563232 18.6890877500244 16.3544657564322 16.4924313810259 16.9281048331827 16.9275037657281
TCGA-A2-A1G1 9.03460046692462 17.6000178059001 16.9353718936794 18.3174994233671 17.4492770298629 17.052035436341 17.4053990126372 22.9085428563305 17.6711941301424 13.8817385075859 18.3194262769601 17.2897052207128 18.4146233320821 18.1949679213046 17.8682342814712
TCGA-A8-A097 6.71053013122073 20.5366344912603 14.2475892890351 19.450637940338 19.0853927946485 16.68124626565 16.3197422339559 21.2553141477801 16.7990282043942 16.2024267236786 17.229762787531 16.1424107030727 17.1514818429537 17.1199024002085 17.7595322575981
TCGA-C8-A130 8.18835180394547 18.197618045485 13.5887710440312 18.9743384619235 16.9221379555939 15.8650186707186 17.0184298164119 20.7535811378894 17.3706947913299 16.5617187553553 17.6334360339515 15.9135816043773 16.6330301414192 16.4688161593628 18.5224387449315
TCGA-A8-A0AD 7.47612511681178 19.1672114379652 15.183738528512 20.5519902703284 18.8994853677983 16.6211566031486 16.2350219309654 22.1329411809543 18.4708705570054 16.192315918833 18.2786739304065 17.2309190820622 17.7073704163312 17.2192593261023 18.1069350362039
TCGA-A2-A0YL 3 21.683444370661 15.1101420121064 20.9110294271666 19.5752315696901 16.7658764345988 17.3205495708879 22.4019726525306 17.2979807774868 15.7280729563177 17.2992892715499 16.1959612818275 17.4415257259516 17.6547539528338 17.8331160953578
TCGA-A8-A09G 7.8751919523594 16.3212344741462 14.3211950638511 18.9369866789159 19.024206783843 16.6459673759523 16.7911380922117 22.4247612577892 16.713461626152 15.4878945561823 18.553681252668 16.8860126339045 17.3339282149958 17.8721281095918 17.4200597411681
TCGA-A2-A25E 6.96018280808134 20.4706027460041 13.6419187112704 19.9302677480166 17.3462002868822 15.9889733400307 15.3452824230263 21.3914393169293 17.7573757975446 15.311804365144 17.4858483500098 14.9482897023984 16.8739898681279 17.7631448485735 18.4017516968355
TCGA-LL-A73Y 7.10808649264688 22.6916398683163 15.7294887684536 22.3692071539327 16.5302093064741 15.7512420435223 16.9412720147284 22.3919876451743 16.9797192179824 15.8272900702038 17.6502146349997 16.5450201407438 17.8902188092132 17.7812213085384 18.2893392445439
TCGA-AR-A1AK 9.1853636991737 22.7064104451266 15.5451639904641 21.7150233036603 18.3020490175868 17.7698630993251 17.0722506385063 21.4330186340164 17.7379346077825 17.1543695111017 17.3071912135981 16.1221255512557 17.2549585182806 17.2685472120229 17.6482599185166
TCGA-LL-A740 3 19.6436170688608 13.2378205400813 20.0136801626311 17.4560600078968 15.8624722649437 16.6753049646952 21.6150119338875 16.7516817244827 16.5737053868791 18.9324662735135 15.9427743856785 16.839773611532 17.3550770715886 17.5932578831176
TCGA-A7-A425 3 21.078851698945 13.501321169661 22.021136547449 17.9559791604948 15.564568707762 17.20413148176 20.5871907577256 17.016077057546 17.0816025017602 18.2358747310269 16.185898818223 16.9620203320637 17.1553870019958 16.4587703870188
TCGA-AN-A0XO 3 18.1111932784631 13.3042985526867 20.2289416468542 19.7563445264446 14.8419066968951 17.1945022697501 22.6692886561504 17.0167821849382 16.1632419874707 17.9927270906387 16.9428509581707 16.9075779471668 17.7538536744182 18.0925517320147
TCGA-AC-A3W7 3 20.5538371809058 13.2043399633065 21.8455399690512 19.2215809402154 15.4345156776677 17.4636483081644 21.7792399467003 16.7297862920723 16.6765441374696 17.8521176619776 16.9156206570636 17.1918729809217 17.4183224389734 17.1740763990527
TCGA-BH-A0H5 3 22.1028636213648 15.38791500923 20.4453161937936 18.7219364422846 16.9185271915147 16.9123210722036 21.428136163544 17.5366400074721 15.8363206874008 18.4320427942328 17.1631160530287 17.3614343978875 17.5190377353778 17.8065481142125
TCGA-C8-A1HL 3 19.1673285776569 13.108477930124 19.0734691386418 16.6123374721802 16.5901299409392 16.7449227129027 21.4372204087651 16.9705068916365 14.9908530150315 18.179389821093 15.4440114981723 17.4572450037696 17.433466960815 18.3360865693041
TCGA-A2-A0YF 3 19.1106494669137 14.6703517531814 18.6777570245075 17.5434942607412 16.6749115085596 16.5930321663377 21.0291357183451 19.1893707195455 16.3474724014226 17.6951434614443 15.4251223205128 17.6889996679777 17.5124940587218 17.9466370778841
TCGA-E2-A15J 3 19.5650032863215 13.2308913612234 20.9545472301643 18.7940026739153 14.2303706303046 16.2250000880152 21.8078922747815 18.1066010259667 16.1646037138322 18.3808626461566 17.0331830059416 17.3004621521952 17.5044687306803 17.8220334463953
TCGA-BH-A0BW 7.12142445022779 18.0877627761566 18.0273801114923 19.5173805831823 17.3727474210834 16.7089259778787 14.0639920186181 23.3324932068115 16.526842908978 15.9099887444136 18.2578293786463 16.4589457043876 16.8818700339988 17.0715438907387 18.2596268535838
TCGA-A1-A0SJ 7.21119693449236 20.5788298113856 13.0896590896145 20.8114569323679 19.5948453467017 16.4660026966364 17.4222568246115 23.1089707287237 15.1937745364215 16.7153502001279 17.0778013311643 16.3084219221045 17.6292481988452 17.0550926647461 17.7756643980205
TCGA-A2-A0EY 7.14977937662664 19.6206078180509 13.5067164217841 19.5539156096012 17.5849461147008 16.0073378301225 17.2339014244139 21.0958759574007 16.8540228270262 16.1783699245266 17.72485931993 16.7778546458636 17.6198629622363 17.0377279902031 17.3086908470961
TCGA-A8-A07R 7.90603765270229 15.0220466149098 14.3494489575048 18.1203705322339 18.0162444803909 14.8425049041382 15.240222635053 21.6478544850968 17.1461829254799 16.5554919190689 17.8129590262148 16.1517416803574 17.3711273711429 17.7498782237216 17.5977474337345
TCGA-BH-A18G 3 18.8353449715522 13.1206044662627 20.4787485563997 17.9610738178851 15.9038472471967 14.437838965208 22.7258147608319 17.1283392752141 16.406798015679 17.2695389613876 15.5442471252232 16.7610510930066 16.764513932271 17.761626691288
TCGA-BH-A0BR 9.68827372216297 19.5214456159025 14.1415353042479 19.8932707330259 17.3001473573409 16.6988177088803 17.5932526488793 22.5154581837953 17.0083327293547 16.6122799629556 18.5575414925017 16.6674336903216 16.951475758483 17.3561706931591 17.8346554402648
TCGA-A8-A06N 6.52776776130499 15.8690158580584 12.4286349939248 19.441164718357 17.812331473938 14.3461946428459 14.0318612542869 21.6399690206221 17.0853849802789 16.5648009423781 16.145734704516 17.178389935657 17.2900753230223 17.6773018535261 17.7559586031436
TCGA-AO-A03M 3 19.0582357929752 13.9800441953191 20.6337214351922 18.5038641146514 16.5951861531828 16.898299515365 21.3827072319951 17.1305537767286 15.3427432912802 17.7076176098702 16.2230450667832 17.2239639012413 17.4042829052196 17.4786181696982
TCGA-A8-A09X 3 16.1362015311605 14.5075294697362 18.8875736814429 17.5253939792236 17.3436055358558 17.0890338371177 21.3087544053636 16.8137429831245 15.6614650594935 17.609076643507 16.5513878990736 17.3381631264896 17.9089718045725 17.3839971970953
TCGA-E2-A1LS 3 18.9463822790949 13.7448154711854 20.3136108739055 17.4515943466133 16.3202246086212 15.7204208258618 25.0005181835954 16.8855345253628 15.0600251370255 18.4831485605572 15.2745726540126 18.321258805751 17.3640053574372 18.4835977412341
TCGA-AC-A5XS 7.52632351148864 21.8892544921775 13.2521107843683 20.8709958216284 18.1184350266982 15.9704241870953 16.2768564074186 20.9156125366169 17.4375052696773 15.9996577432374 17.2949883629955 16.1826880935668 17.7699089460637 17.0818605399006 17.3974390077181
TCGA-AC-A23E 6.93751086731609 18.4583528510007 14.2878891344406 18.6705744697336 19.9442855292681 16.9612507899549 17.3568513752359 22.2370355084655 17.0485643248898 15.6545810973608 17.8346147764722 16.5004648128407 17.5762809498298 17.7851959606223 17.9193417400423
TCGA-A8-A06Y 3 18.9642425970389 16.6279371713963 19.4089149083845 17.5869105588073 14.4437636556627 16.5897554019111 22.2241478795346 18.0202474551492 16.1236990279864 16.8672931555342 16.6501452066923 17.0623322387144 17.2074457091623 17.8901875900027
TCGA-BH-A0H3 3 21.6630066928913 13.8104516997965 20.4805086654327 18.5274190152596 16.8505612645198 17.413526691864 22.5351191943043 17.8216599358823 15.1979902365196 17.4542866585914 16.8876679210823 17.4904806638611 17.7193787491162 18.2324553652441
TCGA-AR-A2LJ 3 21.0839107304454 13.7312887500447 21.7614488301516 17.1509148273685 16.3241622562251 16.917302371586 21.1464434971342 16.5475607152116 16.9449557351179 18.5681734036699 16.4348674643691 16.857922725062 16.8077095262456 16.9848096413943
TCGA-A8-A06U 8.26349972031201 17.508216366931 14.3995045121824 19.556334437247 16.8394787613718 16.1604689619738 16.4815503835169 20.7385687594261 17.9348083609428 16.9717816992307 17.3527979452593 16.7247986212187 17.1689392449696 17.6419201374816 18.091067878264
TCGA-D8-A1X6 3 19.826167331743 14.4165529389376 18.2484922839134 18.1348452316052 16.8956161463165 16.2215550899793 20.8897970048146 19.1540529116221 16.0380274387223 17.4172254792916 16.7440102408434 17.4086632818865 17.3022997237432 16.8795895413245
TCGA-A7-A6VY 3 18.5588380749165 15.2242477765844 20.3584801508839 16.1648105270267 15.7260498065731 15.8250327770533 22.7439305967144 16.5124364344187 17.1164882420478 17.9336339561443 16.3846088154506 17.6510477426945 17.4252230572375 16.9976349666202
TCGA-E2-A15O 8.29502041703523 21.2222474015789 15.5498488396731 20.41334860797 18.2237775559074 15.1053365365206 16.6093194104717 21.5374333030529 17.7838761609876 16.3972269598355 17.3107396489603 16.459812078014 18.1549636870375 17.6867362161592 17.6637263110227
TCGA-A2-A0CY 7.92003907016367 19.0335252005802 13.151985733963 18.5891107174494 15.5393540770501 13.4175034002973 17.2873498129986 22.6009700876558 16.4090262418721 16.4465574513174 18.2501028923427 15.3597512082491 17.5339119779354 16.8879330527328 17.2642111198763
TCGA-OL-A6VO 7.06982943681935 19.9026590695803 16.8727730343195 20.8558796401924 15.4081608824934 14.9516223960861 15.7622418523286 21.0607477485617 17.0259982741391 15.6033852267668 17.9793699403909 17.1124472004931 17.0386452803543 16.935727087664 17.1926673218776
TCGA-A2-A0CL 3 19.8173267403319 15.62682873835 20.0523113261438 17.5532390242292 17.3300905430786 17.2022442333609 20.8918768157304 17.264799040839 16.7974043415146 17.6873146957274 17.0147992570383 17.2080571029369 17.2937218742131 17.7249852330365
TCGA-AR-A0TQ 3 19.9582258677412 13.3054713502996 20.0840801401276 17.3319573835195 16.1882229875984 16.9217985489072 21.9359025501213 17.4671532944905 15.6644938826286 17.0185218972792 16.1022855702164 16.8636724768719 16.8037538726984 17.9490608472191
TCGA-E2-A573 7.36114782348921 20.2007307104991 15.0781246238666 20.4448558021825 16.3004263589581 15.35011438623 16.2561538973606 22.2326441193269 17.1529920748287 16.3774093713578 17.4930362862464 16.4345169636058 17.9309764832403 17.5365196521511 17.5877277042747
TCGA-A2-A0CW 9.12590859984601 16.8470361057726 12.4099283612052 19.7621075476917 18.2301175418063 15.3120223381039 16.0713212338225 20.4389206511542 17.1036298117458 16.6385540559012 16.7167970457263 15.0810535584353 17.5747079173591 17.4525720013472 17.3802920997636
TCGA-AC-A3EH 3 19.4732261009792 12.5711182201083 20.4102954055869 18.4859295628011 14.8991106214875 15.5217484216689 22.5336407588473 16.5432591001474 16.595900567703 17.6021498369389 15.2463294125991 17.1255232750171 17.0521025478646 17.752449423851
TCGA-A2-A3XX 3 20.0963142405518 16.5433555028513 20.9352975484134 16.3322270819095 14.8505774376459 16.8248437969866 23.6487698920915 16.9889769832647 16.0708891355389 18.1953360088284 15.8897948933861 16.8943412653128 16.4019315565151 16.781491003161
TCGA-AO-A1KQ 7.58795848519278 20.3750107217936 13.3400615183923 20.3905003168606 17.3423561993145 15.1697823886735 14.8658676594732 21.631168021807 16.9652244574723 16.1717016215407 17.4160496516808 15.699894831039 16.8863551352482 17.6478502057335 17.7269472251914
TCGA-BH-A0HN 3 20.1291199337641 13.2856672763595 19.9820661143386 17.2799383653404 14.1543840037877 15.9619090364989 20.920244666947 17.3167843587083 17.4465642801153 18.6354628416933 16.7311839156844 16.8281698800552 16.2817207496366 17.0525574111119
TCGA-AR-A1AR 7.58945310017105 20.5591535514576 15.9039927734279 18.9717508597145 18.2445825828841 17.5563565102724 16.0285012398956 22.2271320137057 17.3607030942036 14.4068353029942 17.1237547268032 17.3402847724168 18.0482603908616 17.5785749533954 18.4113638367026
TCGA-AO-A0JD 9.76031274661488 18.0898893243921 13.524558677401 19.1442581972626 18.1867927498556 15.5282747803182 16.1251034212456 21.1720192580388 17.1509475991308 17.531663595397 16.963947926496 17.5413704476832 17.6654189689989 18.5768638465931 17.4395109487115
TCGA-A7-A0CG 3 20.9519938171063 14.7140090345837 20.101606890255 19.6796855449607 17.0169774395404 17.0377417499935 22.043948090123 17.0717855533428 16.0276189047725 17.5178261959374 16.4107993150514 17.4143338354134 17.8488108392707 18.0101293313077
TCGA-A2-A0T4 3 22.7748810671488 14.2801469241144 21.2028087660527 18.1597254603752 16.9840702307682 16.7198698631398 21.7783944576602 17.2476771375527 18.6789015717371 16.6935626555941 15.6829725816028 17.4638710190411 17.2760993004714 17.915580859293
TCGA-B6-A400 3 19.1925370373267 15.0538010783722 20.500206248399 15.6949553458584 14.9412731006829 15.628964746117 22.0069100183344 16.7732332278917 17.1621204885337 18.107355929814 16.168295964258 16.9596795668087 17.1979232594385 17.0600349423785
TCGA-E2-A576 3 20.1779498111379 11.9301602741647 18.7977713221691 17.2012030848761 13.7724967022306 15.8268755612288 20.452336457782 15.74169309976 17.0346495796806 17.3063277262529 16.551505544264 17.2218209495668 16.4224688598115 16.7299703582816
TCGA-BH-A0WA 9.83741301840404 17.4893495901905 15.0064242751938 19.5728177658833 17.3480856077636 15.8482678866388 16.0466660334964 23.4063285698653 16.8812133032619 15.5764406045968 18.3736454267514 16.2372939347977 17.7185782790641 17.531663527761 18.3301174209058
TCGA-A1-A0SN 9.76667608788038 19.9497331443498 13.5240950615863 19.8004508322462 18.1727474410059 16.7061233251185 16.6122021332547 21.329448250793 17.2367579996906 19.6351224633168 17.1709334197874 16.5374909921971 16.8760451474185 17.6669922353954 17.2642068350361
TCGA-A2-A0T3 8.89361123591866 19.8967418268287 12.7517846630783 19.4764499942327 17.4903548749434 15.4183154046442 15.8196732400465 22.138013186874 17.2261408127972 14.6950022129599 16.7304690187422 16.6355186183286 17.1023462490937 17.0418818013334 17.6016788760173
TCGA-BH-A0AZ 7.58462365358916 20.2950828592467 14.9285993859264 19.65692784702 16.5203767177413 16.8533593793082 17.5761924068268 22.3279809287564 17.8277578555109 16.3840698307981 17.8293719107152 15.5819289942406 17.3779369041198 17.3437398418454 17.7917814102018
TCGA-A7-A4SE 9.7779883313679 20.7629553274501 15.5174166115917 21.1485502585815 17.058189806146 15.4959438457863 17.076578957123 22.2124186496037 16.7942992875044 16.8455061318815 16.9344453486361 16.5563747684118 17.9716506798133 18.6040706157302 17.9952832773634
TCGA-AQ-A1H2 3 18.4379744727761 15.0088832628492 20.0403008204568 17.1350350206308 15.5973756855232 15.4790528444885 21.3789750973632 19.0266058586477 17.8025151894096 17.0530259872765 16.1598904220084 16.1235251352374 17.6229052246954 17.6140487836528
TCGA-A2-A1G6 3 21.7593895612804 13.7964512901493 20.5274875910962 18.2774508856257 16.9073043970941 17.2897953701025 22.2557367776719 17.8069553470573 16.0254743288005 17.477478371332 16.3516664436432 17.6989341852294 18.1489022422444 18.0804974675591
TCGA-A7-A13H 3 19.2588517949064 14.4816773219352 20.5480037989321 18.4199393304578 15.9429279851055 17.2725361752992 21.858442328029 16.6870828032951 16.7334013875237 18.5128606100511 17.101730821916 17.2688925388282 17.4504283292272 17.416250341022
TCGA-B6-A0IP 3 16.7942645389664 14.0588126433184 19.1971221601018 19.2559528256577 14.9404402575535 16.487436909053 22.4283755169668 17.6602600000225 16.1997171845272 18.4991362547315 17.196821165677 17.2557857706236 17.7253580876825 18.0393850601563
TCGA-A2-A0CZ 3 21.7791626898741 13.8078156268598 20.5364928285531 17.8061094257329 16.5329311212286 17.076511601766 22.3620333669226 17.1484647592499 16.5863753624448 18.1180387787048 16.5974218594831 16.7087797101552 16.701567241354 17.7396641714907
TCGA-AR-A2LK 6.89674884928207 18.6309363436193 14.1786067272436 19.6836288451734 18.9303701765846 16.6771048619893 16.0391580379893 21.4637238532768 17.6595251407109 16.5847051246973 17.2636718680848 16.2932146665645 17.6890418802165 17.7737251168557 17.9920254203073
TCGA-A8-A06R 3 17.8103549194921 13.8751124575165 19.6226005774399 17.2729926894505 16.4152233064069 17.5594494944153 20.7658936258081 17.015352986568 15.6970203329172 17.2396121192807 17.2271518208101 17.4562359785013 17.7360196384991 18.0081920518189
TCGA-AC-A3YJ 3 19.5652226629595 13.7952122444539 19.1082190390426 16.9010350485302 16.345638793428 17.5860340929326 20.6463689554855 17.8504411345057 17.5016980332788 18.9421952683576 16.4873413010801 16.5866255709861 16.6752148831547 16.9236355003014
TCGA-5T-A9QA 9.37503849063992 18.4179019224974 11.5042936018947 18.0486056488713 17.1796961238808 14.2260292479583 16.0016584177531 20.6389828768632 17.1538078358825 16.742513174737 18.0572277443004 16.1110261632078 16.6793171097713 17.3310319465168 17.452563372954
TCGA-A2-A0CM 7.48585056581365 20.1400018635704 17.4145615248202 20.2389397927841 17.2125919443601 16.968986655022 16.1810303151367 21.6074071787663 16.7642184870566 14.2943003782234 18.2101113130298 16.0350329645162 17.0891120449571 17.2855318683083 17.5875448995162
TCGA-A2-A0D2 8.76519703362276 19.5965470590233 14.8115107897675 19.182730773203 16.7382627648088 15.6448853341781 15.7334742675198 22.7351274398034 16.8249664774471 15.9360061352985 18.2511680256777 16.9909963628351 17.7383479117836 16.8454772695971 17.1419954038363
TCGA-A2-A4RW 3 18.984146332602 13.1637710290037 21.3519412731604 17.5747854729777 16.0326116996256 17.0202124216082 22.1448300049195 16.5277117202992 15.9706131344632 16.4572139259962 16.5051842614612 17.292567169798 17.2916149221138 17.6152394576319
TCGA-A8-A095 3 18.0874400205244 16.3313769446455 18.8832974743412 19.8631471228993 15.9483867992173 16.3142961851738 21.7268631743347 18.8604527315964 15.8330256646407 17.6605894217364 16.7353802164727 17.4261785935964 17.5718644698812 18.1707737277747
TCGA-A8-A09R 6.84483367581886 17.4179667624432 14.8081260926569 19.2348037608506 17.8211595657235 16.9610025257198 16.9039368121302 21.3297444020247 17.6695546945926 15.8008584187483 17.6628826506314 16.5225465762709 17.2135645488603 16.7166411752269 17.9407193852614
TCGA-A2-A1FX 6.7083998360688 18.925991134026 14.1469604206573 19.6598677237951 18.5269768044952 16.3958671526146 16.0066274059283 21.0948077051604 17.7134127159548 15.8032137605511 17.1812020799515 16.104259110386 16.6987502554331 17.2872967198833 17.5304637253729
TCGA-A2-A0T6 8.44775673957619 23.0239774950221 14.2921326997675 21.3171363972709 18.9849810319071 17.2423040921494 17.5766154933341 22.6408223330787 17.4918316693627 16.1524423071728 17.5531002030135 16.4801332775779 17.0707727599358 17.4606104552949 17.9766153616388
TCGA-E2-A15F 7.37259075665486 19.148042078025 13.8011188852762 19.078850529613 17.8249324341061 15.4231727256926 16.0193740910551 21.736988017134 18.4792574820228 16.6321386316752 17.0068792605248 16.134599538258 16.9499205099653 16.8914673764708 18.1523004968059
TCGA-A7-A3IZ 3 17.9373882886999 13.1207299927043 18.3541762826994 18.5808806288824 15.6562809789294 15.9586498465913 22.1796570243056 18.6212207313837 18.7783061400431 16.8022538065156 17.5386828160448 17.3349775993981 17.0952214085833 16.8413681269403
TCGA-BH-A1EU 3 23.3277100183478 15.8053595912156 20.7882705436487 18.8518018148239 17.9331179356972 17.4026602640441 21.4505363280771 17.9916021370049 15.2156694473319 17.2990711037363 16.9102532592407 17.6336255713348 17.9308782488709 18.1092998325726
TCGA-AN-A04A 8.11387289916588 19.7519343498524 13.0407448619514 19.9006288349086 18.2479902108747 16.6346998570142 17.6441848435068 22.1564220769346 17.3108610909182 15.369263707003 17.7365914889851 15.8479758375413 16.8317802737156 17.0488696904319 17.6978758699266
TCGA-A7-A0CD 7.8330554166676 19.6092242904451 12.7821990474047 20.203376976004 18.7774669373619 15.4526932929329 15.8687653390771 22.3161977128318 17.298632147145 17.521337633372 17.6829484678756 15.8329735199758 17.0387776521999 18.1219577394617 17.9284882938112
TCGA-E2-A156 3 18.9777842430027 15.4140767827819 17.9487423243306 19.3986982861418 14.7578011659649 17.0025587429287 21.8389517657597 17.5322544051815 16.2360777644964 17.9467856085527 16.9087686037861 17.5962231569905 17.7585995440595 17.8688947909663
TCGA-A2-A0D4 8.26606262091675 19.5186686402259 11.6250416310753 19.3458752700418 17.3501043141175 15.0876178876082 15.397583423769 21.2145367876705 17.289619590783 13.6886153110993 16.918014649794 15.9778432579898 16.9846476241511 17.0823846909256 17.2610730101791
TCGA-A2-A04R 3 19.8109411317171 12.0919567484774 20.4757960135567 18.2309387905166 14.9531441649267 15.3851917196418 22.4896415822827 18.2186900217486 16.4052725099003 16.851481318896 16.0644040895926 17.0626894557818 17.8326622320513 17.9980993658255
TCGA-AO-A0J4 3 18.7291224050881 14.9744885145731 19.8618953647838 17.1959527508128 16.3718415260179 16.4337794865012 23.2899558346791 16.5200671478212 15.797854593566 17.9973913037074 16.9600065390026 17.4916765732562 17.4211372307273 17.779528534411
TCGA-A7-A6VW 7.51230696152405 19.2460000684264 14.3623506429232 20.2975409566844 15.4570211259727 14.4715013852277 16.6894759021045 21.489786433878 16.4745387316111 16.8847036944876 17.1916699975572 16.2338436530987 17.1228623178753 16.3906333608133 16.9106050139117
TCGA-E2-A14Z 3 21.1087896355253 14.311881766644 20.3074126454318 19.027811103908 16.7143433937039 16.2868904971471 21.8963035368549 15.5963041911852 16.0919500328197 17.5621022453678 16.0770443102274 17.5436702205136 16.9211983106971 17.2583755336658
TCGA-A7-A5ZX 8.2403619358148 17.8454774002568 12.4996872818657 20.0626303289076 19.3034347062038 15.4258970702182 16.9598823245702 22.0496125146368 16.8324966565607 16.8516907847308 17.7927842313248 16.2467103371686 17.4090384919619 17.79004735002 17.7404698782916
TCGA-3C-AALI 8.70522707839837 18.9555950680845 13.1182061511183 19.9677192676367 17.5363541721151 15.3203697010948 15.5873185958744 21.2013762846403 16.677223723247 16.9618517917036 17.0110086667214 15.5472516995482 16.7091812775174 16.3432739680506 17.5015886881744
TCGA-AC-A2B8 6.62234272714408 21.4178703408906 15.3517513235399 20.9892651220206 19.5239615366282 17.0552105594218 18.2752044085899 21.7854383124822 17.6731191727532 15.8669116908825 18.2395895579416 16.884998266316 17.0454836183867 17.5233476400022 17.874646300498
TCGA-A1-A0SB 8.40297064132215 21.7246512705413 15.3286024966446 22.0030539009476 18.7362661405066 14.0005448403234 17.0825233253412 23.808419841416 17.5143406515683 15.9166814873001 17.3596431141474 16.196562351948 17.5617790366719 17.429514414012 17.7335438909863
TCGA-E9-A229 7.69371819806084 16.849973992348 15.2634604355642 18.6285628965235 18.7328674239172 17.1598630247947 16.5721204207676 22.1995302278425 17.3940924261445 15.7835337484601 17.4609761636121 16.208901865166 17.075977405562 17.3245378595799 18.0557216154217
TCGA-D8-A1JC 7.55189950494809 17.5174334247243 13.777464281514 19.0035893598574 18.9934407057345 16.5575931457271 15.9630804471515 21.8013634379077 17.2953063812461 16.9861993723047 16.1428594726449 16.5303950998211 17.9035296043414 17.9143501665598 18.3981101978533
TCGA-A2-A0D1 8.54425341735553 18.1856706287117 12.9233918035314 19.5330977468651 16.2292959818617 14.4955240912279 17.4077171118417 23.1210574903898 16.3776141840011 16.119546184353 17.6535776909028 14.9577033554334 16.8751800496192 15.8134482075609 17.7290465883804
TCGA-AC-A2QJ 3 20.9219048198256 13.8826247346982 21.5001894186143 14.70770149091 16.366787678661 16.5406901867735 20.534850477281 15.9381768741892 16.8881115412344 18.1388352239979 16.7186743517091 16.3171869102944 16.160013589039 16.1038500468433
TCGA-A2-A0CK 3 23.5094748440133 13.1429954766729 22.1329675263638 18.0773841444224 15.5387329492928 16.2170309065375 21.7115716862284 17.5338565589902 17.0410890099535 18.0504431940243 16.4301061559929 16.9225425721155 17.1450486613531 17.4216582615042
TCGA-AQ-A7U7 3 21.6619478867547 15.5072189123821 20.5941142378037 18.0848525508997 17.1385857899948 17.0932024540348 21.5551820459927 17.4003544396191 15.9310937705096 17.3777800831785 17.0351683103692 17.01125833511 17.3890616721486 17.7306618491515
TCGA-D8-A1XU 3 19.1333081688465 14.1168844000257 19.4064036227987 18.2528556656803 16.5455367764815 16.8432653580152 22.0001304817323 17.4828196712592 14.9140757856288 17.6654949721664 15.9018981117126 16.9475877345349 17.2522976148201 18.3454394066719
TCGA-D8-A1X8 7.01705449404642 21.5277929489897 15.691370954227 20.2571584989888 18.2182306108336 17.1522665985526 16.5337151952315 21.4197108120031 19.0281964324289 15.9270519238209 16.7087688295695 16.2081671868828 16.9218105000944 17.8125938222721 18.11440428871
TCGA-A2-A0SY 3 22.767563666574 14.2142878663049 21.4601612879093 19.6906285244765 16.7831484120759 17.2658960162478 21.9869881420486 17.2247809096067 16.5098632519369 17.5955411401579 16.1804505798246 17.5208834025851 17.6189496518722 17.6945634886788
TCGA-BH-A42V 3 23.4503157328418 13.5499486629886 21.9595435348695 18.9310354134612 16.3207150706832 17.0367077088939 22.2025528512192 17.0642451779402 16.0326811539192 18.0137590491519 16.3615310490171 16.7785508986088 17.2224674344935 17.5113351379224
TCGA-A8-A08R 6.92321521798165 16.425855948665 15.4278612203945 19.3030162871728 16.8583431737758 17.021408844347 17.1415589667381 23.3248152907056 16.2853339505368 15.2751706651767 18.2603638349983 16.7307245193575 17.8071842811439 18.1052031292282 17.097921685746
TCGA-A1-A0SH 9.15790038438888 17.939017636323 13.5318346933094 19.7026557214519 18.5127523792257 16.5522117698326 17.7498273759177 22.4573885544948 17.0627990852029 16.5628757910091 17.1879526151917 16.1916707837682 17.5352181204012 17.4944017323286 17.8954683677647
TCGA-AC-A2QI 7.01015730335341 19.5867888882144 13.6085712807678 21.2111537402656 18.5098151590352 16.3942582775853 17.1337721575563 22.1558711298314 16.9551998216488 16.6462788762852 18.0636651941108 16.8390735532132 17.4907449127287 17.5748080492975 17.8017715204629
TCGA-AC-A2FM 3 20.0509566890648 11.3150914559602 19.2310532066002 16.8218536598024 15.4234939998289 17.1990814048696 21.0003094920128 17.6105686242622 17.4362395544773 16.5135927693985 17.6848341533679 17.5263059406305 17.3359369462457 17.1748780959359
TCGA-AQ-A0Y5 3 20.4536814226205 13.5360875636134 20.4224918211502 17.401746749071 16.2021787204763 17.2332353640446 21.6688557573388 17.7093376565647 15.7079968500068 16.5819790168239 15.5893420744788 18.0352266372064 17.9140714248645 17.6065723282484
TCGA-BH-A1EV 3 19.2536436111402 12.6722324325972 19.9509755858042 17.9863906604383 15.7193013531255 16.1424945328078 21.5152282035868 17.0698397473756 15.9413257088508 17.2695711633761 15.9913681973891 16.9430984675718 18.4148931148325 17.9406325723959
TCGA-AC-A2FK 7.35833956195851 20.6130130595648 14.0635404902891 20.6840183511392 19.6331935687467 17.0216748913479 17.7611552967641 23.3533225446301 17.6616729425037 16.2861886802237 18.1974932468765 16.933977113876 17.596430483166 17.8446525781729 17.8526431853472
TCGA-A8-A07B 3 17.2365403248927 16.6358832839158 19.6362123451045 19.1599487766928 16.3678147762572 15.721459454022 23.5491599832008 16.5868357515554 13.6739894944207 16.8461345812072 16.9239240938186 17.1805773069569 17.952543090928 17.6861765183737
TCGA-B6-A40B 3 23.2046565278503 14.1899424598276 22.5438483189551 17.9113015153556 13.9916624713328 16.3461754594323 21.7824627809914 17.7121733786686 16.1728274487599 17.5728546912461 16.4285386769715 17.0101705796849 16.8990120004522 16.9466384310337
TCGA-AC-A2FB 3 22.6011340452765 14.6636011024596 19.5975469022118 19.6794934532384 16.8929355186841 17.6575410611246 22.5375605378782 16.903039452476 15.7835169441771 17.5122409198461 16.9023140932701 17.327295072571 17.4677595766831 17.6545017495926
TCGA-A2-A0CP 3 21.896851244659 12.8074384062928 20.9517380182603 18.7656996630058 15.6173032994448 17.5873689463713 21.9232079689332 17.6862607516133 16.3144167114516 18.2869674420596 16.2887276947261 17.1897177229146 16.8866559805136 17.6860983934157
TCGA-BH-A0BG 3 19.5661528417517 15.5625201018545 20.5110604325969 16.3887183261393 15.782009490172 15.3038357877692 22.3816597426828 17.2339490488001 16.2166378083498 18.2167335766285 17.0513789563973 17.5846969099966 17.6181576588124 18.246919554386
TCGA-BH-A18K 3 20.6160438026763 12.8100805852604 19.939331931413 17.7474876442524 15.6031231653308 17.0582482678579 21.6048439898564 17.5961921437203 14.9180255666931 16.8067375486157 16.1276156701666 17.0167383635544 17.5065857096762 17.7877811562937
TCGA-A2-A0SX 6.96202723027809 20.9892902931196 17.0017989057919 20.8410968208709 17.941019494886 16.5083084520033 17.2905726473525 23.0113852600232 16.7626893864055 15.2208779060877 17.6310788932084 16.9388537472775 17.4957059676022 18.0556308369192 17.9988982290597
TCGA-A8-A07F 3 17.898000696033 14.8852847391795 19.0536478379507 18.0379267819711 16.5532239500262 17.339843495262 21.2925812693391 17.8339630751237 16.5866746342886 17.4280365365327 16.1585471567225 18.2698977917642 17.5115251956051 17.7684435444064
TCGA-BH-A1F2 6.88893647943074 22.6060840086493 14.5742078724965 19.8844676508024 17.7317690998143 17.1433036072121 16.3986151706891 21.1273567637555 16.2466314581438 14.4783269609158 16.5478418265624 15.2382650104028 17.5836755236189 17.7164413511941 18.3050966956642
TCGA-E2-A1BC 9.23888205570265 22.7678823079543 13.5981234048676 21.1284261141973 19.7021381565608 16.4861286648189 17.191367395352 22.7574987886958 16.8565980436322 16.0362925698347 17.9477738967176 15.9738870822898 17.0702298216325 17.5970072991242 18.0897173834728
TCGA-LL-A440 3 22.3775157684529 15.1862726664859 21.6897200714677 17.7976168844401 17.342384028831 17.9220833786733 21.7286161319945 16.9938910048951 17.3035222917384 18.3678407344135 16.9328288015132 17.2153120522333 17.1316914614204 17.5071256740439
TCGA-BH-A0W7 7.31892788612087 20.7295916070174 14.3438885590493 21.0164636382588 18.4269378081745 16.335022778534 16.8869853704312 21.502421225808 16.4881137703784 15.9757787557002 17.8341152237628 16.7260520627516 16.9851311319247 17.076309832703 17.4069169741212
TCGA-A7-A3RF 7.09079552547691 19.844854038153 11.6582213611928 19.5682744668791 16.0677767918309 17.4645191353546 16.8901518564924 22.2993432551149 17.4961998327475 17.5291272886088 18.6193860629835 17.3522580533867 16.3947367687858 16.633946785192 17.2766142709326
TCGA-AN-A0FK 8.78775192103715 19.7066194692769 12.0932188065009 20.5279974074398 17.6016325543863 14.9974662500098 17.114115837771 21.9755204091142 17.5344852786612 16.793280508418 18.0908570890177 15.2691182605126 17.4073401989654 17.9985173233676 16.6665794849508
TCGA-AC-A2FE 6.94509461641616 21.3855712934771 14.3623992300939 21.4373389843374 18.5664143897607 16.3942636766546 17.4431696989331 21.5631245434146 17.3748164544435 15.4958852968299 17.1693150394739 16.934988829574 17.1229243842277 17.4839915552579 17.7146267333204
TCGA-GM-A2DD 3 22.4664348310333 14.6868584578159 20.8352603346161 17.2025559177352 16.375887315199 16.604933088678 20.6487630423838 17.108829839724 16.4365151365391 18.6365141095851 16.6979840366728 16.9348110130916 17.3525305111124 17.5214247941522
TCGA-D8-A1XD 9.68714781157695 18.8052351033882 12.5803341542236 19.3068001115252 18.6051515665281 15.3394265111488 17.0789340495379 22.4608574477799 17.6851270502304 14.6360591934422 16.8207488768438 17.0150058001963 17.7906268890309 17.7090783178804 18.0938024812316
TCGA-AN-A0FZ 8.18826035030014 17.7089792691215 12.6538823322904 19.4075723815499 17.2317327767694 15.4269881914026 16.498437795359 20.9469101654132 16.6673361810973 15.1724690577972 17.9847298713145 16.8922199563784 17.6552383922848 17.7790822091141 17.9611709152371
TCGA-A2-A04P 3 22.6525597669329 14.7339072502612 21.6383676669514 17.425469182075 14.6549167829897 16.4494692730265 21.9458015184492 16.56981742352 15.9357355919317 17.6725204300769 16.5447195274767 17.1162309660702 16.2485607182758 17.4109599616123
TCGA-AN-A0XT 3 19.2596458819962 13.3277816272077 20.2346195135069 19.1886391633684 15.6409340223121 17.6302148988197 21.5337034383969 17.3962662575474 16.5841207387491 15.5120135369104 17.3520069409635 17.5716689693191 17.6652229393892 17.1784083982246
TCGA-A8-A0A1 3 20.1954643550315 14.6514507842199 19.773751395634 18.6184596401956 17.2223794157163 16.5541990150701 21.5972579652615 18.1027536592797 15.9341877747996 17.896662846158 17.1082445409779 17.1878734717495 17.5195831023367 17.7787054980668
TCGA-A8-A084 3 16.3166069298952 14.1882793733532 19.2329044193234 19.1362370063592 14.8359444336575 15.1942665849289 21.2692590058673 16.8671136276606 16.1037672526865 17.5498469581751 16.8246660649088 17.8641128420905 17.4050316701969 17.7322273976012
TCGA-A8-A0AB 8.59410843898701 17.0410944349186 13.4953699624828 18.9271760354205 18.8817151398203 14.9953599196512 16.2025748121006 23.1824753604347 17.7413983493432 16.5805848579267 17.346816964042 17.1203144304633 18.1550595664727 18.0031612480838 18.0578463348901
TCGA-AR-A1AM 7.09560874046206 20.2408219091157 14.682968861967 20.7764069892129 18.4759444388198 15.8981554522246 17.2210424298571 21.7820413655903 17.084684303679 16.4442658643792 18.1578713464026 16.6358717778722 16.9403757353882 17.2359262474298 17.5301428835017
TCGA-BH-A0B4 3 19.5746568185328 13.0634392952786 19.5107993260836 17.1607117388236 16.2591191976299 17.0562238242008 21.3764773446547 16.8024263524631 16.5542380804241 16.8099363346972 15.4725303638114 16.8837001295376 16.9911845750953 17.0846173611017
TCGA-A8-A09I 8.57840659697931 18.731023885599 14.3816535569418 19.1154856195005 18.6570251211319 16.8034899272863 14.6631480239497 21.2807631929084 16.9490297700078 16.9090071460224 16.3388102321506 15.7853482948576 17.0693710150307 17.5143526282766 17.8853295883144
TCGA-A7-A5ZW 7.42543481341936 19.7940185484604 13.6619460139399 19.7693896792915 18.1677358201268 15.9475986336206 17.3950638044923 22.1770363115477 17.8651831797804 16.2877341028747 17.6596441111121 16.809389274422 17.4772113642319 18.2404197892142 17.8833244610746
TCGA-E9-A1R4 7.24784120244725 17.7943064808348 14.9164696020218 19.2925137311632 17.9653159109861 17.343636034236 16.6485442673233 20.7312144467698 16.7749599129403 16.1737567214009 17.7547882404442 16.5222918016796 18.6656416087698 17.3314028762104 17.8468391476539
TCGA-A8-A085 3 16.0539253887134 12.1691292165083 18.8024992419678 19.0497092742655 14.564263086575 16.3592793101887 22.4293649794031 17.1260509023782 16.622137520926 16.9740034907307 16.9526426661705 17.2145934967585 17.4212999578954 17.7008155714542
TCGA-B6-A0RN 7.38518903459016 22.2367053150192 12.4716235463081 20.7879733805353 19.1662146631481 14.6923513880853 17.5377567098391 22.0663069814849 17.8713435491345 15.8707632732986 17.9609920055094 16.2970733423647 17.5703126793734 17.8355147838372 18.2420956663987
TCGA-AC-A2FG 3 20.1911372689835 13.7335125572644 20.5074041632985 18.7658271162778 16.4517687087306 16.7711484979799 21.9958556373163 17.7757454571906 16.5290801164733 17.8990733895314 16.6980615021306 17.3856543419707 17.6745277547576 17.7913727726181
TCGA-A8-A06O 7.03210851340546 19.8507511762224 13.5192025018827 19.7513414153657 18.1374193723535 16.3424239280761 15.8580923570414 21.3232552834017 17.125807607491 16.1002028622681 17.1311640736704 16.4648927576216 16.8334249954696 17.4377412334367 17.5297180838801
TCGA-BH-A0BZ 3 19.0344008549817 13.7970229546314 19.8684458661743 16.4890129613829 17.1870558208229 16.6657310458311 21.5404437714173 16.7511112459778 16.9669244288345 17.5307730463441 15.5998490721871 17.1807508762398 17.2084303543888 17.153310914085
TCGA-AO-A0J9 8.27909613609349 19.8668613527891 14.3501580824945 19.7682289730989 18.3835847456234 17.1340365849955 17.3404946122161 21.4019993397592 17.1486854890757 15.8686782208136 17.8833608887315 16.4733988554658 17.1068580022436 17.4817401551343 17.6861116237348
TCGA-D8-A27P 7.240402081978 19.5672955978118 14.9569012842315 19.5818847190297 19.1270401024798 15.5866999754491 16.7908558959627 21.9739745085952 17.9111208947718 15.8930004446874 18.1404549059814 17.1316435905808 17.531631808854 17.7558914253034 18.0235228008248
TCGA-A8-A07J 3 18.9516146861342 16.2521328338519 18.6728771357563 18.4189967781588 17.74981642665 17.294493155894 22.393819957153 17.5829140677494 15.9874728701152 18.5778054645452 17.0086992447886 16.9144068540714 17.2946064033517 17.7557563591026
TCGA-A8-A07I 9.7637878302579 18.522416656607 14.1506514103209 17.2010908617746 18.3600723136927 16.9406913827294 17.2354669564523 21.5987653025687 17.2437009562604 15.0221959294749 18.2792064778101 16.7284690219848 17.9840786165745 17.5611630876825 17.7138218562846
TCGA-A8-A08B 3 19.1286597550784 12.7640890686501 19.9487964003633 18.2496334972818 14.7333000342186 14.7261151213207 21.4154202201283 16.5321606320402 15.4667457873268 17.8242951514835 16.0454690113126 17.770852293009 17.5541394330419 17.9657714560988
TCGA-E9-A247 6.8547673762894 17.7833390165221 12.9535536388202 18.9930424812356 16.6407472899401 14.8124925527579 17.0817164893432 21.4874423487736 17.3857260216914 16.4619808344454 16.5435547770566 16.6253642001956 17.9404997451711 17.6427187193832 17.3894938714875
TCGA-BH-A1FJ 8.28575788533808 17.9519905179818 14.2410308452841 20.4057301268431 19.3409061881991 15.0456882658746 15.8037058611036 22.2620774345914 18.6507038694333 15.7627554733152 17.3994215551081 14.7204361718425 16.8637162426375 18.0212469988536 18.3714551175495
TCGA-A7-A4SD 7.59801353453844 19.4322173963915 15.100738713048 20.3072679844769 16.4079077202293 15.5952296024969 16.5194728178354 21.1931660779542 16.6608130681223 15.406860909554 17.4208254793643 16.4996656883426 17.6241895835799 17.4916180844744 17.4708811584315
TCGA-A2-A0CU 3 21.303792644653 15.7158823516634 19.9300163095792 18.3091485765249 15.667564545154 16.436097485439 21.9095137774426 14.4288020405447 16.2240537691632 15.8532095437418 16.7260886452911 19.2044972450885 17.7278063931781 17.5466704894432
TCGA-BH-A0B8 3 20.8811836942203 12.2658835213035 19.5255451446001 17.9251505087651 16.0115379500552 15.8154245734092 21.2562378966455 18.4599793834292 17.0881596226143 17.1852583075447 17.1201624982329 16.6387820475046 17.6106236057848 17.8440900175781
TCGA-AR-A2LR 7.53153404720594 18.5761973364039 13.5863766824033 20.284232020363 15.954736445484 16.3282021968412 16.1475970619122 20.7855871103527 16.8194750835874 16.3394862693209 17.7333205065544 18.15540935559 17.9711930606174 16.8915632776486 17.655627965919
TCGA-BH-A0HI 7.18949035402723 22.6846052057881 13.9211750695162 22.4546122547637 18.1940227760486 15.7643520283434 16.3436227357517 22.0540494637205 18.4984476627234 15.9270701507847 17.716699162963 15.7857283317421 16.9946676521831 17.483385430376 17.9715723949676
TCGA-AN-A0FW 7.91936367419272 17.0715042441521 12.1355126055428 18.8011402592948 17.0643725588447 15.6833869931317 15.9853478410068 21.1410836832253 17.4420547656934 16.1732548524373 18.1446388625259 16.9117480200732 16.3363712929673 18.3304976254984 18.2262121111877
TCGA-AC-A23C 10.0749198012218 17.2793313023003 14.4422379302033 18.9780461319062 18.2126402411882 16.6640257937785 16.5827851168983 21.2738122691324 17.1636188291964 15.3067164911586 18.1344225832798 16.6808856697254 17.7656332392407 17.6138860762105 18.0074489543263
TCGA-B6-A0RI 7.97531180721675 20.0868802489529 14.717741778868 20.8551236599215 19.9864496883581 15.8560142409701 17.3320543006362 21.7204820044669 16.3602480369866 15.7250185367104 17.9330848695951 16.3738709363221 17.9028623966314 17.7965231379409 17.8463930099373
TCGA-E2-A152 3 18.0405771871552 14.0072807846804 19.5651754015636 18.4309248646816 16.3888218395266 17.1679450146874 23.7763006518987 17.016157073311 16.2559469457732 18.1068111332636 16.3857585594983 17.3487133740164 17.3486373745487 17.6682230174984
TCGA-A2-A3XV 3 19.7246749777391 11.3119992582619 18.4114018789566 16.1957882853286 14.3773229255945 15.1344030707752 19.5470071407884 15.811613326763 16.0811588893034 18.1263133473332 14.1964468921688 16.0475798281993 15.5111745869516 16.8274507586143
TCGA-B6-A0RO 3 18.6631938032266 11.9618497034323 19.7344991250834 16.8323316019624 15.4167580827871 16.0354123130892 22.2797580791857 17.8628564118416 15.6623379626474 17.9234145065059 16.8523128087618 16.9556243093733 18.0896443810208 18.4305597069229
TCGA-A8-A06T 3 19.5235515241066 13.3570870664667 19.4689225154792 17.8160122833889 15.7066569820111 15.8236322576645 20.5435550297078 19.3345472799564 16.3377748096285 17.1365979570386 16.1232200455673 16.5509460873375 17.541456972355 17.6738389908452
TCGA-AO-A0JB 3 20.0670837437011 13.2583092706466 20.773256041561 17.3816708904048 15.3827889455558 16.567654920932 21.3610270051643 16.6103606282319 16.6797276316113 18.3004699767709 15.5958661085195 16.9926607721366 17.1358344099473 17.9934726226811
TCGA-A2-A25D 3 21.3069277167067 13.8056643943609 21.1298342323602 17.6650691689089 16.3035340474362 16.5957195093637 21.6929446577398 16.5527322680008 15.8461908054364 16.9595372539549 16.1656912784798 16.3739867453545 17.1592894344387 17.388457677645
TCGA-A8-A07P 3 17.1554210114921 13.1562577882772 18.9543674497375 17.7131971784808 16.7622912308088 15.675024221553 21.7845206522604 18.6475581529778 16.6925090048318 16.8122362071213 16.425734747089 16.765582565417 17.6912660778945 17.8595628504846
TCGA-A1-A0SK 9.21907392856649 17.784607488665 11.7730632176244 19.7453791874454 16.2393176051369 13.4791748921167 16.2210567283106 21.292852232988 16.5945475609855 16.4750312494662 17.5368098473279 16.9688056150027 17.8767611543572 17.959875596699 18.2253022037945
TCGA-A7-A3J0 3 19.7947271279576 13.5974323610835 18.8590392022243 16.4514408457749 15.3107465541333 18.3397984692049 22.052223677689 17.9869842019034 16.7805647340717 18.0604700439881 17.2623935598597 16.811281790557 16.881370602383 17.8254084167394
TCGA-A2-A04N 3 21.8065769749441 13.6350069396151 21.1817858141728 19.5346920028073 15.6452680461508 16.6983212057858 22.3702844598691 17.5082254656113 16.159477117794 17.8389935378488 15.8528304794921 17.2868956380962 17.439743957469 17.68517503253
TCGA-A1-A0SE 8.0033993020102 18.6479422317703 14.3037548708654 20.0827689796019 18.6008134423057 15.7395770916934 16.6567767529485 22.4254506641723 17.4800136869579 16.7401712968603 17.725922734882 16.2637893862606 16.8972984004546 17.4572883653791 17.8970388489742
TCGA-A2-A3XW 3 23.8112993611597 12.4608563106212 21.4805375865388 17.3025847225237 15.2042430405356 16.5703874470604 21.4304014206751 16.6465376027664 17.5595449324438 18.4623738215927 16.570398921532 16.3028582072732 16.2059210397862 15.7633321956791
TCGA-A2-A0CO 3 22.2231379767913 15.2830772355816 21.9240744480232 17.6369001250662 16.8365389338655 17.8057150444466 21.8331185610107 17.1087514150022 16.7855004910066 18.1031911007535 16.9893013689735 16.7598142194539 17.0740319460142 17.3391125931799
TCGA-BH-A8FY 7.810861627217 20.5224716339956 13.4106893720051 19.9807326122471 18.9705427502845 15.1180013551196 15.6360612334628 21.0805941098949 17.6327333852498 16.7916965727367 18.4750275562735 16.8171091740336 16.9142495144915 17.0901689437354 17.2837841343012
TCGA-AC-A2FF 6.95671821336571 20.3577711496968 14.7942235132125 18.6960410419967 19.3740012564534 17.5367391891843 17.9100099146784 22.1102186972381 17.6146732275366 15.8646367975962 17.6936997526978 16.7118460133454 17.5257226339641 17.7853431393421 17.8654275571828
TCGA-3C-AALK 8.90604769823829 19.5641821640617 14.9050373504325 20.391637317509 18.8448285269153 15.5974113479967 17.1509393719642 22.0055253013518 16.1449378007498 15.9519514676381 17.8685095282557 15.9045043489004 17.6858894457196 17.0692750801502 17.1983595670474
TCGA-A7-A0CJ 3 19.887023000628 12.5720709637937 19.3924817024677 18.828327918998 14.9708741881041 14.3488939496677 21.0662252173858 16.6294047137947 16.2982262742878 17.6965523051138 16.0477701726598 16.9758656459718 17.204171596766 17.468260401194
TCGA-A2-A0T5 7.21198836802254 18.2836994846396 13.7236608405376 20.948971466881 18.2037531499399 15.9711142605334 16.6127036217438 22.279533799002 17.6313646050894 15.8365182121406 18.4476879811711 16.5604418323753 17.1924379481389 17.7063732003964 17.8374132099205
TCGA-AR-A0TT 8.3076847998444 19.0035119552202 15.3256937641739 19.9330412143498 18.0949870064326 17.7052087065555 17.2823163815933 20.2216966929506 17.1112553121186 15.5716395965512 17.4179511181865 16.9028526467902 17.4255242260295 17.5298113984863 17.9427155328947
TCGA-BH-A209 7.81314778742977 18.3302299601777 15.1720492418539 18.989449521655 17.5587096849095 16.7623470428476 16.5619456539776 21.0515086902312 17.175647128008 15.4800048125465 17.5793962806459 16.7296230403904 17.487978057858 17.4302944926132 18.2301369661486
TCGA-AC-A8OR 3 20.3599907438692 13.3530271248374 20.4755339562687 17.7486095965573 15.2923569424605 16.1435188011326 22.2811429378846 17.4268816845984 17.0819249194383 18.3549061917566 17.2269288464046 16.0568213407089 16.9875621850122 17.3951911322848
TCGA-A2-A04U 10.7287722111333 17.7438513299999 13.2222653225051 18.8576836727205 15.2346799596419 13.8253073126092 14.5559919150801 22.7393008636003 17.227134496683 17.2176943485596 17.1934360879998 15.787848780965 16.0597467842288 16.6907401738763 17.3669420795203
TCGA-A2-A3KD 6.92300464049789 23.4933474855719 14.0348963814826 21.5891379564802 18.2781886870277 16.1850727189257 17.0775163500157 23.3501352960827 17.1434335467236 16.9146584730494 17.86763415426 17.3401352651375 16.6199250097793 17.6084049158132 18.0884028091085
TCGA-A2-A0ST 3 21.3235605623505 15.8346458912802 21.0243850716389 17.8481894472983 16.8017929425539 16.5823215325741 23.0087292347987 17.0510527527869 16.0588879336934 18.0615597504461 17.3019088661915 17.5186725124242 17.3450415383798 17.8003647485281
TCGA-BH-A1FU 3 20.139858783342 14.6205014096519 20.2702064027281 17.3219521932936 16.7861689401836 17.4994344721183 23.1406345004275 17.1298852397213 15.9201897989703 18.3094854484969 16.2293455607574 17.4637075644972 17.0525890814525 17.8294565929107
TCGA-A7-A26H 8.17009165692161 20.8432054839783 15.0887609390195 20.1227882714618 18.8454193620959 16.9496656742831 16.3347038378067 21.7525273359516 17.1279817966849 15.8356283038195 17.5996463853105 16.1234785346036 17.5013241718123 17.6062018749276 18.238911881672
TCGA-AC-A2BK 3 17.4123237593538 14.7471063116881 18.9641015009962 17.0122434383429 14.2980383982995 16.7621930499453 21.3545898745441 17.3564147937196 16.2302340848658 17.673693764334 15.9370502995471 17.7865869140626 17.5651724365068 17.9332686374857
TCGA-BH-A0B0 3 21.0937405657877 13.8870235531478 20.6531995974344 17.7815390961339 16.3434001085119 17.0530533969811 22.3092841524894 16.8643316415219 16.2306208855447 17.9065340794215 16.7529295497459 16.6237663888939 16.8501013327178 17.2255916635719
TCGA-A7-A6VX 3 19.3365346266369 12.9918714107381 20.7729826380532 17.4614449469656 15.4851008279486 16.5906493957258 21.7771259182798 16.0185837616211 17.2801517126513 17.0593143127506 16.1512679628854 17.1088874515039 16.5103445971225 17.7730212140242
TCGA-AO-A03L 7.06593620902075 19.7227645395123 13.5757287745673 20.5130910702885 18.0920850886977 16.2050136973963 16.151257958237 21.18342284368 18.1112511443182 15.7033868398073 17.2344332811675 15.3436551300702 18.0939121571758 17.728188854927 17.7068061049665
TCGA-A8-A07S 3 18.7140877603012 13.9302064648388 19.9696964532201 18.1926126701734 15.5664985831177 15.7358211503099 20.6545845990791 17.5036311485056 16.0734898456314 18.2665166083451 17.0788529139142 16.1997765471522 17.22223860733 17.8064131239842
TCGA-C8-A3M8 7.71172406236035 20.8074994001093 13.4921218908967 20.0213818852061 17.0459028487227 15.8733929273554 16.7958655504453 21.7580125417778 17.2185137168045 17.0860257291299 16.574634891821 16.3839069616904 17.4665611831975 17.1502562239145 17.6630385945241
TCGA-A7-A0DA 7.07586962097387 18.2304328577744 15.34353152105 20.1897580853247 17.2499334117642 15.2395058200325 17.1758711495226 23.657060336781 16.8722752237482 16.3741864818858 17.4141747543152 17.405235468203 17.4546491995915 17.2777866898944 17.1979215948154
TCGA-A2-A3XU 3 20.1917211340381 13.4117049659611 21.8865907865589 15.7831206194385 13.3802329543456 13.6699494183076 23.8034532394658 16.9182169724955 16.647833263881 18.9013365708222 15.7311261461065 16.8759325427321 16.8818772128917 16.5277781379567
TCGA-AN-A0FY 9.22423621230185 18.4842598517532 12.5468044410239 19.2658912925371 18.1209749093254 15.3002912130795 16.5372503871757 21.7252553484943 16.460356299622 15.9865801696477 17.5145396728599 16.4819382832401 17.7176934566958 18.0237366723705 17.6242694068978
TCGA-4H-AAAK 7.42543481341936 19.0583896436038 13.3360680638877 20.3771772868763 17.9370531709356 15.6354956725347 17.331270181445 22.5006563968744 16.6418992250206 16.4725564296215 17.4651711979849 15.902586607178 17.3523153173764 17.1565783355673 17.3768533376015
TCGA-A2-A0YM 3 19.5516618647537 17.7286395147861 20.5431110893545 17.1324743571209 16.5219339766244 16.1455970692584 23.2459798714464 17.3018113224644 15.8911780623088 17.9959672576389 17.4958696327814 18.2719185788657 18.3035679027191 17.8036451050362
TCGA-C8-A1HI 6.70017941055542 19.2939257870255 14.0249741210847 19.5694504870511 17.5067250815011 16.1518248548595 16.6134422416719 21.3860405119338 17.6969827245948 16.2271548975574 18.2193660518311 15.7309470732049 17.3403845679066 17.7530618160492 17.5324564309377
TCGA-AC-A3HN 3 22.0439888843905 15.3092028093721 21.1238784030933 18.3615770322364 16.8933343152375 17.4624278000988 21.881775265278 17.7511388226141 16.2303029977935 17.5869666578866 16.7183679645676 17.2735938078808 17.219027653632 17.4809491188562
TCGA-E9-A54X 7.6955269542116 20.519678668077 12.5104714709321 19.3754872122335 18.2762099486549 12.8793381573865 16.3103007852408 22.2484801011672 17.1109882912681 16.4349776264043 18.4890598714919 16.6946296920909 17.6295079691601 17.3186188460137 17.6408102391645
TCGA-BH-A0H7 7.06417046643857 17.8260995774451 12.6796350687228 18.8781757900024 18.7603685998557 15.2925883887797 16.3422142641435 22.4273217996285 15.2926315676247 16.1501857122301 17.6056866394156 15.7777407473657 16.9880424768687 17.4010836154101 17.4595541880109
TCGA-A2-A4S2 3 19.3342102484356 16.0116909456827 20.6851973391005 18.519268368993 15.8937534978947 15.5490187809804 21.753709223442 17.5216870278564 16.4583326799311 17.6800994899741 16.051656086058 16.8544105083862 17.10432772208 17.5526940603439
TCGA-OL-A66L 3 24.4448318670827 14.6354194690149 23.1797146414901 16.888091957024 15.2213929412836 16.6097156453673 21.1706826734975 17.1768685198905 16.8787919339392 17.9738665569014 16.1309711728626 16.1007987070453 16.3684603526804 16.3547259933056
TCGA-AC-A6IV 8.6090836548035 20.1039206929578 14.3280874954473 19.842157758089 16.9226943788287 17.2551402865885 17.953148021284 21.4352280022943 17.3649877362902 16.2885706714157 17.4197690001413 16.7944957958306 17.4588911865965 17.1829613286911 17.6988831404074
TCGA-D8-A1JH 8.15635408349426 22.5830376287564 14.5705049087683 20.4404513191191 19.4632109083255 17.1957606076576 17.8369882566778 22.4007811493971 17.6623390703217 15.9572184315079 17.7870997683636 16.6237464789709 17.4211887823406 17.5698911572602 18.0199556356545
TCGA-E2-A1IF 3 22.466663159949 14.5131904387855 22.0633025108886 18.1250452583668 15.3507365207101 16.5886686184257 21.7199756298041 18.0058033876428 16.55968238786 18.5191919531738 16.0857823711597 17.0937305813762 16.6521290337749 17.2431857486209
TCGA-BH-A1F8 9.55275941613539 17.61889423402 13.1933899649417 18.5869888207587 18.5828521904709 15.9903252818612 16.2295195414231 19.8299676428039 17.854151263348 14.5998371162267 16.358347785739 14.8156736322117 18.129434793758 18.017754074145 18.5974185150074
TCGA-B6-A0IE 3 16.959655618868 13.6768281513809 18.0605731358843 17.0091912819584 14.6467595590913 16.2508848243535 21.2684396981256 14.7352310660783 16.5140211114752 18.0387692649551 15.6954591990789 16.8909880764657 16.6264444972547 17.6937484101273
TCGA-A8-A09K 3 15.6678444692825 13.7403140932671 18.7939213549458 17.423697238022 15.812841775152 14.516849361839 20.8424847710862 17.2969262957015 16.296206273104 17.0052355344186 16.4712388329795 17.4063874142343 17.353350033952 17.920316534175
TCGA-A8-A08S 6.99179712551337 18.9463491228889 13.4199898134351 17.3416896165965 17.952347234177 15.1097067165064 15.9320430539539 21.4133337317397 13.8864187647838 14.2342673277121 16.1915356902639 17.2479687727287 17.399312337321 17.618278053735 17.6081472921998
TCGA-A8-A08G 6.7908044151613 18.6704056929169 14.1932149028249 18.4909748721242 18.3156951068426 16.3359046647876 16.9768403863758 21.5639538644368 16.3108285100936 15.6363982712445 17.8895963008294 16.8759819908473 17.6349975714372 17.7416425325673 17.6893835922537
TCGA-A2-A3XS 7.02627111068057 20.1327015511255 15.1972663797193 20.8387681878587 16.9101799075194 15.3618563277498 17.6107974051019 21.4324209018182 16.7524215503762 16.5045442414115 18.1648552785421 16.2523444857306 16.9181007553321 16.3230126182017 16.4991027176645
TCGA-A2-A0CQ 3 22.7138259538223 15.3803202105168 21.7392491196684 17.4268008442717 15.2332589473979 15.0414602509905 21.7001450948091 18.3252542033262 16.2109151289322 18.493070222068 16.8685406289108 16.0859884715078 16.8796724911738 17.7881661162561
TCGA-C8-A12Q 8.4284463373141 19.0732108445196 14.7960836164784 19.3808007610787 18.6163217705426 16.8028935338302 16.8949488058537 21.542036725197 16.5306231303832 14.3608720812123 17.6407594087688 15.689764757128 17.3858636238621 17.120056222657 18.0256241095683
TCGA-A8-A07Z 7.68357754913349 18.4174059156655 13.8187879503118 19.6248800849408 19.6847279210645 15.0086825138809 16.6656591695135 22.5285197722564 16.7941837298295 16.9286243414668 18.1724493990951 16.3905047396728 16.853582719919 17.7371967091861 16.9066585548381
TCGA-BH-A18U 7.143132177857 19.4111141431944 13.0799045695284 19.119198299385 19.7755423569236 16.3292511442329 15.3966477967695 21.4077125055491 14.8441194146756 16.769599094603 16.9527353892286 15.2240064122327 16.8129018598744 17.2922828374169 18.0155647376154
TCGA-BH-A0C3 8.33352231443321 20.5772958325204 14.4621701893299 19.5291147038177 17.4433255508709 17.7984969708123 17.5814672684648 21.2594820261524 17.1354748637905 15.4600130206949 17.7673192189355 16.8236562653477 16.8162379448718 17.4798621354152 17.873704647411
TCGA-AC-A2BM 7.11015763444465 17.9961015658921 13.8488257151174 18.8862700630796 17.6638475983665 16.1621710978868 16.1201502856882 21.5458429502626 18.4683367192009 16.4301506191311 16.9410232924979 15.9808415472954 16.8019500905311 17.6678782749252 17.5493494846914
TCGA-EW-A1IY 8.29987368587977 20.2439889316701 15.0134762434933 18.5336384156366 18.7209316882721 16.8171702461351 16.6365323686109 21.4785132890838 17.6742743200654 14.6277420457551 17.3991670849861 16.360001225757 17.9535652285195 17.8040831460344 18.6401912833645
TCGA-A8-A07G 8.5908263278618 15.601824062533 15.3963745932068 18.9730887247241 18.8268341923742 16.0906737266742 17.0367788929365 22.3664714146593 17.1781382268476 16.312852906633 17.2998407500886 16.9529497271573 17.3651047787059 17.8288631201579 17.9494018065622
TCGA-A8-A09B 3 22.5795367851961 12.7776169959656 21.0275833771164 19.3864082509051 15.801687670698 16.9705835300112 21.4252800350735 19.3327357430074 16.2920355868128 17.634890869724 16.4180134747309 17.6038035933711 16.8785986200877 17.640851870992
TCGA-BH-A1ET 6.45565204001101 21.5488154107383 13.8887163577746 20.1882757439598 18.4866763919708 16.7647604535293 17.0004699572056 21.0610293445172 18.7872579390399 15.2716252849888 18.2119069767119 15.3119162073804 17.5415524986016 17.7990053766087 18.1705460036058
TCGA-A8-A08L 3 19.6707782137279 13.4413789927482 20.3906996137816 18.5662936130569 16.1803480358738 17.2221136442533 22.8225119635117 16.4208126088825 15.9953014163567 18.2700131945836 16.0888637034654 18.095967266004 17.2362037860822 18.4678024136768
TCGA-AR-A24P 6.83950198934278 21.748099622977 14.9405331589487 20.4961642502546 18.4682658658211 16.3655888507187 16.5312072499413 22.1739601591211 17.2082463867157 15.7291075537671 17.7927167903654 16.8606446195147 17.0867037862688 17.8446178722664 18.4193935752254
TCGA-AR-A2LH 8.65908739444085 20.926706404216 14.1299962235526 21.1960862565273 18.23233351031 16.5897655115316 17.4127379482037 22.7902243458923 16.9199043018287 16.1593660062876 18.5485084116656 16.0355403428797 17.0863094499444 17.0746474313392 17.1555171597602
TCGA-A1-A0SP 3 19.3985100764876 17.8455670459076 20.1110971139855 16.1466331039939 15.7662655459972 15.5931766903273 22.7933209276865 16.128448831576 15.7158299901325 18.5573926543313 17.2140861356671 18.182065225885 17.7532994069326 17.6353365042785
TCGA-AO-A0JL 3 18.5488230048543 13.3096046774494 19.8899935624599 16.9975393300838 14.0321070077268 15.9302989330123 22.5121335036542 17.3864479938779 16.2417929514061 18.040875047039 15.5787679309042 17.2900823363517 16.0941464399894 18.0410161950278
TCGA-AR-A2LE 8.53928567165669 22.8881570483843 13.9329967545859 21.3522316703796 19.5265145520577 15.7116996826447 16.1029437347909 22.5165281411743 16.8964480146967 14.8687139308609 17.2792587851581 16.4421569053162 17.4986910935994 17.8582217601512 17.9550507801936
TCGA-E2-A1IU 7.3238077840313 18.590631810867 15.7253441374637 19.0800274485454 18.6482053512808 15.6479397862551 16.7817260158317 21.3465717672839 19.0713924747292 17.7065045736906 18.3509994607761 16.3892816646729 17.2568219428803 17.4201580931298 17.65939868316
TCGA-BH-A18H 7.68131355024286 18.8808242136749 13.9207143571088 19.9844198980296 18.436441217051 15.6848346385354 17.0140825413393 21.4043475370674 17.5470327652185 15.7544525078919 17.8601065462364 16.1953651988582 17.1813766413052 17.0183917514538 17.5305333260304
TCGA-BH-A18P 3 18.9871283259812 13.0921680061777 19.3116789706688 17.7163714522303 15.7206545046728 17.144233875993 23.094925642392 17.3260748805056 15.1118424857968 17.9736748885752 16.3454375570764 17.705566774561 17.4030958725433 18.0509616721958
TCGA-BH-A0BP 3 19.4794771390951 14.2306710250275 21.2348670807744 18.5968237877476 16.4458901499194 17.1819877335175 21.1648790722844 16.6111581958225 16.3075514786242 17.2830012576866 16.6785035620018 16.7289020125052 17.1655043424031 17.7338377166416
TCGA-A8-A06Z 3 17.9956050768641 13.5119907805873 18.2243839818617 17.7714842198618 15.036962537468 15.391970772696 21.3398730995842 13.1175222884535 16.4162780223928 18.9043465108152 16.4382977558314 16.7955351139534 17.4528840125424 17.52748893963
TCGA-A8-A07L 3 17.1734400309201 12.7996243623731 17.5684323805728 17.3545344107627 15.8781541074235 16.7654298868813 20.8240353759096 17.4403286389731 16.7500790352167 15.9992182553515 16.3592761281854 16.6190517662357 17.25493623832 17.4758167306575
TCGA-B6-A0IH 3 18.8288285974197 13.3162331248522 20.440786409614 18.3860541180459 16.5100597951359 17.5643851169754 22.756423751427 17.0700244121578 16.205636602037 16.5926659508657 16.2935446390121 17.5298985655907 16.9680902578675 17.9224126486138
TCGA-A8-A09D 3 16.1557036901351 13.859751268505 18.97099376778 17.5086864733541 17.4829892052897 17.6303017643318 20.9878754723101 17.3506468026839 15.9823379550992 17.8091051680355 16.8475574445207 17.1633265556022 17.158958217313 17.4622232730151
TCGA-GM-A2D9 3 21.3508974102155 13.1207517988822 21.364797571839 17.8506737296873 15.2354852294467 16.1012573777297 20.7350678304105 17.6392046598334 15.567519547992 18.101702915306 16.187207375825 17.2937599885725 17.5524988435858 17.7874931353022
TCGA-AO-A03V 7.23703470840426 20.9357304365296 12.6737937231259 21.1617088504312 18.5550058995614 15.2022793779674 17.5606946998271 21.4511728350532 15.9898432681103 15.7254923492845 17.9071239423981 16.8855663307912 17.6207137724836 17.3761440462881 17.7630988547251
TCGA-A2-A0SU 3 20.4941981212952 13.3950974266597 21.1950899430038 17.8872129482623 15.8779507386178 17.3213049778271 21.4772482289732 17.2788330105911 15.518277382745 17.9843382612467 16.5386215499843 17.2615713627145 17.3608934365701 17.9225761853072
TCGA-BH-A0BQ 7.57188827247579 20.4136304175991 14.8312691692552 21.4123930870118 18.5643512959734 16.1203092224133 16.8435819292999 22.5829870513406 17.0256066964595 16.3354856129479 18.3332526034591 16.3756345777268 16.8262143085319 17.3017863430002 17.550582290993
TCGA-A2-A1FW 6.88647944135376 17.9072161619454 13.0994793179707 18.5653646511532 17.0846206428001 16.3335180971138 16.7942206847142 20.9534978993493 17.8527383985429 17.056138277314 16.8069210574166 15.911179435892 17.1172118904086 17.9717017669422 18.17704133191
TCGA-A2-A3XZ 7.06699682486664 19.9590531061615 14.7791385465991 20.4256624589475 17.0303104070042 15.6155651368429 16.4039325973181 21.7568855486844 16.5119294065771 16.2838122238743 17.843873753046 16.8346084043731 16.8878231203406 17.0393158096668 17.5391862320442
TCGA-A2-A0EM 3 18.0278527593935 14.1581563281077 18.727106040837 19.065542311791 15.7548223173359 17.6738243605394 22.55923843215 19.3482694258882 15.9947493863387 18.0821804893341 17.1969086465428 17.409287238332 18.1372679107038 17.9084890817587
TCGA-LL-A5YO 3 17.0042624992892 14.9011867255114 19.894963428074 17.2685793480908 16.4781508361209 16.3897276440579 21.6548616064369 16.9102012575361 16.0913114837978 18.8578718192057 17.4680096748303 17.1099621300201 16.854054654444 17.3516686135495
TCGA-A7-A0CH 3 20.3940769227807 14.7196166377711 20.9917985440977 19.6415754575131 15.0451155010548 16.4513664911948 21.9285237889396 18.1962847780381 16.0677970773349 17.9797515474474 16.2848804870716 17.6946640833657 18.0635341077933 18.2054280323438
TCGA-3C-AALJ 8.51592976655085 18.0594442978857 13.564202887653 19.8182063903082 17.5002011037262 15.5702303657945 16.675580348529 20.3787560790974 16.3276071790615 16.5999149817339 18.4071943526719 16.5853504432126 16.0008198327574 16.0216473380415 17.2307672357502
TCGA-A2-A0ET 6.83527253607402 20.5562243402658 13.1093294180378 18.526578245361 17.1211751180098 15.6931360200202 14.3725437500826 21.9520470383789 18.7781255257192 16.1380538519232 17.2748407374566 16.2332022870666 17.1059673120976 17.8788998001262 17.4309700268218
TCGA-A8-A076 7.84365270788879 17.5870906113347 14.1058560139477 18.8969419879463 17.2893977272337 16.9617419094215 16.1682486819877 21.8048188187206 16.8120026237644 15.9283948795031 17.0879906591581 16.0514661605246 17.1152527603664 17.5016267691991 17.7587199472333
TCGA-B6-A0IK 8.85250789047966 19.1989625092803 13.88765245149 19.6475262302637 17.4367095723442 15.7072420785991 15.9922613828412 22.8107946769217 16.8447952733386 14.7186673584214 18.4379911963262 16.3419253426043 17.9218924495415 17.475554096837 17.9265247996317
TCGA-BH-A0BL 7.80733610522415 20.542809982039 15.4624970572191 20.5377681316334 17.6359464139008 16.9852228274969 17.1045079482519 22.7334446032501 17.1670690211905 15.7686757917271 17.4806139080906 16.4002537277834 17.8117037542965 17.0585872359287 17.9015209830988
TCGA-A2-A0D3 8.5752281194508 21.0367357492231 12.2911658877647 21.2135761107649 19.0449258489964 14.8397834105219 16.6886309868366 22.1283369269844 18.2414749638104 15.8422371314322 18.3836892952197 16.7534327405717 17.5474421329767 17.7825605460952 18.0925372228362
TCGA-A2-A4S1 3 21.0030972316358 14.4569284853533 21.8183250870355 15.7035827303783 17.6396007878745 16.5341711208647 22.3060830907751 16.2921406019232 14.9632502353953 17.3899454166951 15.9907895917675 17.7108746558293 16.7777147549511 17.6475994322601
TCGA-AC-A3TM 3 22.3370359234086 12.9324242338875 21.4871653452882 17.9752361441411 14.5058711380532 15.9131641451277 20.8778037740402 17.2906425291231 17.0511715084587 18.5474781090759 16.0727491862333 15.9331832263503 16.3326571459129 16.7353033794113
TCGA-AN-A0XP 8.61555597358713 17.3982834679757 13.7843168511186 18.9613187891115 19.2578059323374 15.6793964342677 15.4154110823679 22.1351885063362 17.9431538407075 16.375209151804 17.0871577579741 16.5760251809309 17.3609229597152 17.7260605681891 17.5387286085414
TCGA-A7-A4SB 3 21.5478729708877 12.90709699059 19.9838362017882 17.5124041697221 14.9048654494076 16.8927160435733 22.7229677855937 17.0590449841676 16.7319875048045 17.835635425834 16.364170799209 18.1033619602835 18.0658827603063 17.6051023460047
TCGA-BH-A28O 8.0890314810284 22.6057054405083 13.5961681515895 21.9850718216606 18.1833469841997 16.210693470253 17.3967442627248 22.3966935167106 17.0404537823682 16.9133534006608 17.3901315530384 16.4533855695851 17.2704954868243 17.422300580992 17.7043116522019
TCGA-E9-A22B 7.95355400755368 20.7860987657607 12.9573333652362 18.5738577917629 17.7557984358403 16.5837332031132 16.0895345395112 22.17626637331 17.3296151268095 15.3124290168054 16.5388682814834 15.0543187538483 17.2725584716133 17.1606028317185 18.1292207309353
TCGA-A8-A0A6 7.68717008689742 17.7211576843702 16.5552010169997 19.7732417515616 18.9815692938128 17.2090384018863 16.6397471816348 22.8107261737926 17.2026094672025 15.5254785022624 17.8994420837813 16.5384611799474 17.5796645226984 17.6870835270176 18.0667345872557
TCGA-AR-A1AU 8.73047668292897 22.3583910515142 13.4645828377894 21.8253320461104 18.4654594165543 16.4470890014544 17.0193941187051 21.625510077769 16.8980825382889 16.5595258693408 17.9529484435224 15.6075498782578 17.3865100866318 16.8642258196131 18.1011209004743
TCGA-C8-A8HP 3 18.9853748847535 13.9959721402147 20.0079012970121 17.1880863133085 15.6052617254815 16.7309109893529 20.2059222426681 16.5941501612835 15.3786246820243 18.530515216442 15.9819695810454 16.8812584066792 17.0920556784995 17.5175144486763
TCGA-A8-A075 7.19533877624854 16.6440179099803 14.523752065512 19.2709030983918 17.0009239472714 16.4562498388453 15.8291064855774 21.058561874034 17.2694328949513 15.9990357214179 17.2423212778481 16.5990140425003 17.6866493393313 18.1619739559847 17.5550436759642
TCGA-A2-A0D0 9.9784500905548 18.3472488929996 14.2802329956359 19.7787540561458 15.5140429422969 13.3226270194534 16.0297195541965 22.277403084763 16.8444252204107 17.0495450260155 18.9763574093638 17.1249451474488 17.5771947546958 17.1264673533176 17.2835331150722
TCGA-BH-A0DS 7.57345179666188 21.4210974728395 13.7744355083663 21.2277189012097 17.6346441805199 16.276056427591 16.6224638778492 22.4950813719425 18.0262442010393 16.4363461714514 17.5821879739251 16.4068847536263 16.6321288731793 17.1844583027433 17.5522143337259
TCGA-A2-A04Y 8.86633628936532 20.8428637674344 13.3916913569535 20.5494432091749 17.9189265829565 16.214457993419 16.1241201928635 21.0775046200227 16.5934303360232 16.2172784249612 17.7250266788 15.6937131024443 17.5094857183634 16.9091277775292 17.6100619190175
TCGA-A7-A26G 7.67370079065702 19.7017423902337 15.7943249636563 18.7897155857999 17.4045627859132 17.9254127380442 16.8815527442061 23.540612331007 16.9090252566071 14.9424933679014 17.5224006551053 15.6035071985392 17.960706212639 17.736555920555 18.5569378074422
TCGA-AC-A23H 7.86132276727899 18.9730293212643 13.2209295525334 19.6882856062592 18.9394140366212 15.5526153917595 15.7387513991471 22.9284173836775 17.4912200677714 16.3191963356498 17.2348621372654 15.493114816883 17.5649173904369 17.7398780136778 18.2834682361897
TCGA-AR-A5QQ 3 21.2515881903494 14.2632924473407 21.6343109684382 16.7804018952489 15.7458637454207 16.4461292436841 22.214463445249 16.7161541083159 16.1478234562067 18.8667346045427 16.6084462463867 17.3677465358531 17.107609469609 17.1322016360506
TCGA-BH-A0E0 9.55049861075836 19.7614404071123 13.5756406768197 19.1944476183893 16.2533584623486 14.3772904600829 16.2451217451531 21.5734847102051 17.3427092373128 17.2297098607352 16.3503576409548 15.9077799876005 17.4659671465953 16.4565864653708 15.8610859326631
TCGA-E2-A1IN 6.7634356497738 19.5022483510781 13.0320047725675 19.3922935849819 19.1025041993935 15.7420213345711 16.8061318236235 22.1125256807778 15.5934395401642 15.9809314982983 17.3000835920195 16.0541077021358 17.3739919982816 17.4425345694404 17.4966931271902
TCGA-E2-A1IO 7.14563652767978 22.6375888761921 13.982040306612 21.4223462648321 18.1005819624829 16.6623595499909 17.1563752654934 21.7737944685064 16.8234100457585 15.8828798080712 17.136787050263 16.975109786512 17.2935588565967 17.7441919879187 17.9865498886351
TCGA-BH-A0C1 3 19.2575038512254 13.4553462345454 21.4145113331882 19.0750043821997 15.9122969342585 17.145864050259 22.7801870388435 17.0820070104604 15.8554935681954 17.4876971924942 16.1251566272089 17.8939083858824 17.6281321662403 18.1897803519718
TCGA-E2-A106 3 20.7757279720782 12.5379358381251 20.4660198022758 16.2809164693205 14.5803989496621 17.206199539092 22.1648371457964 18.43684156493 16.2153327681724 18.3188290112284 16.1547060814853 19.4473992091429 17.3096670105982 17.7694659490971
TCGA-AR-A5QN 3 19.8408037009605 13.1103643889232 20.7960676779528 18.6156205111309 16.235040204953 17.4260214303999 21.3962168343879 17.4539950465279 16.5807441926453 17.3038458928335 16.2687075893292 17.4167152017847 17.1869961879799 17.4239260388118
TCGA-AR-A254 6.82082348896088 19.5834482006587 14.9901807682124 19.0497561244318 18.7140278805631 18.0403246340341 16.9515436852196 22.2460991135498 16.9409165094611 15.4531630459171 16.7298718076225 16.5038178986219 17.5444754385696 17.1806589343297 17.7686703092806
TCGA-B6-A0RU 3 22.1537572180587 13.2741091003482 20.8329335607487 17.2554340252539 15.6981989451172 16.4233602420721 22.8652731004978 16.831112729137 15.8564374798848 18.0194343688904 16.5860891589767 17.2671351276519 17.3757909532655 17.7063128002647
TCGA-A2-A3XY 3 21.1468731179424 13.6429373601241 21.7401532697547 16.3242805299438 15.9941058434788 17.0235191653541 21.1771499514823 16.3489092057824 16.5783296442906 18.1460378688545 16.5885589776205 17.2717620255312 16.6319893388545 17.372490678069
TCGA-BH-A0AV 7.09115589087333 19.1752177051014 15.9586586769829 19.7526274931889 16.6087356493536 16.8196716468522 18.2785632432781 22.2387278656499 17.0947113024366 15.4425890694275 17.4994708279953 16.4710131184513 18.0792340048346 17.7391910960874 17.7804949453013
TCGA-A1-A0SG 8.14487796645741 19.5669708758351 13.8928815922821 19.4944235160846 17.544374866967 15.3252139202276 16.9565982083514 23.4128020882322 17.2271130682876 16.1673570353765 18.0112678243327 16.1747395809299 17.6088493195394 17.1184749109342 17.4686044130371
TCGA-AC-A5EH 8.92197431560305 20.1066837476785 13.302847703134 21.1946542368268 18.8353166374154 15.7530489736985 16.9862938213261 22.6545240075426 14.9864862339033 16.8475496572361 18.1213592531182 16.4786099466409 17.2531515462185 17.2133007503901 17.373906470485
TCGA-C8-A138 3 19.3970051280037 14.1780912147652 20.8604328684487 16.7668183948858 16.5578394281861 16.623636216508 21.3420826321813 17.0944850927436 16.0343742129988 17.8305310154083 16.4363346632278 17.115699319566 17.049184872842 17.5676787535827
TCGA-AR-A251 8.67403714599988 19.5355847042659 15.443282737025 19.0792868216649 17.0498282687246 16.4460825108101 17.972490683953 21.4908520925882 18.4021574220153 14.9792943343171 17.6084977020746 16.0611630606113 18.2162077534703 15.5866382364774 17.9694355086755
TCGA-A2-A0EX 3 21.4090442047843 13.1527018377327 19.5422913152896 17.7242846353702 15.8182793431173 17.4917577302294 22.307138628912 16.6649546642288 15.9404653102638 18.3031475889174 16.4617885707605 17.25711393291 17.7396158141494 17.8893316063565
TCGA-AC-A62X 7.43416584865312 17.4111873143016 13.512695154827 20.042916534244 15.8441757527638 13.6158001789232 15.291866477601 25.2169698163275 16.9592838151878 16.8246427400021 18.0568166074087 15.0886639659033 18.5666242876929 17.7410416661691 17.6736855073345
TCGA-GM-A2DI 8.29146566582925 20.8938651493085 14.7390276442869 20.9257238406137 19.9407409694279 17.1047257783618 17.807272487024 22.110044536005 16.3976389580691 15.3955087572312 18.3754123304615 17.1893141648275 17.5512883286464 17.6944196209176 17.9492043704923
TCGA-D8-A1J9 6.70423860045472 17.8519781572138 14.0331587884274 19.1315761843999 18.4166723597903 18.4156345139317 16.7698305153852 22.0170783811945 16.8670080397358 16.4268689784517 17.8890856643927 15.9721961053337 17.4009703923377 17.0467168492468 17.7191680746349
TCGA-A2-A0EU 3 21.4234659234836 12.3663145711797 19.5944222064705 19.2033436451546 15.028264500727 16.8820891134521 21.5337302654252 18.2012834192363 15.1280454190704 16.7685472251328 16.5132967431381 17.5519072531505 17.7771126301051 17.4995468169778
TCGA-BH-AB28 3 18.1075069539785 14.5409902564288 20.5330361202241 18.2144178550233 15.9473690279543 16.6904087022389 22.1069243295778 17.6991854029754 16.910005369219 17.4536974751332 17.0117304285292 17.5166711572114 17.6066271573426 17.5963701637069
TCGA-AN-A0AS 7.51346934781906 17.934597348552 13.567502587587 20.1252706762911 15.7424123783956 16.6055911512028 17.2379350220868 22.8714397121454 16.9569446206828 16.8990140429827 17.333245858307 17.6450878366287 17.1840719266771 17.6962096670435 18.0663670094745
TCGA-A1-A0SI 7.83950982867918 20.8648454479464 14.9297980322884 21.5668048703487 18.4035043116207 16.44244577244 16.2054816701 22.9978246053329 16.5515205392606 16.1686797348345 17.6186492332068 15.6876799266342 17.4220885513038 17.4654754834372 17.8226231967403
TCGA-BH-A0B9 7.4629486266862 17.4684129411594 16.1011723012648 18.2205745535786 16.7521303063461 15.4569141620432 15.6210981616834 21.0634344143247 16.3629370499105 16.5318210379519 17.3532416110176 16.3951816638998 17.9394406374872 18.0662535744605 17.9617268394338
TCGA-A7-A5ZV 9.58996923722466 20.3166174410512 13.1828677344248 20.960084877399 14.9064538790817 15.2977777467095 15.2836157278231 22.9756212979399 16.8028377835641 16.5435074645726 18.1718361154731 16.4454343778451 17.3916987681984 17.0389615015212 17.3108528238095
TCGA-BH-A0HP 7.95748403500194 18.4522796117888 13.7175282672559 20.2608836430702 18.7777409835924 16.8320502130716 16.9578421081167 22.7589103705819 16.786766059759 16.4393757449305 17.8685266878868 16.0851106272546 16.9426722165431 17.9001963762211 18.0211071775649
TCGA-B6-A408 7.06499417653198 19.3625142633756 13.7595826098204 20.6039796846366 17.9286396426186 15.6748266189979 16.972619221156 21.0211864947572 16.3863277789259 16.6890585922203 18.356157523803 17.0242673512549 17.1486165949555 17.2854512389364 16.9936410409778
TCGA-A7-A3IY 8.0858466046936 21.4356959882889 15.3762701329263 20.2095653095284 17.1345395653815 16.6374968913474 17.294829277754 22.0686710075264 17.4696547296139 15.9123334949553 18.3737560695032 17.0661144279481 16.5586898163476 17.4028401569365 17.6751217508313
TCGA-E2-A570 3 21.1252228612303 13.8008403560228 21.2094515584691 17.8472894555492 14.7335078777293 17.3914256524332 21.83451376758 17.7575214579987 16.5912826144841 17.512143039546 16.2825934366127 17.5665948984208 17.1796631172543 17.7244762145928
TCGA-A1-A0SD 7.04780666415589 21.857162562072 13.3522402883707 19.9563904793314 17.7040500078641 16.5058563831808 17.362245478058 21.9274352460558 17.382227966492 17.2681199222949 16.6249649112952 16.1125175079629 17.4983307908399 17.5764400604739 18.0720827369751
TCGA-S3-AA14 8.75729863558382 20.3450476715162 13.3693978991503 19.9331731138762 18.5765695676902 15.703609171394 17.0421760387558 22.3176958195181 17.453826623834 16.1542650514312 18.3336815260333 16.1553973994178 16.7706351994286 17.0598094025637 16.8220479324403
TCGA-A2-A4RX 3 20.3625665335812 14.7274121783843 21.0476763459673 17.5253323210538 15.5526404493477 17.5512284681154 23.717861125581 16.6262329660996 15.9474928393445 18.3404713899756 16.8339107701901 17.5617978149994 17.1088601053991 17.7110253588445
TCGA-Z7-A8R6 3 21.2207240325747 13.4175316603481 21.1549180718384 18.7963227202776 14.6851122903761 15.2485275855487 20.7357706267515 16.8330243077499 16.3013285941035 17.6035385432153 16.26267728411 17.1015891747246 17.4108683720047 17.1239722100435
TCGA-A2-A0EW 3 23.6334631527763 14.5773605929953 22.5364147441572 18.9221816831607 16.7428910744505 17.6191379804435 21.9803151893144 18.002245304468 15.9997262293054 17.5007498591769 16.5569137426284 17.4092857389577 17.3899477576643 17.8519703734907
TCGA-C8-A12W 3 17.941358839611 13.9472953543496 19.5608210663013 17.4924669978545 17.0879808740946 16.4278466531135 21.0407348291175 17.2458815797484 15.8720718874513 17.2988038755539 15.7406535569214 16.8503053908408 17.1513090589838 17.7992973410097
TCGA-A2-A0CV 9.08852095982522 21.3997894119191 13.2527880392488 21.7825634933267 18.1589330021926 16.2646958370005 17.1764699480246 21.9894001680086 17.0558617191351 16.7161715008852 18.2299472544932 16.4581394859919 16.9632825238749 17.3289813630056 17.1704289854005
TCGA-A8-A09E 3 20.2415380318985 13.7790667889592 21.0959909421041 17.3613428412938 15.3012548212642 16.0425111791113 20.8898799088428 18.33278758673 19.6384952026739 17.8679616471843 15.0466740264302 16.3367136108626 16.8701619210605 17.4037888674882
TCGA-AR-A24N 6.8783237542135 20.3305919230932 13.4419246695359 20.4755970696199 17.5494199183157 16.0246977569181 15.9904361570363 22.0019610134713 17.8700304355786 16.2725352291413 17.6890577780592 16.1504201058965 17.3164969299872 17.8766015655636 18.4158345336154
TCGA-BH-A0HA 7.5103166748521 20.5509283222637 13.2937565888776 20.5960734983459 17.7249229983508 16.2680783747782 16.4748166179366 21.9190280755439 16.8811102549315 16.2095683813818 18.3216648806482 15.8466293154739 16.7082365216693 17.2390617708982 17.8064570660535
TCGA-A2-A0YC 6.85138109293636 19.3534389606712 14.8176150967899 19.1732323264826 18.0114898464778 16.0566993691929 16.1228123276003 21.5787585013424 17.7302159428755 16.2023305510068 18.1616857996283 16.1888327512444 17.4260078467761 17.5242961955854 17.8760297969442
TCGA-OL-A5RZ 8.72553845962495 19.5898208765926 11.6158336664721 20.449809349466 16.6594189132726 13.8971855594847 16.5200105921469 20.9595506419625 15.9041861664746 16.5566771694673 18.53286270443 15.3045552537209 16.8411422907359 16.3498691990398 17.4374543188674
TCGA-A2-A0CR 3 20.991724173143 13.965402070964 21.3161415685709 17.6605039572823 15.8257716322916 16.6458447132899 20.8914225820893 16.6469865871973 16.9970619759554 18.66742030554 17.0434351101602 16.449341341104 16.2478423219236 16.8106281807168
TCGA-OL-A5RX 8.30096556022218 20.3565055265235 14.2217107137558 21.174643015002 17.8479714808744 15.7126254604737 17.1148844201405 22.1697387272595 17.6497844151101 16.1740535336612 18.2015950611082 16.6972486645953 17.3499095297308 17.1233300922635 17.5319204178238
TCGA-AC-A3TN 7.24607901364151 19.0128074358695 12.3067855709493 20.343336637891 18.2485970480122 13.6974084376032 15.3530508901094 20.9508673484932 17.8304375684435 17.0145519765237 18.1984354406254 16.3781461566891 16.7414000739154 16.8974167515303 16.8977031927058
TCGA-AQ-A04H 7.88601766016448 18.2777245648054 12.6736802239611 20.1047580647135 16.9838044778647 15.9197235505268 17.3069127500062 22.3584172509423 17.1752280625563 16.3926453291125 16.1617490818369 16.8574669199748 17.7367329928332 17.0189762863667 17.7280997304544
TCGA-AC-A6IX 3 21.3013513647931 14.1870091984942 21.2821468378103 18.2642696142166 16.6867126450725 17.1449804191264 21.4489304254399 16.8133321289281 16.379028605064 16.7314229440894 16.2043027691203 17.7010796571827 17.5720640028707 17.6634158367608
TCGA-AR-A0U2 6.95552944157181 18.4713551108442 13.238141154538 19.4888755785696 15.7520718215117 16.3080606357363 16.2416577815471 18.9857261937343 17.4510228914288 15.8829658525862 17.7967706378018 16.3864576620204 17.4918855840207 18.3220556496864 18.3949156916044
TCGA-AC-A3W6 8.89425901803162 21.624704896908 13.8900494639568 21.4291930606674 18.2664480699332 16.3806266320097 18.0449346447175 21.6546821307326 16.6085870874524 16.740762691961 17.78083833927 16.965800290576 16.7124268981096 17.015948005108 17.1250679034662
TCGA-A2-A0ES 8.70163821482772 22.8470304009471 14.1339981084297 21.4485502462487 18.9041640200939 16.8116599363767 17.773988120076 22.6554681388133 17.4134745627087 15.7563519869998 17.4611272763557 16.3310122710334 17.4920531199026 17.7235209126589 18.0346909549982
TCGA-AO-A03U 7.93032419888661 20.7750669111035 16.9443457360054 20.4869070369767 17.8365630180589 18.192477803554 16.8040837276791 24.2469172971449 17.4756350537413 16.0797807759122 18.882124435831 15.8006889035287 17.4746187814986 17.5098694829159 17.9126538681603
TCGA-AN-A0AL 3 20.5054994566657 14.4756510646969 21.0937461623241 16.576115893477 16.4922177896471 17.5356437159628 23.1162470112744 16.3317446354901 16.4771746232106 18.97013636329 16.8014999646517 16.6499971049339 16.9785047217343 17.5073020378676
TCGA-AR-A1AP 3 20.5027173144139 14.9058005280405 21.0408472567283 18.3785207792974 16.1986464313565 16.8812044830644 21.8415667070184 17.8211204977108 17.0511107799014 17.5737191811435 16.4245874707427 17.5876871960985 17.2320830596662 17.8250397194129
TCGA-AC-A4ZE 3 20.3607756959973 12.365516291427 20.1461341445233 18.089789503399 15.6039750305539 15.9450589137755 20.96737849935 16.4900587703023 18.1819295460513 16.7195390515234 15.6324686329625 16.9498303013093 17.7744168699115 17.6010888869431
TCGA-E2-A15C 3 22.5121320542388 13.8006663861175 20.8222000315097 18.88933697023 15.8590550188546 17.3040907441864 21.9887988878844 17.7086802002622 15.8630545181241 18.0664481507526 16.3710279453813 17.7210373987393 17.4968415834356 17.9782618871551
TCGA-B6-A1KI 3 16.7599609150274 13.3491510084465 18.3895382548401 18.2649139349629 15.5324277578809 17.1593041275871 22.9871083023908 18.1910323396462 16.2890614386197 17.6172475133397 16.5354707636882 17.2717908940602 17.2905426426875 17.4931646787944
TCGA-AR-A24T 3 19.3061722196294 15.6415546085063 19.18001156837 18.4654757460637 17.1385299856775 16.8636129440548 22.1025256177415 17.3999534446154 16.3322980957384 16.9241236556164 15.7525339520228 17.2341345992765 18.0825262710761 18.481989448812
TCGA-AN-A0XR 3 16.3502994805543 14.4452800406787 18.1181098730099 19.3400925891078 13.9300479175188 15.0142787503437 21.9118832961919 16.382060869805 16.3775337889257 17.6207244244262 16.7058951586731 17.2248395225074 17.1852572033903 17.6085525812656
TCGA-AC-A62Y 3 24.5507874384492 14.6029362327827 23.4984322147146 17.6565564854304 16.2047728248615 16.7199569572818 21.6731578751022 17.3236205475693 15.3956730895925 18.063249162634 16.3496916436993 17.0074110082786 17.2814508961507 18.0254276802509
TCGA-A2-A1FV 3 20.6081287564258 11.652679600824 20.1905033884323 19.6996795408725 15.9506368114991 16.0043879276958 20.7590280305743 17.6022140697578 15.4766514550079 16.1716325922479 16.3795492564842 17.192851835908 17.6124234777398 19.1163262682305
TCGA-B6-A0RT 3 17.0755957284028 16.949791033064 19.4158514981638 17.9839906843796 16.9943515663045 16.8871090908051 21.5106175300273 16.8892095981883 16.1814516527359 18.2902260738647 17.5348990372008 17.8590931636974 17.4177516497867 17.335912366907
TCGA-AN-A0FN 8.01265151994849 23.4757436638375 15.1204120046048 21.4296767335532 18.1969988234013 17.1430307807831 17.4465929497213 22.3807972238424 17.5878941910363 15.6021834858931 17.2718383193445 15.9902702275864 17.5521479876004 17.9731943514158 18.1105410159948
TCGA-A2-A25C 3 18.9335939907544 14.2349823886861 18.5089147064816 18.7236753462336 16.6551115869829 17.3700513680608 22.154790409186 18.3420201127994 15.553893256023 17.1845945726553 16.3003994136434 17.208117721167 17.6888856025525 18.1397592909706
TCGA-BH-A1FG 3 20.8270126010927 12.5102603923535 19.1575561576626 18.4478216109991 15.4991536720218 15.5906001447544 21.2785378741982 17.4065274268628 15.7030267661114 17.7668519539333 15.5506202041273 17.4577550531403 17.8403718607327 17.9989019297602
TCGA-BH-A18M 3 21.9369917091935 13.9058989075542 21.1538462930554 18.6782813714163 16.6728954178676 17.1697665695141 21.6489408089118 17.9696782001265 16.1453275513455 17.6760825281594 16.1140363530582 16.7627133178311 17.3600352939875 18.0731896682288
TCGA-AR-A24M 6.69490476226722 18.1928821729533 15.9317034511779 19.3862206023167 19.9456303460359 16.8156175392695 16.8083618865691 21.7198596828583 18.9203067381503 15.4024262926887 17.6763816738665 15.7243829869427 17.6337393104576 18.5391097072433 18.3725697958894
TCGA-A2-A04T 7.10857351979638 17.3838747847105 15.8378063065867 18.8307799968931 17.6922222114098 15.3978829263413 15.6857426382731 21.8196042900767 16.4729821996197 15.8413305148449 18.2063380791362 16.9664206323972 18.1441617790568 16.5269767072891 17.5874737704495
TCGA-D8-A1XM 6.68598921115907 18.5613290185461 14.5243449731413 19.4424367831534 19.0363088558955 17.1873344604262 17.0734586951547 22.6739402338158 17.3062811746317 15.6961823489404 17.7679765898553 16.6595970566518 16.9637287442825 17.2835267483143 18.1059828181754
TCGA-A2-A0YI 3 19.5954124564936 16.2501317457297 20.2796539657784 18.651298161137 17.3509716212543 16.6872476132238 21.0153213678818 18.5993073649922 15.7396879780028 17.3979148003838 16.2992054468312 17.5129960672779 17.6499177869477 17.8073993484068
TCGA-BH-A0HY 7.26986569562176 18.648034794653 11.6810468233716 21.0130361090249 17.9704581532901 15.0731127255791 16.1060202792039 22.5143702835615 16.0843510995378 14.7920426863726 17.3009570874373 16.4250203180976 16.9914520447253 16.9881724783774 17.9537795285016
TCGA-A2-A04X 3 18.2408279823076 13.7352053369709 19.4828791367515 17.9255023894749 15.8669781428753 15.4129958364582 21.985596332565 17.4437930108217 16.5458212594374 18.3138113408942 15.4153283149328 16.2909052200261 16.9566175686417 17.5748345905104
TCGA-A8-A0A9 6.85866291666136 19.2774778757965 13.2775798701525 20.7979215894707 18.7235200607781 16.0692856125594 15.6443990928764 21.7216305225229 17.2760435205618 16.2458075472172 17.5152931088964 16.3104673421932 17.2812741346753 17.5091798325672 17.4685213389125
TCGA-AN-A0XN 9.17792208327065 20.722845419799 14.7873436417133 20.1129322635642 17.9202855190606 17.2931515675595 17.0297704980165 21.7859783868614 17.322462570308 16.3736818258928 16.6417002526275 16.6494357914693 18.0899040094173 17.9144260846139 18.944223177742
TCGA-D8-A1JF 7.86121497448655 17.5560403652922 13.924366294257 18.3652208039048 17.6137203162093 16.4630487910042 17.4501695605698 21.3736704322738 18.3735862090478 15.5465372394561 17.9062601060865 16.1251448089266 17.5263762859818 17.7858197518033 18.3062928461985
TCGA-GM-A2DK 3 21.2060372743581 12.7701868739643 20.7054188573679 17.3570220405452 16.5293212496497 17.690411568266 21.3838967875057 17.1560660821739 16.2498127231242 18.1938883745225 16.010724979346 17.1471100952892 17.3426301962798 17.3624259473532
TCGA-GM-A2DH 8.55773825051375 20.0408811086189 13.920831565925 20.5624073941389 17.8201528709773 15.8640643437039 16.6865995503987 20.1138762203863 16.5827126453074 16.5237447772744 17.5259000632989 16.2641605437272 18.0193596297351 18.1358192813517 18.3540827525836
TCGA-BH-A0BO 7.01796181825657 22.6616940432375 14.072581888962 20.6018303278055 19.0117586134875 17.4104557978331 17.6460945058951 21.8927603671474 18.3181371129034 15.8128863427445 18.0527647499235 16.7268260916037 17.4591358675575 17.617155238913 17.9365015184105
TCGA-B6-A0WX 8.19550412172123 18.3514537408028 14.3746034471847 21.1511180403972 17.3106963603415 15.70269503354 17.3233598956333 23.3440545749048 18.1279792217882 15.8552735135739 17.3398264908461 15.4625398549909 17.666588227541 16.8389586673799 17.6471177649777
TCGA-A1-A0SF 9.66766733155634 20.4058293333412 12.470045923423 20.8586259583428 18.4359398269641 15.803825981029 17.0575542657178 22.0384151025314 16.6617306991736 16.2583760672554 17.493461509052 16.2439155403771 17.1513223353771 17.8379235543628 17.3701805585098
TCGA-A2-A0CT 8.38781334732688 19.1170748406151 12.3334458720766 20.3352045635215 17.0813714698763 15.4612467397341 14.8817744774904 21.705008336539 17.126575530436 16.6759772395559 15.8443985993223 16.1989316735022 16.6804265875071 17.7313592183203 17.7242974742584
TCGA-A2-A04Q 7.25709797488651 18.6437258609304 15.7006171560368 20.1876056668309 17.3686682912505 16.426287820124 16.0774581806287 23.3954598716566 16.9468749973051 15.7939667937823 18.1614237654921 16.6875815636223 16.9167484308003 16.8767788004272 17.6143025724309
TCGA-C8-A3M7 3 20.3804531973131 13.2752055769082 20.805055095774 18.1262164117553 16.7671322524207 17.6995679978249 22.023520405321 16.6995650614488 15.8885009857678 17.0074207817248 15.4763340327083 17.300704033383 17.8903844254846 17.843653905705
TCGA-AO-A0JG 3 21.6539610928886 13.3544241135985 20.8602292224354 17.47207423461 16.4932784570758 16.3403974309778 20.7575918816259 17.3215848096719 15.4125902552784 18.259070324194 15.3889853390189 16.831403551171 17.6903719698599 17.6697284227582
TCGA-BH-A0BC 6.94391669239209 19.8082159070269 14.0120547245761 19.7507953203521 18.2428131970475 16.8798380463775 16.8453902138998 20.9712846224512 17.1220983606948 16.2782216606678 17.9985914030717 15.9726866302163 17.0327900569341 17.80428889101 17.2871902026157
TCGA-B6-A0IQ 6.88576370682927 17.4551426931774 13.7321165827651 21.2576929155113 16.8187061936098 12.844096260289 15.9069973718946 23.3885141888365 17.0541906561759 15.9473541683044 17.3044094463971 15.5512151469954 17.768957258866 16.0251021356838 17.9787715645519
TCGA-A2-A0EN 7.97460823694024 20.7220720478095 15.7433777140769 20.9037705832869 19.0173662804117 17.0333716193565 17.3630427431183 22.0768846926576 17.0033685272436 15.6966838561078 17.0625817534978 17.086382783078 17.3354116602764 17.4383541062841 17.8673126702365
TCGA-AC-A2FO 3 21.206901495062 13.966225259306 20.8762761317609 18.5663295406732 17.0373804719468 17.048198349378 22.071508654304 17.1164491607591 16.3654338976033 17.970522768215 16.8717784785879 17.0544828380998 17.7490642703877 17.7490181950224
TCGA-BH-A0B5 7.00610427990785 21.3312752041017 14.3382925628139 20.0815815739435 19.0840867188114 16.4297488771175 16.5170891322135 21.6996392788363 17.4041302280639 15.8109085570883 17.698957493828 16.3920148615591 16.9630245115957 17.7108713202082 17.7945193503115
TCGA-5L-AAT0 9.41756333094177 16.9867215063083 14.1206461261212 19.4738857076443 19.0545525944138 15.8679448993033 16.9000957579684 21.9332715330871 16.9076996498902 16.0439265221723 17.5204595397358 16.7742254466072 17.2001904099816 17.3201294476922 17.0576342916019
TCGA-A7-A4SC 7.78291328660708 21.0313506765904 15.2032104382484 21.4767573963503 17.7912418226187 15.9861964994638 16.9135981029016 21.9897532665207 16.7510380301636 16.8508464198197 16.0432733217056 16.4881664477222 17.4660032166438 16.7677526399168 17.8344035747602
TCGA-AC-A3BB 3 22.3844163004855 14.764441519972 22.2028666536109 18.9502317740663 16.4826158734664 17.0087808316382 21.3597382255819 16.9190247100519 16.4115689020122 17.8899867042787 16.2774686236521 16.7445393945455 17.1169656083176 17.4271577070255
TCGA-AR-A1AY 7.1661031067711 18.7684369911695 15.8481747404924 18.9203128630319 17.9601027335864 15.3500428632636 15.6042396406869 22.2852810586825 16.6208432076903 15.7855475514639 18.6143136139366 16.7112369321703 18.1236111512468 17.4957191511912 17.3390533895173
TCGA-A8-A06Q 6.73738175880506 14.0009715013598 14.3991024070499 18.814822019516 19.1569278862329 15.0716204903034 16.3776021588443 19.1387788950411 17.8839154744491 17.1519195649488 17.900614658766 19.1566003696066 16.9954514237633 17.3467808369691 17.5706125669559
TCGA-A2-A0T0 3 17.3279343227232 12.8184030771877 20.1444690256033 18.318715577336 15.0223452901895 15.7617281952089 22.0377073665173 17.1859019951016 16.097776035836 16.2721754374697 16.701726033029 17.2433361182156 17.6330718917449 17.7670667286989
TCGA-A7-A4SA 7.72870566469031 20.4608363432504 14.5546937519553 20.4117829268974 16.8142964578243 16.0689727133334 16.8721658012563 20.4329874927429 17.1177757484459 16.2667146309643 16.9393847535425 17.3155556338249 17.2610125616576 17.3089915345994 17.2999749750014
TCGA-A2-A3KC 3 20.1116945537628 14.0558452127246 20.7834896995342 18.2841790010617 16.8756940816544 17.4688354292953 22.0371472129214 17.5276118689642 16.6485581646421 16.6759467261865 15.7017776216257 17.424906858965 17.4478286132866 17.7126952165088
TCGA-BH-A0H0 3 20.0211672420923 11.9852522966471 20.0017104515984 18.6735954323352 15.4853988658365 14.8431169570752 22.6203590417784 16.6308716337152 15.847283649481 16.5257697599938 17.0668899732566 16.8560472301708 17.4473683718114 17.9260778507031
TCGA-A8-A07O 9.11740631585015 15.6222567189844 14.9889431920996 18.5086651720721 17.0687753721912 15.3297903864538 15.2350656012871 22.1176599075178 16.1316355474189 16.3627549549761 19.304290952273 16.7087575581241 17.4912018786439 17.96809731567 17.6457350667298
TCGA-A2-A25A 3 22.2844267672022 14.5829219773873 21.5528871314626 19.1128368833726 17.1570362223415 18.1195823869295 22.2014903589473 17.2754286069403 15.9726270821982 17.5226594819414 16.5920071805182 17.1429906214223 17.8092472915703 17.9986923530332
TCGA-LL-A441 8.38543528427179 20.1100299247155 16.0763208070578 20.3634502757235 17.798013119161 15.9947211926322 16.1870317698975 22.4764493212692 16.6764205588848 16.6661405308115 17.6275480228733 17.1190597059774 17.6005069830013 17.5860598359702 17.7129576586495
TCGA-A2-A0YT 3 18.5429420985266 13.4645933661932 19.7470174946918 17.5159337585651 16.2822994727919 16.2047382218421 20.4657898767986 17.3830835310632 15.600198629173 17.6869899616454 15.9254640624786 17.1644929534032 18.031125049613 17.5562928392405
TCGA-E2-A14U 7.88700613988349 24.2541325393699 12.6278393446593 22.8259695216102 18.683736374268 15.5067007148002 17.3727725728207 22.108130734784 17.3007897270462 16.3513374559295 17.9014178461752 16.363154184845 17.2166087518177 17.3290953602876 17.4287064166335
TCGA-A8-A083 3 20.5175700882211 12.3842412201671 19.8856934827681 18.6315613656812 14.5434784394415 16.4777962672412 22.2119345085288 19.477952946163 15.7751696099091 17.915029634961 16.9736360286599 16.9879410099603 16.8971913117431 17.4860732122238
