X1008 X9074 X3918 X9076 X5010 X84612 X7122 X9459 X1012 X10207 X977
TCGA-BH-A0HW 3 8.51956263800493 15.1575868308328 14.5324252095355 12.4234093634256 19.481219314168 14.5366265134068 19.106634801739 15.8693923590408 17.4418968290061 20.7541630034248
TCGA-BH-A18S 3 8.67450069700642 14.5291827727089 15.8074207186693 11.5279336767305 18.9509879289545 14.2594886858103 16.9607293297215 14.281376263322 19.0409368593866 21.1425645064117
TCGA-D8-A27E 6.51254316570188 8.48637671988491 16.4149431767486 15.7907773660469 11.5939279618282 18.9155622578884 15.7057377189655 18.7605397613121 14.6119918282272 18.888331732182 20.865276924452
TCGA-E2-A1IH 3 8.62620792192038 15.967115020821 17.2877040062764 14.6261443776032 15.9715007115653 15.8268211290901 18.6984853568888 15.6312304756412 15.6007779237132 19.3949695311969
TCGA-A8-A091 7.67217700033526 10.6950160923182 13.2478496567958 15.1732774467463 15.0284302940634 17.0150494095777 15.3012500191441 19.0400001225107 15.4847610746004 17.3431747645135 20.7005662207636
TCGA-A2-A04W 3 10.4164144211478 17.0413000461569 17.3402734329516 16.1075847963741 14.609900524952 15.6718095030088 15.7944850612767 15.2772987113354 16.6267074365237 21.7425317588991
TCGA-D8-A1X5 3 9.09256217661959 15.5283208591116 16.4457746800957 12.9648309017022 19.7812004540869 14.1147530667364 16.7528171653912 14.4778104066984 17.8219218649114 21.6646866585415
TCGA-BH-A5J0 8.70838608419209 9.1890604702107 16.6434311083386 16.4889707136466 14.6326140849592 16.7478734138655 17.5819965741485 16.400766768808 15.3098001764737 16.6892167970255 20.8433582851328
TCGA-A2-A1G1 7.35407862583818 10.1727252321523 18.8269659769731 16.4009397031402 13.1915485692124 16.3193206670457 13.2099148681146 16.76947771519 15.458212389664 17.9458992635583 20.4870356318637
TCGA-A8-A097 7.82396462708443 9.27942540156041 18.6531316616867 17.7863927785424 14.7051903243577 15.9695666574244 14.3532158981639 18.153032888152 15.5060509770264 17.4889858312457 20.0287178673181
TCGA-C8-A130 3 9.82584771809725 15.6003168666767 14.9383464135844 14.56991710943 16.459628801838 15.9343908746499 16.9044207366577 16.2906518859209 17.6196857708241 19.5820684110704
TCGA-A8-A0AD 3 9.09589062151051 12.1197400309923 18.8351602151366 11.8980011002231 16.1965838641635 15.2039426928037 19.2678536686959 14.7008683477649 17.6489043773177 20.8747790828935
TCGA-A2-A0YL 9.6888732236152 3 18.0377903403896 17.0145655679736 16.9428048065714 17.274464900768 16.5590734933347 19.2459910762029 15.2924246063212 18.5417289666799 20.171807364142
TCGA-A8-A09G 7.4824591552116 3 13.7590655805744 13.8083724962371 13.4246101238126 16.5082361345588 13.5775217489671 16.7681986546372 14.875186633819 18.7870729946049 21.0872511440856
TCGA-A2-A25E 3 8.56012750123907 15.6838349044604 15.6395544616836 13.7243799539139 20.3308599416243 14.0261162040839 16.6544991971929 15.0026066921844 17.8383678659011 18.6535389628301
TCGA-LL-A73Y 6.72648626210033 11.5973644999625 18.0774449430332 17.6155518442976 12.9918154082044 15.1783844738897 16.6306554924756 16.9861084232215 15.3845972572397 17.0966009377732 22.0100006839659
TCGA-AR-A1AK 6.85962918654884 7.88008625253867 17.7974170352966 18.2144328085916 15.4391367631403 18.693970631499 16.5855404360076 17.8504760595024 15.4653220693266 17.8913207185923 20.078099564305
TCGA-LL-A740 3 10.9501039451917 18.2599158058379 20.4916645761268 14.9672237608573 15.0568240863075 15.8229084223704 16.0597842581381 16.400966764396 17.832071498429 21.7494303220276
TCGA-A7-A425 7.73034142598761 7.80122195486459 16.4312877616349 16.5303065920235 16.2705759231252 16.5754100606915 18.9143156109051 17.2410632081418 14.7738274258138 17.6483386084578 21.9365004130047
TCGA-AN-A0XO 6.49996764452345 3 19.2756142590427 17.279731394268 14.9724515404133 17.0765812523575 15.3280708683201 16.3840256931822 16.9005259178491 18.1800802790897 21.3033979094301
TCGA-AC-A3W7 9.17466408772373 10.4291788518535 17.6874975987918 17.041329730216 15.9742058072437 17.4000275799851 17.0977608161783 16.3164652714239 15.133693803766 18.9689487271887 21.6322212151109
TCGA-BH-A0H5 9.32847875354862 8.82471877980238 17.256468736177 13.8439957552026 16.7360836210623 16.6932911324978 16.360741149994 18.7757912080065 14.2318138304395 16.8856075150979 20.0969682747867
TCGA-C8-A1HL 3 10.6614823686812 15.2727570152208 14.7894320561263 13.5613551202942 17.3005718880035 15.8489313566091 16.3368758793501 16.480807832592 16.9777392825927 21.1359368189207
TCGA-A2-A0YF 3 3 17.5334853174537 17.1399187026205 13.6740974348805 18.6392301997178 14.9642153503099 17.4669547964292 16.360315791765 18.4969035724943 20.5680179873918
TCGA-E2-A15J 3 9.76201583628912 18.1014510752491 16.9171612518803 11.7649583590946 17.7008169471866 14.2454595854408 17.5763668359409 14.9331178285854 18.7138819397302 20.6874311345869
TCGA-BH-A0BW 3 13.1284534242298 21.6731164457256 20.1778494555375 13.6216821945717 16.1489606548893 12.3383095874861 17.5122076364565 13.6883737764677 17.7158675826925 20.5896398440105
TCGA-A1-A0SJ 6.82774070701048 10.6107224185918 17.9379056596205 15.3544704360503 16.065152418522 18.0229771296934 17.7479661843673 18.591971988634 15.99476934392 17.0257075790807 21.2560510948812
TCGA-A2-A0EY 6.7674129507791 8.75787543893416 12.9602706689795 18.2074626742262 14.6919098529474 15.5857539222331 14.227769852957 16.4068358187489 14.4809043615668 17.2557689220504 19.6374121107006
TCGA-A8-A07R 3 17.5974773131516 18.9559507726968 19.3059481049244 14.9202265775679 16.7503392135097 9.72602796843143 15.937304830453 14.1929488748472 16.6233837821513 20.0030759946733
TCGA-BH-A18G 3 9.71871337046798 18.6042583079578 19.8320126784252 13.2692934321444 15.1394255234483 13.1190358011977 16.5973282252667 13.751140352134 17.0956510996463 21.7165764315158
TCGA-BH-A0BR 8.9667967566161 3 20.0281229156282 18.4412430150281 13.563554268423 15.6703858070797 15.8354581041121 16.9681772445144 16.4383853889622 17.5885127602303 20.9251439618144
TCGA-A8-A06N 3 3 10.741788496464 14.0909460729773 10.231216382914 19.6444698887905 13.8838980821347 17.8283207089167 14.5365428517724 18.2248026005226 19.5449089731233
TCGA-AO-A03M 9.10721098434741 10.5301122447904 15.837468405805 14.9109629581437 15.6107810599959 19.6737440205833 15.7803037234492 16.9259632920554 14.7187143432451 17.7921900747872 21.8110006301876
TCGA-A8-A09X 3 11.2799785626234 11.2558879048779 16.8857563598163 12.7606000395824 14.6713535852329 15.309546162857 17.1719302165108 15.7740254991398 16.927984943596 20.6123241409282
TCGA-E2-A1LS 3 8.30003748180572 18.343162385889 19.2526025886469 10.9339108285078 15.9551922178486 13.7105419115757 19.9113824707331 15.8405721196122 16.2737593632642 22.2360279172415
TCGA-AC-A5XS 8.09637374448491 11.3016643633713 13.9909616722982 15.8306673259224 13.8649366560326 18.1345028592633 17.5988991889403 16.4160070542502 14.6574180828087 18.383638335102 21.2826515418776
TCGA-AC-A23E 3 9.52077697196362 18.3352078564224 17.767884869335 13.3699026626376 17.2860879578676 14.5032260618561 16.7558971112145 16.8363533795934 18.3335704114225 20.379029433146
TCGA-A8-A06Y 3 8.03911817532449 16.5321349695008 17.6520145672615 14.5449591956048 19.8216285600093 14.5153677082381 15.7529683167103 15.6374648202464 17.1895242575358 20.1763476492751
TCGA-BH-A0H3 7.5238147353632 9.54877429295816 18.6922386356976 16.6680780382293 16.3482201953958 18.977781967541 16.1104208290424 18.1796788612508 15.551524035222 18.1099723807931 20.1792436997751
TCGA-AR-A2LJ 3 12.5353433470812 16.1684191592777 16.5239051931393 16.6872419325067 16.7512141547132 18.350576841975 17.8023482066232 14.1634582624954 16.6507970325112 22.0451801276415
TCGA-A8-A06U 8.43539293521753 10.2219101962767 17.7964249381603 15.3894337932171 14.0507835041062 20.6806513320156 14.2059870720297 15.6965317631982 14.7071715169197 16.9052942245394 19.831492541722
TCGA-D8-A1X6 3 11.3421293890289 9.68797074627386 17.3053236648612 9.8775483430118 17.8331061434787 13.5974829989708 19.0928552712136 14.1587259446184 19.245980294931 19.6159951129267
TCGA-A7-A6VY 3 16.1621997467303 19.4504510992026 18.8525348670192 11.5437160050198 14.6191515527633 13.0697322023181 16.4745769523889 14.3635015241099 16.9537020193063 20.4501982004277
TCGA-E2-A15O 3 10.5155080455813 15.3927562078156 14.8761613621905 13.0000350525059 20.0336776539134 14.9434756620308 17.9417419769584 14.7094465530859 17.9010970548259 20.2995898303642
TCGA-A2-A0CY 3 8.56717653601348 17.9136405500345 14.0770321141167 17.5654703168925 15.2339112588609 15.6966607863415 14.6937937551184 15.3230800402994 16.5998253579689 20.3952868801697
TCGA-OL-A6VO 3 10.4616613509041 16.9693116975855 16.6321404508005 13.2192531233192 17.2351683653805 14.214070569084 15.8983809771118 13.3587201941694 17.406670659574 20.6207692881578
TCGA-A2-A0CL 3 8.75005026674974 15.5119841928881 13.2493226355215 14.308560576448 17.303069283585 16.2294413552603 18.3542213896125 14.695847802635 16.630191440133 19.0815111684428
TCGA-AR-A0TQ 9.46400873459726 9.68722998283318 14.8084482646998 15.7705280207056 14.2120996429352 18.1832890842907 15.8836474490832 16.6437976586328 14.6208876786346 16.9847331481049 21.4466656586089
TCGA-E2-A573 6.97521480536894 12.415569242923 17.4130827331858 20.2156323238378 17.2793072148738 15.8405334690595 16.6434912881405 16.0779596399911 14.2482532688814 17.0729049181168 21.3658189410892
TCGA-A2-A0CW 8.00503273689183 19.0535150472139 14.3345402604177 12.6969139426937 13.0895887104504 19.4806417810087 13.5883627658446 16.3055326564604 15.0943775865368 17.719499793848 21.3143172849765
TCGA-AC-A3EH 10.1456769217881 10.5646022966057 15.5609583103407 15.9557909477469 14.9584054326058 16.614560483936 16.345754206594 15.9747670762927 14.6954954110269 18.3244228040011 21.8376664336808
TCGA-A2-A3XX 6.74284077871191 16.048893244455 17.4253391960937 16.2352884503961 15.052495320593 15.2048855148444 15.9393999108028 18.1142126408549 14.9941342033184 16.5059515744283 20.5833901364166
TCGA-AO-A1KQ 3 11.0045132085078 15.5906817415891 14.1061009542892 11.8265967937512 19.8976560960338 14.6800447138097 15.949912166835 14.091548270637 16.7499239882595 21.2395687564478
TCGA-BH-A0HN 3 9.89537959895829 13.0317878336526 16.8085424321149 11.4149922264723 17.2926688792857 14.005919427377 14.6686202215838 14.0061964789486 17.7478376454405 20.8771670490031
TCGA-AR-A1AR 3 9.21267356129421 15.5990396449849 20.9613153513131 12.1155590510301 16.4037052236858 14.230967486169 17.8221193539644 14.3035842761804 17.8093212944531 20.0704471681467
TCGA-AO-A0JD 7.80576239233615 9.42863018570522 16.3140126960893 18.2063913564662 14.6178647878745 17.3048841137148 13.8022961403023 17.3704069590902 14.6516407144207 17.1170279145562 20.2159383985573
TCGA-A7-A0CG 9.78644041101813 8.87174789249643 16.4039600790592 16.3133678478536 16.2150618286759 16.6643899563231 15.298106343478 17.748210020494 15.2973782212119 17.8958066632704 20.5684719974651
TCGA-A2-A0T4 8.16533326321339 9.7961484989574 15.9713795194567 16.1375583919975 15.9926587462229 17.0389579551067 17.7234879330135 18.3250919712807 15.7497893572967 16.5329032815709 20.9709591887292
TCGA-B6-A400 3 16.3256633286117 19.9080487084593 18.3047051514752 12.8473468846998 15.7550809568517 15.1725867932466 16.9292019188992 14.7176243959932 16.2796514705621 20.7758031223729
TCGA-E2-A576 3 9.76598639040308 13.4567116473468 14.6708103249087 14.6911771782425 18.5026313944832 17.3581704281101 17.1796833654194 13.7365833046219 16.54201035907 22.6652867806192
TCGA-BH-A0WA 6.72231203167584 16.3370038015376 20.9679867196414 18.7422340634057 14.9809639305112 15.1350052003576 14.0432321805673 16.5245135187463 15.2969387796657 16.8292609213058 21.0554574085025
TCGA-A1-A0SN 6.65646867822263 7.66871869733081 16.4822816493202 16.0695814970262 14.0885988708512 17.6402217216453 15.5622976227604 16.7284226782248 14.9946507728389 16.5594985488202 21.0412923493999
TCGA-A2-A0T3 3 7.59494689770463 17.7347769767006 13.991301461066 14.9273229369374 18.8614792731243 15.1620940590973 17.9952932167154 14.7092389296236 17.5750085321729 20.7858205862745
TCGA-BH-A0AZ 3 10.5178710814303 18.1598017693959 17.16184752775 15.9900383108909 16.4217765187449 16.3197965113504 17.0362336036004 16.4221515944385 17.0066460530682 20.3317672517029
TCGA-A7-A4SE 3 18.9600522798382 18.5427525808302 17.9769520990311 14.8105721941719 15.8171842652009 15.6887166144748 15.7272534257264 15.3861942288833 17.5226018588693 20.6467623565993
TCGA-AQ-A1H2 3 8.89536579047784 16.457872825814 15.6334836754929 10.783546013518 19.8732422613664 13.8070809807034 16.4586501186309 14.2338263579004 18.6056821362993 19.6517328785768
TCGA-A2-A1G6 8.15451258322381 7.66026505062555 18.8775780580935 18.1160385233185 18.1674612979445 17.9108617516505 16.2057565368535 18.1580940978324 15.5331572360319 18.2160331254985 20.1311854207059
TCGA-A7-A13H 7.53822957759544 10.3644844805223 18.2633121332963 16.9259143060361 15.7314617191477 17.4251595962149 16.6524095403119 17.3084196676 14.8551477212227 18.3705306832902 21.2826446720364
TCGA-B6-A0IP 7.91344696878915 9.95006408436492 18.1183506207727 16.7195944840104 14.5396319154126 17.9988628057814 15.3909330918578 17.9675615837151 15.1000280207468 18.5607902552345 21.2699533894629
TCGA-A2-A0CZ 8.68242152190846 11.846252568529 17.8178702062484 16.8881811522798 16.4225691713788 16.6043108001624 16.8792025709478 18.0403033303644 15.7527348328497 17.1285410565414 20.8428675582974
TCGA-AR-A2LK 3 8.49370674164646 15.6024330832642 16.5715534471026 13.3822757228137 20.1994283611308 14.243943601882 18.608181375589 14.7352895486013 17.5496771997517 19.9987383438933
TCGA-A8-A06R 3 8.81269519884387 16.7873454652618 15.3597620706588 14.2876163883223 16.2041228766879 15.0072897645213 16.0530606926263 16.4764031652973 19.4735706598909 20.4146529695124
TCGA-AC-A3YJ 3 9.2597200584087 16.2103396686929 16.1717809504707 12.448455736179 16.9821306601447 15.3856287909333 16.3964708999673 15.0029734306966 17.242550475171 21.1370467956479
TCGA-5T-A9QA 3 3 15.6782405195316 15.905881932822 11.2328175519422 17.541058477438 15.4970684897466 17.435733358601 14.6372690725355 16.2873268846218 21.3850140443612
TCGA-A2-A0CM 3 11.4109965967548 17.4781143117209 18.404015944207 12.1259198484237 17.6075826141005 14.4808380858066 17.3118297548579 13.9848933906408 17.1794248902956 20.8817411256217
TCGA-A2-A0D2 3 15.8128565866408 18.2943922969454 17.8042812217751 14.0302386809072 15.9345459457051 15.6591746813554 16.7693640288785 14.6312376532003 17.5656551916238 20.4165665136005
TCGA-A2-A4RW 8.42612057863468 10.0615589015772 16.3631622914116 14.4138844243214 16.7131436147071 16.5509910482723 16.1552686917913 17.1614590278135 15.0964001033017 17.6513108530786 20.4066344949591
TCGA-A8-A095 3 9.99001330891886 18.5741543205267 18.1846608255325 14.1983169471917 17.2346896318128 15.3176885883869 16.0279717599733 14.7441875989973 18.3673090383844 20.6993817518176
TCGA-A8-A09R 3 10.0018659898906 16.1996942620203 16.2909809730699 13.2197649988753 16.7182357155741 13.8105806810473 16.6410857822778 15.5334728091886 17.2563799676884 20.1204676520443
TCGA-A2-A1FX 3 9.59535134616858 13.8553045881632 16.8357048401408 14.9899223644325 20.0014921082282 15.7928262628567 18.9961274318545 14.4476358108978 17.2967578526333 20.8544764065021
TCGA-A2-A0T6 7.48645047694903 8.52585403937928 17.2951005039583 17.6985127027585 14.105613903289 15.6276016169191 15.5755983956282 18.6496224737029 15.1270896852703 18.3912266844328 20.5731226182572
TCGA-E2-A15F 3 10.29717955102 17.9843975455797 17.1129500933623 15.0698518861799 19.4811682348853 12.9652432244936 19.1670679209155 14.7609238154566 18.161538243687 20.6586601114236
TCGA-A7-A3IZ 8.23588848852494 7.74070676871679 15.5992077061088 15.2332944910264 13.1963431706125 19.8675854417909 15.2456367265234 19.5788072812023 14.857829395408 18.6866972103083 20.6299066763477
TCGA-BH-A1EU 9.12790776173897 3 15.9619912964359 16.5597488757262 16.1658845301402 18.3195891414462 15.9279289273431 18.5520885584441 15.2795507018359 18.1851129194123 19.8627639295058
TCGA-AN-A04A 3 10.0691501776495 20.3727314475111 15.8639879076729 15.1902960638023 17.3081682127442 15.1960077072992 17.5018874721309 16.6887907530051 17.5012994695305 20.3053300457649
TCGA-A7-A0CD 3 9.05322582112102 15.3374732755157 15.3085270696026 13.8227157394119 19.5576550186214 15.3219926679228 17.9810238390187 15.7395070060526 18.8386486124138 21.1501973141677
TCGA-E2-A156 3 8.85467886901826 14.2582746476533 15.9348554666017 10.8487782349844 18.44992119118 14.1725531772559 17.8247646490334 15.6120785234751 18.3676350152352 20.5181902594309
TCGA-A2-A0D4 8.84465691862542 8.91699371120425 15.3302307987126 13.5470340795033 11.9758755449377 19.1046148304293 15.8124406753571 16.8707728487902 15.4791610140754 17.5142764567643 21.4159245091014
TCGA-A2-A04R 3 10.3905298967374 16.4380483132909 14.7112907916401 14.4039769906179 19.7761336200255 15.0845323382738 17.3633390598845 15.64503017188 17.090651285789 20.6556354489862
TCGA-AO-A0J4 3 15.2469260275613 19.8618223413422 20.6907180639383 15.6708954600421 14.9345531307138 14.3693981261158 17.2572299003597 14.7938767391149 17.1795117808858 20.5655595436908
TCGA-A7-A6VW 7.12412090724366 15.6205280300996 18.0333474444235 20.1566874544006 17.0664027261043 14.3431233620411 14.7915928041886 14.6263821171285 13.6624423932614 17.2010720623045 21.0209331040764
TCGA-E2-A14Z 9.99974746915755 8.10456937837469 16.796981619459 15.1065163769032 15.3527216271475 15.7772066555712 16.2550609996258 17.629428151174 15.6524935179223 16.8175539640641 20.1227176364202
TCGA-A7-A5ZX 7.84406398094513 8.891041772552 18.5015142054469 16.1138471787218 17.8270827368808 17.7061464011252 17.1326271539867 17.1775889927095 15.0088244156386 18.5130263794613 21.2956359852035
TCGA-3C-AALI 3 10.3510118140226 15.5048431169772 12.4393844366809 13.940820799568 16.1853431569945 15.6802502126675 15.728697906497 15.142957696741 16.9698356631243 20.8467109271085
TCGA-AC-A2B8 8.13312544428649 10.3438372374268 16.0058655570868 17.2646109192979 14.5157763708503 16.5915815744861 16.3999264709974 18.2673316953378 15.0353676252207 18.385158687181 20.628703614316
TCGA-A1-A0SB 3 10.3640177794972 19.1483272715332 17.2347368838333 14.2618823520517 15.5511860436596 14.0656759446971 18.1592095102402 15.4773436071771 17.2905393100742 20.7743664681282
TCGA-E9-A229 3 10.1194741668532 18.3714350834816 17.7939948792095 14.7172099166172 18.5016532698388 14.1107316220845 16.8463662875878 15.7899727127154 18.5433991698304 20.9517342222411
TCGA-D8-A1JC 8.12232505596464 10.7455859978695 18.4127752114792 14.8006213392103 14.9523280821455 19.0976762548347 14.0576755124562 17.5719784654466 15.2673374397895 17.3492170246342 19.8628648169576
TCGA-A2-A0D1 9.12507625091259 10.9908797134868 15.1971926039263 12.1500104298891 14.9612545341477 15.0212299879857 14.4082966454452 15.9735583079469 15.8440326356822 16.1153882724002 20.3876046200186
TCGA-AC-A2QJ 3 10.6839889117581 17.8797027953163 17.1568562904637 13.0337018534128 11.5603493554506 20.5403733775078 16.7203424504483 15.064751580149 13.4920870517872 22.7529657028133
TCGA-A2-A0CK 8.42684273774507 8.90579844406 16.2771841842233 17.294676434241 16.0313061381676 16.8884144675536 17.6205925566001 17.4869918261614 14.6293423550659 18.0924692032339 21.390581708338
TCGA-AQ-A7U7 9.33359216595215 7.8549495354966 16.1861471892675 17.7024812079304 15.9772417624456 17.767046588384 16.945014462668 17.6477079274159 14.7133402460242 16.8221948829384 20.5444394708331
TCGA-D8-A1XU 6.42771213973814 9.69648937915838 18.6880676506536 18.1715513844188 14.321656462646 19.1621594200648 14.5958390119967 16.4718431024525 15.9217110091084 16.8650148163195 20.2191064946172
TCGA-D8-A1X8 7.57803311697777 9.19471056761842 17.1326015346799 16.7524629876168 16.0002849888009 18.5250668420929 15.755253210951 17.8462093088201 15.9403472893764 18.2375195354119 20.1420400816305
TCGA-A2-A0SY 8.26806800022971 8.74589478334552 16.3608296242036 16.5374126303315 15.5020565780667 17.3222259178433 16.9560641892753 18.1825536354103 14.7163298271254 18.1187014461129 20.8600769318518
TCGA-BH-A42V 7.39808326966139 9.73708339085777 18.0935406169931 16.0169716101327 16.8444968907715 16.8457623390085 18.5584176128694 19.2703711602142 15.3327098377345 17.2662945634422 21.2147299645335
TCGA-A8-A08R 6.54528664526231 9.82439443811154 17.9402492534969 15.6439562307911 13.5291680249681 16.753918642527 13.5771837461943 17.8019447342515 15.143827396962 16.8392875654835 20.0611922430812
TCGA-A1-A0SH 3 11.1294828423952 17.5811928351065 18.3159075119833 15.7276168054055 14.8075178364873 14.6874874094718 17.7818794974181 15.8513242193864 16.9984926517265 20.8719375456879
TCGA-AC-A2QI 8.85603143757171 9.18745879462319 15.3663710590599 16.3056001075608 15.010122276863 16.2592903747421 17.4423024741871 16.6994347693912 15.2311288258023 16.8794273680168 21.1474616513522
TCGA-AC-A2FM 7.60092215413639 9.21826816431799 14.0647203648584 14.2261323621518 13.1694002319408 16.6703954045859 15.5740830875185 15.8686391993892 15.6198977006536 16.5035366135978 20.9764807551097
TCGA-AQ-A0Y5 7.71280404965408 11.8209550731118 15.8314267659569 15.0904899170578 15.0050494276828 14.6720833836017 14.0552275330035 18.0293075501282 16.6758628657706 17.1764590374895 20.8860011337455
TCGA-BH-A1EV 7.84321656234234 9.87796448217544 17.4662621429585 17.2838052831336 12.2435745938961 17.1790843341102 15.0260134478716 16.3609492575248 15.3376996825787 18.6391472322142 20.5486983461645
TCGA-AC-A2FK 8.49480278117034 7.99697292973828 18.8754515027586 18.0735622510772 17.7557281133062 15.8263210578568 17.0577623419813 18.5363346809927 15.1215730260436 18.1951260615215 20.6047635603622
TCGA-A8-A07B 3 3 14.1695013261927 16.6378527082904 10.7383737311215 15.3997899302968 13.1326984993404 18.5849706312198 15.8273985353377 17.1802190089491 20.8048462278218
TCGA-B6-A40B 7.5966883575348 11.5202066450543 17.8033184953202 17.466891887789 12.6747499350847 17.6624305240381 16.1788287175377 15.7079807638448 13.9975455638437 16.8504163677803 21.5059932672882
TCGA-AC-A2FB 9.29463810531599 3 17.1839052354822 16.3350233726594 16.4845220922419 17.1410655365274 16.3492506871752 19.1248311140113 15.0518006198431 18.0499180169947 21.3069688691144
TCGA-A2-A0CP 10.5806972985526 11.6503220623225 17.3479703224192 17.2212909221695 16.505317530582 16.2679066333845 17.4387514416178 17.5242017948763 15.2244579818598 17.1038577760159 21.2185474743224
TCGA-BH-A0BG 6.55844780320706 15.9759221697261 19.966609222864 21.3588402165928 14.7213439589591 15.6431323072564 14.1617923659924 17.2605395647044 13.8155115895314 17.1759866498597 21.8157166949331
TCGA-BH-A18K 7.69208371436188 16.4231275206678 16.9030590017644 17.3082462697613 14.2096022178803 17.7482408106568 15.6423356939902 15.7944755236257 15.6840601408254 16.9256500755401 21.2377179745174
TCGA-A2-A0SX 3 15.05509276914 18.8444280227845 20.9751441991413 14.4787858222301 17.0292299416484 15.1142296467344 17.1897407208701 16.3448051927503 17.3945001807646 20.4335613761471
TCGA-A8-A07F 3 8.93341275437571 15.8807505702713 16.2358717841535 13.8439376504381 16.7982670160405 13.9968759203303 18.4824693043398 14.4023530241568 18.2383823219182 20.7372639866303
TCGA-BH-A1F2 3 9.0597056232581 15.4840231333839 17.0907930318925 13.572409727303 16.729228530825 14.88742992488 17.2304598359944 15.871657496054 18.4658819765646 20.1810218920747
TCGA-E2-A1BC 10.6255867457851 9.89665275057643 16.1453859846366 16.2064832237019 14.0449943635525 16.9057502568017 15.9604270604076 17.1869374886609 15.650688132012 18.9561857868012 21.1506962495349
TCGA-LL-A440 8.51110004326456 10.3688087248595 18.0306788447352 16.0835766988079 18.2343443636389 15.3585393003382 18.6359178706111 18.089448408461 15.4523137882462 17.2026642659422 20.5613943135315
TCGA-BH-A0W7 3 11.4985674645207 16.872993731913 17.051673610012 15.8245147800585 16.6584196613724 15.6514040400299 17.2064843674307 14.6943946590806 17.5143476177954 21.136083722445
TCGA-A7-A3RF 3 8.69647429491604 14.5253615610243 12.8805478189343 12.1802732316987 15.0369353527244 16.1257250484881 17.3035769318392 15.9500322465778 16.3333527427887 21.8274985321649
TCGA-AN-A0FK 3 8.86622344722035 14.7754839519755 14.8329935746701 12.8428858575101 19.6951278200037 14.7810199281719 18.0148958254838 15.6319271865776 18.8333479261616 21.2503222514333
TCGA-AC-A2FE 7.50450755045799 10.520967121197 14.7891562515173 15.1767269482657 16.4053458214841 16.7730048627954 16.6487168255347 18.1701534600777 14.7235173808029 17.0477015746451 21.237395611444
TCGA-GM-A2DD 3 12.0736745774777 16.7191029999097 21.8422948340499 16.2200635588209 14.926684091378 17.1832420259588 17.0784377671652 15.2182011819396 17.136055863998 19.803892984132
TCGA-D8-A1XD 10.4103439758786 11.6046655368255 17.772347962299 16.0315091778211 14.4020560093624 20.6527889203702 13.751544829119 17.0987223313972 16.059819460348 17.9996567171945 21.008203892895
TCGA-AN-A0FZ 3 16.0547357091715 16.9539447859137 14.5757873568382 15.411183981876 17.1961841744555 15.2431387469311 16.15610100889 15.5778156072101 18.372758213903 20.5817844653592
TCGA-A2-A04P 10.2262563917611 11.9934478142711 15.8340052063646 18.6125755589485 14.0889157548285 15.3439455912109 16.7222624944331 16.0717692798993 14.9718642947742 16.5981779414716 21.1880404210926
TCGA-AN-A0XT 3 10.3649980282053 13.2633229712193 15.439563877064 14.7678039408614 19.5228673675082 16.5686080201971 18.6578729006643 16.1937115376231 18.4622070054736 19.1851823839465
TCGA-A8-A0A1 8.20752323344439 9.26046926738728 18.3442365196564 16.526630981689 12.5987573905336 18.7053312354163 14.8917333017345 17.6383712509938 14.60248247692 18.979752230883 20.7208746608097
TCGA-A8-A084 3 3 15.4713020008457 15.0937849990918 12.8177026792684 17.0876231014677 12.4764738286134 15.4716586372323 14.7173045482209 18.3665705662681 21.3170627721884
TCGA-A8-A0AB 3 9.5660059511373 18.4384798672469 16.0952148004612 13.9389524087887 16.9837141444808 13.4886493066813 18.852224241268 14.4999132142739 18.1429617263891 20.3195039581404
TCGA-AR-A1AM 9.61470615280777 7.72894959768501 18.0854597497997 16.6253646718235 16.339711397947 16.5178138994319 16.7601580323194 16.8959621223801 14.8205870621776 17.6053316040489 21.1846744827931
TCGA-BH-A0B4 7.67143158788631 3 17.192441480677 16.0802656010251 14.7820357056203 17.8959985438829 16.8827524541682 17.2292850861672 15.5622922330098 17.3516205045632 20.0873823489877
TCGA-A8-A09I 6.91610071285426 8.91491824487751 17.1120145242483 15.0209569348859 12.238369837996 16.9992795667583 12.6135589400429 16.2123443782957 15.2157731308001 17.1571607290513 20.3914195354348
TCGA-A7-A5ZW 8.56372853423354 10.8352091416318 19.2313808320444 16.509121305909 15.9068123777554 17.7084981080988 17.0796232125956 17.5296600316413 15.0294785257124 18.1072312864977 21.0349241438221
TCGA-E9-A1R4 3 12.7432501179377 13.4318203508378 18.5433452147746 13.6632384793417 19.153468975523 14.44811874184 17.6683718220916 14.3504419646218 17.9388438697405 21.0028200834877
TCGA-A8-A085 3 7.20902181342398 16.7260240992204 13.7691314773984 12.8036690283266 19.594778470458 15.7843124030357 20.1035805031822 16.1768729032261 17.8424677566808 19.8115934045893
TCGA-B6-A0RN 9.24675059643725 9.99067269215498 15.7854701404745 16.8703965469095 13.4051380496717 17.6905285931339 15.6759312385876 18.1990811211416 14.7660743689798 17.6433599399075 20.971339129905
TCGA-AC-A2FG 8.19045403931475 8.26207377850875 19.869282714022 17.9091473485803 16.5395533680767 17.336276947307 16.731391172725 18.1222192936637 15.5171497443435 18.2443287700055 20.3570282888938
TCGA-A8-A06O 7.59340470974391 9.6206912818387 14.7661381029829 14.1092700796259 14.7158881137199 18.4151095486028 14.7765842372055 17.0766830187335 13.8860281191483 17.9409773881434 19.5658371617297
TCGA-BH-A0BZ 3 7.5917192607766 17.0214833620218 13.9160224776778 13.9069098665136 16.8721630513243 15.2483458774548 16.6732415571735 15.3162575927285 16.8092267426566 20.431316154163
TCGA-AO-A0J9 3 10.9122976495227 17.2766048260383 16.1263107796804 15.6337454111116 17.8297599243631 18.4281388119964 18.0460959685316 15.9114845568293 16.7370079286755 21.422649928064
TCGA-D8-A27P 8.37342770379668 9.42863018570522 19.3026240481002 17.5818354706242 16.0701578906458 18.0832062027941 14.7843387084291 17.1434030974787 17.0579020816122 18.5651828294078 21.0116881927094
TCGA-A8-A07J 9.39972283662727 11.4602216995803 17.5718375885672 17.9827957301238 13.9478738179779 16.120351956753 16.9637159606083 17.7215068030884 15.9207539148187 17.6379782069037 21.2021026764662
TCGA-A8-A07I 10.1995513766313 10.906742804603 17.5132076585812 15.7602706553765 13.7510334616378 15.7649512331108 13.5905028938636 16.6998693448613 15.3986270861849 18.596669386263 19.9542881099536
TCGA-A8-A08B 3 3 15.9265848252928 16.216734453322 11.6355339248794 17.111318901016 13.010028965832 16.8694087549826 12.6683080338814 17.5712075542182 20.94288906556
TCGA-E9-A247 6.4783194422227 9.75165573543665 19.0140082434221 14.9041280140674 14.1923706344097 18.6240979706739 14.0740408915504 19.9655416989776 16.215413817004 17.0801096107101 21.263513282168
TCGA-BH-A1FJ 3 9.34601636734666 20.1581118818814 16.5014555259364 11.4920018350042 18.4025279336264 14.3435501140642 17.8685981991984 15.3070975847527 18.2429286645788 20.4844342040827
TCGA-A7-A4SD 3 11.5278611924416 19.2463563896688 20.2795452333642 14.4305311902736 15.5543131365388 13.4133719486952 16.2674486528321 14.1997760563829 17.4229414123017 20.0725027905406
TCGA-A2-A0CU 7.77159811161068 10.6061533726111 15.1279304533896 15.1640047741315 14.5210493535022 18.8153696546514 15.4008263787592 19.6635069526883 15.2444222866981 17.0927527387817 21.0844215131926
TCGA-BH-A0B8 7.16113833233332 10.1618536219548 15.1562444980247 17.8811544163646 13.5967015420739 18.7223819916525 14.7799540113285 18.8572338109127 15.034482901609 16.5496546382638 19.0866265543595
TCGA-AR-A2LR 11.3114964662855 13.3816157126177 17.9017581950518 16.7391825187915 14.1332861567171 13.929389376513 14.9989189745414 17.2239342205967 17.6204146496737 16.8992638839969 20.4142492618045
TCGA-BH-A0HI 6.80641409485106 7.82483622464769 18.7710492832117 17.1901747203262 13.720955715968 19.003097822093 16.1155728949918 16.9286740111918 16.0116078423962 17.714917133917 21.250962600515
TCGA-AN-A0FW 8.81001290302123 9.87003823131265 16.4030609249221 14.2817143897247 15.8836430735244 19.150358071747 16.5364546297325 16.4395583448434 14.5781575137142 17.3053771899912 21.0265161013417
TCGA-AC-A23C 7.96540291846033 7.47353835232596 17.1599242416676 16.1122070054903 14.0563351000465 18.1421902144604 13.6858264452385 17.2800111219536 15.3336445993826 17.7521068971052 21.2143563096798
TCGA-B6-A0RI 3 10.600996176005 18.8499213396236 17.8311434555718 13.0484579887602 17.7691625101986 13.7947374763845 17.540619565749 15.3463727162274 18.1065047732167 21.1206260243655
TCGA-E2-A152 18.8963465830995 8.93668021017238 16.7318141561251 17.7185668608965 13.8540430826309 15.620546842779 15.1086547245928 16.0714015831492 16.1713686020087 16.5120846486819 20.682283736902
TCGA-A2-A3XV 8.21048148761584 11.4187144481792 9.16053849514348 18.3584228077331 12.9274046737836 14.6164464451517 18.0174615612485 14.5474160337364 14.6900733630375 16.2270376279674 22.2129670215188
TCGA-B6-A0RO 8.50317546622475 7.60512622277354 16.8271421689119 16.9547419910509 15.5513577724425 16.7443911248653 15.9359375546059 15.8764983811834 14.1389672082051 16.7177146803349 22.4050402533282
TCGA-A8-A06T 3 9.31753649662174 13.988262348876 13.8906617271956 13.8850963881415 19.7158403893941 13.7963484026774 18.8157114162492 14.947963539807 17.7237623141237 20.8557961671465
TCGA-AO-A0JB 3 10.7370766228544 17.2760578757927 15.8455514269088 16.5942482581836 15.6631987839199 18.5868483101953 16.1284039508298 15.1756797662428 17.5347071511252 21.5983914222661
TCGA-A2-A25D 12.5481051604156 3 14.8489405079573 15.8136839385114 15.0805310090184 17.0747248109632 16.8854915587758 19.051299816423 14.725011207624 17.0012041323996 20.8773883732868
TCGA-A8-A07P 6.7584324951612 10.0540955286115 15.385384707233 16.2850828076574 14.3154751016942 19.1216718396814 14.8506552957767 17.0597065471758 14.8524822392759 18.1137255698237 20.9914770945808
TCGA-A1-A0SK 7.53262377573619 12.6735404478481 14.4418856851858 18.0838527930465 17.638051963657 16.2487528174163 13.9730685634051 16.6338556605248 15.0930614511882 17.2173617992345 19.5258484991161
TCGA-A7-A3J0 9.93751183401354 8.90803032398971 18.262739335048 18.3155425833418 11.6977642943183 15.6736823387897 15.1930618643758 16.8187491938018 14.7685058194506 17.2018832833401 20.9667463365206
TCGA-A2-A04N 10.3348265820042 10.6291462071282 15.9609637527868 15.9972819437019 14.6680087722591 18.0678290224987 15.5699023620688 19.002695658939 15.0413500649867 18.2478104457834 20.7144383511877
TCGA-A1-A0SE 7.60931189395355 10.7989642288953 17.9148585387707 15.7887739247494 16.111419356213 17.0429076069918 15.8816124204758 16.9379164387006 14.7900224185744 17.7766729172594 20.9907233926228
TCGA-A2-A3XW 3 10.4044631483615 17.6892613397598 19.9004824020264 14.9328298763831 16.3574204002155 19.3352731544741 17.1003805529329 15.9882866689151 16.894701877196 21.5581471606881
TCGA-A2-A0CO 8.3951383554905 10.1809697076371 17.3715455415638 16.057554704208 16.3677058405148 15.7970748687451 19.2464927933231 17.4886578461076 16.1126119904291 17.9550258009049 20.9077477205656
TCGA-BH-A8FY 8.38473050487167 10.0194906408642 15.2668511918182 15.0971196653083 13.6522513048387 17.9388770543039 16.598769687108 17.5239430182516 15.4519421568252 18.208733880063 21.1969971105125
TCGA-AC-A2FF 11.5432674958096 9.13121113090261 16.766212048357 17.363707997527 16.991559591869 15.396306895591 17.3978039010527 18.8004765992324 15.4381917268447 17.4649774149759 20.4783383966924
TCGA-3C-AALK 3 8.98463006411673 18.1731608385061 16.7135528131588 14.8223206664651 16.0073182622839 16.8417677758077 17.9361150537608 14.5442538323961 18.0913148630957 21.8902108281374
TCGA-A7-A0CJ 3 8.86664762820648 16.0255839395324 13.6258347638791 11.7785392034393 20.5108975032811 12.841032039672 17.7572225223028 14.716929319596 17.5811255028928 20.8876411065916
TCGA-A2-A0T5 3 10.3903912496179 20.3185736046744 17.1441807573107 16.5752440126226 17.6781151773418 15.3411141420015 16.3050227648369 17.0375308967053 17.216297949204 20.837983383513
TCGA-AR-A0TT 6.95800078186208 7.98202060748547 15.9128691874112 14.1743727545915 12.9628799838344 16.5608252470432 14.7313146641132 17.7434560753963 15.2080308013563 17.3955554855107 19.9260514802093
TCGA-BH-A209 3 9.03290213058784 12.3988233106912 14.1653775129245 12.1417083628965 16.2503087171579 13.2418136590896 17.7665470074251 14.0385609872784 17.6892128638786 20.5844385716305
TCGA-AC-A8OR 3 9.33214790265223 18.1201520526472 16.4683076800169 12.1661206321828 17.9325098296081 16.1029478014479 18.0556149696469 14.7493128537861 17.7181400147984 21.3654744356007
TCGA-A2-A04U 3 10.7156042977506 17.6306095850232 16.946930954704 12.3495185290486 15.3110407719081 15.7868488754736 15.823717871497 14.6462566707515 16.84206938204 20.1663348924022
TCGA-A2-A3KD 8.04520016931595 9.82417098876508 17.4260573502444 14.9029035030994 15.2130492358734 18.4090696818975 16.3190298286077 18.0018523746193 14.9853286150501 18.535444503356 21.9647762407225
TCGA-A2-A0ST 3 11.4420782836902 18.1190671233091 18.9354489832659 15.3085197789263 15.8492093131569 17.3848923940074 17.9938306860432 14.3744873697862 17.1001319791672 19.6568935968711
TCGA-BH-A1FU 3 10.8237344228593 18.8175030388573 18.5230378993561 16.1405912865228 15.1641399486578 16.3547858093641 16.9146097569438 16.0648017186185 17.4175782872496 20.6544651064799
TCGA-A7-A26H 3 8.82006099020901 18.5647479614996 17.4559941256264 14.7729190967538 17.5537095951513 14.2802320401029 18.3357562035755 15.1944763313831 18.8069013866883 20.4486476445932
TCGA-AC-A2BK 3 18.5211645450546 19.757126077824 13.9422865065032 12.6902575475592 14.8839757853358 12.0654813783372 18.0957372299575 12.7632026878484 16.6573715113925 19.4507706248227
TCGA-BH-A0B0 3 9.56058636608993 17.8307925419063 17.3388306697794 15.2773060102605 15.2863696436079 17.6567410954958 17.056591038644 15.859809870615 17.5385480892791 20.9613563479163
TCGA-A7-A6VX 6.9160312143015 9.49181454646414 15.6285216345863 16.9088151230451 13.4724087061708 16.9393129683935 14.4352849933801 17.3014079665834 14.8706452039778 18.3442214436262 19.9235787155757
TCGA-AO-A03L 3 7.69861512329572 18.1956139793665 14.9769396709182 15.9071123622495 16.7320588217736 15.3872117795924 16.1242594918081 14.8140891485707 17.5742457570737 21.1621680859237
TCGA-A8-A07S 3 9.69416884373784 16.4828458400914 17.1172347070449 12.3957281704524 18.2961728231751 14.2248035453404 18.5306221888868 15.11913025924 19.0045114948921 20.8151280738339
TCGA-C8-A3M8 6.39133867042747 3 17.7802927566248 14.7499083318784 15.8649826990335 19.4784630684951 16.958459535675 16.266009886169 15.6501944439856 17.4477529126134 21.2120647124234
TCGA-A7-A0DA 3 13.3260700897503 19.4271241253579 17.2808635359945 14.4436224989335 15.6739039037816 14.2585419498384 16.4411491845944 14.5579665773686 17.3065710763364 19.9192470247659
TCGA-A2-A3XU 10.9881018910224 10.6481666327209 17.2794403498878 19.1230344784547 10.2709869791823 14.6747697777935 14.4168419888666 14.7909951926781 13.0890614865766 16.6864723060457 21.8701727272962
TCGA-AN-A0FY 3 15.6247661409631 14.2377770284295 15.9105470335797 12.7865643970983 21.101559472789 14.2005886194952 18.6546455035631 14.9858553477714 17.7169181723305 21.2381475608109
TCGA-4H-AAAK 3 9.04356201260112 17.0032179552886 17.0289904797482 15.1039891145999 16.3425124699798 15.332291562823 18.2028814277665 14.7076367023914 17.8584279340316 20.9364011594466
TCGA-A2-A0YM 3 11.3938936449443 20.1652893708784 20.6577269384743 13.4966829093954 14.5165718588079 13.2458332690971 16.5283246161765 14.2012311979204 17.0096088645716 19.9629522305715
TCGA-C8-A1HI 6.32733922519985 9.58654022227444 18.5859326368139 16.6796830028918 17.3515447557252 17.3303020017898 14.813424585434 15.6290781307849 15.8749401087516 16.8412752494354 21.0480043831988
TCGA-AC-A3HN 6.34395460931531 9.86535349303376 17.1187327932334 17.5877175106786 15.8542414070502 15.9589257152187 17.8814059763284 17.6287870263065 15.7035907827826 18.5539956594373 20.6492180892265
TCGA-E9-A54X 16.1280088080812 10.3126913216586 16.0680186061358 15.1716473837287 10.4245224362434 18.3759741864344 13.1067266556132 16.275810156613 13.4097076909913 18.4517140512333 21.6614832406164
TCGA-BH-A0H7 12.9430007441538 10.234654210058 16.0572304842849 15.6153913365077 14.8290922755042 16.1950522562666 14.683357197937 17.182106977579 15.1321972579296 16.9344967883006 21.9494402496996
TCGA-A2-A4S2 7.19734297594558 9.20968882236008 17.4224554761305 14.766761247867 16.5082480757359 18.9873222816089 15.9386374977728 16.5121820899948 14.6660571540136 16.6639809214936 20.1969819038824
TCGA-OL-A66L 3 11.808791573246 15.033772011236 17.2066128552069 15.5608949917922 17.2530405251285 20.1442170490607 16.2098196081796 13.5765904945175 17.5461013763501 22.0699162745791
TCGA-AC-A6IV 7.64438369737434 9.6733028729474 16.3714209947296 16.8675148116234 15.0324817694177 17.48006833513 17.8363321895703 18.0044042981282 15.2749534612763 17.3185836833355 20.9410579194552
TCGA-D8-A1JH 11.2139454535684 8.23405232178192 17.8984940573379 18.0217209448321 15.5482686221034 17.8436627359647 15.393359066512 19.6161678081545 15.6198156643519 18.7176485043361 20.4864086656694
TCGA-E2-A1IF 7.92920628652986 10.9604496025107 18.0058913017581 16.7097084378707 16.0369559027932 15.2336828586189 17.6271214386797 16.1627421374621 14.9202970496977 16.9852554612853 21.3880253871134
TCGA-BH-A1F8 6.45877917293679 7.46179772511046 16.1423653000884 14.8282197885199 12.6246141623229 18.1564336146644 12.348218674001 18.8961862953576 14.9370282275129 17.1329509425747 20.0078837997767
TCGA-B6-A0IE 6.74138903477567 9.30616852813034 17.3299077572822 15.4195165756859 15.5687129744055 18.7769608174437 16.2509531196974 19.5838058876694 16.0519040773848 16.4885627271101 21.6673185946625
TCGA-A8-A09K 3 8.98017446213485 13.6829456185906 12.4080568128667 12.7493986176815 20.165500807432 13.4543695564017 18.5844229013493 13.4586305820615 18.6183438202088 20.6287122900529
TCGA-A8-A08S 3 8.59317985487998 14.5824940433865 15.8215674271268 12.4571565452273 18.7877558839982 13.6717980652045 16.7145488463962 14.0616506997042 17.5802846852794 20.0438933789291
TCGA-A8-A08G 9.10237104016939 9.94417559185334 16.2335665134771 14.6306888147336 12.5773285606051 18.2632262269141 14.281388625051 16.6744210003919 14.6641616505346 17.3807621164047 21.8752289358594
TCGA-A2-A3XS 6.64623905348024 11.6034515087235 16.8711545024131 15.7707289518168 14.4747510419977 15.4727792445162 16.3294315603499 17.450436253634 14.8823062794531 16.9861894291953 21.1394982849065
TCGA-A2-A0CQ 3 10.2656880671324 18.2036431226952 17.3372456639865 13.3537775383354 17.9111215803398 15.3031000178565 17.0600705544806 14.36837085064 18.3691826124015 21.4107024100737
TCGA-C8-A12Q 8.43459363587313 7.53791121868197 16.5852206072011 16.029191186298 14.6433983068219 14.9542725910523 15.2896038261014 17.0587314975705 15.6038866521124 17.7544087343197 20.2558692880048
TCGA-A8-A07Z 7.29310470786568 10.8822470409358 17.3308171420457 14.6346952839776 14.2787187731962 18.7568383718243 15.8196209992833 18.5053772154274 15.0758396842702 16.9353916889524 21.124319273804
TCGA-BH-A18U 6.76088645658844 8.75096093709338 12.8581747393595 15.9137815002833 12.5608093137715 18.1302211724673 12.8544734405704 17.7252582106283 15.1143728573533 17.5677756480665 19.8230312174931
TCGA-BH-A0C3 7.93644918513449 11.4257668979206 16.5424135234041 15.2005555661478 16.7386653263693 17.0375273272114 17.1638347287385 17.8691399106487 16.2559178662374 18.3716196544777 20.1205606869238
TCGA-AC-A2BM 3 7.74381800312013 13.3782456349458 15.9893918520835 12.9834529520564 19.3547960085943 13.7436774491788 18.449425082486 13.8077457329642 17.7341250578382 19.7593085237603
TCGA-EW-A1IY 3 9.36032449584568 18.9078585674626 16.7284511125587 15.9016135702701 19.0650658658678 13.1845459246277 18.167764881 16.8506140079639 18.058510045239 19.7674384391045
TCGA-A8-A07G 12.9433757551035 10.2350271101429 19.1325926911386 20.5608445312001 14.7653552459351 18.560341992968 14.851141160688 17.0344345089839 15.8022691219606 18.1589578587276 21.221819585225
TCGA-A8-A09B 8.2149309083989 9.26798340324723 17.6355650284278 16.4001149453283 14.1650482965585 17.9270626096464 15.0901200379219 18.0549210285666 14.5432601343814 18.5088404404285 20.120700682103
TCGA-BH-A1ET 6.08934686088489 10.4503157300382 16.6087362503747 17.0288157386936 14.6845262557298 18.4469846815846 14.1635817791315 16.884374797002 15.6349999588804 18.7089119597944 20.6290677566451
TCGA-A8-A08L 3 10.5019510321022 15.1294920692776 10.335055708073 14.0222133714109 15.5316321721073 14.7909715541158 18.5389415505312 15.1929383372811 17.3535066863561 19.6828756293388
TCGA-AR-A24P 3 9.73540350467824 19.1157314171723 18.1195601782668 15.1352443498502 18.8904864993851 14.4208678779987 18.4893669811107 16.0878907560656 19.1180489739832 20.3659702509072
TCGA-AR-A2LH 7.29683906115592 9.89225054645228 17.3090227368089 15.9484267735577 16.5696100059639 15.49683567523 18.1626582644026 17.2366381166272 14.7584358403483 17.4178958515239 21.3747510534687
TCGA-A1-A0SP 6.79778180958764 16.6341914825835 17.1751517029561 18.4947206408091 12.9707732260067 16.2916013726487 15.5459758170412 16.0600596076681 16.483873121332 17.2738485361032 20.9909844182934
TCGA-AO-A0JL 3 10.8468093916346 13.4281329105491 16.5472413546704 12.7259269470728 16.949774385926 18.524231808378 17.3844269975229 16.1331850905662 16.3503081640911 20.9619107193413
TCGA-AR-A2LE 8.14066662722145 9.77099891145407 16.4888127324284 15.7847028506841 15.2115813478593 19.6524447714702 15.6853078012446 19.6195952332457 15.6734540035389 19.021350733799 20.8925455785065
TCGA-E2-A1IU 8.45929424419193 7.96180033667635 17.4610108711889 17.0555973605997 15.4493018202076 17.8354746808906 14.9690003459291 17.7620509406606 15.709421560377 18.6822191947403 21.1455347129471
TCGA-BH-A18H 3 14.8741478885324 18.2167420420005 14.9423203309901 13.870232892725 18.2078729671627 14.9389951394017 16.6434389044502 14.9661268187182 16.9682431221019 20.8939298728507
TCGA-BH-A18P 3 3 17.0480014295483 16.2552399617888 13.4397675172996 14.8362918740675 13.8197471474883 16.4356926312422 15.554376380099 17.2828097478523 21.0183565743208
TCGA-BH-A0BP 7.24820789428931 9.84140509494039 17.6376607262386 15.8487145983481 15.374512397417 16.3676355157685 16.5772776956354 17.8034823494671 15.4281555445172 18.2012259438803 20.7882688125113
TCGA-A8-A06Z 3 8.85019948062883 13.8129327367584 15.3528692345086 12.7327294557259 17.9314779882113 14.7647195430065 16.2130141014894 15.2295526455256 18.3664172451551 21.1081459930185
TCGA-A8-A07L 11.6404914212939 9.31367209786208 14.6001277939914 14.5609797544025 13.7371034032786 19.0944662274541 14.1578238061054 16.2282912440444 15.0521073036727 18.640016698253 20.2424983338715
TCGA-B6-A0IH 10.7335506121429 10.2250546575977 16.6166826677963 15.6406832461881 16.8897197925092 17.2887894167382 18.6547839173088 17.4061384482789 14.5460954134754 17.7446227765484 20.7481701105892
TCGA-A8-A09D 3 11.0678310448843 12.2685682305265 15.8596048107459 13.1546894343769 16.6376228840673 16.8903642670899 17.9959185332898 15.536560461216 16.4808846045216 21.0193100207803
TCGA-GM-A2D9 7.74600882455952 3 17.5759764396938 16.0521500484507 13.6855474631878 18.1466454610236 17.1005058976623 16.9108628436115 14.6869095863672 18.1140177710126 21.8336778937246
TCGA-AO-A03V 3 11.8264474273769 17.4757844286445 14.867825327074 14.4131208836179 15.9490427890737 16.2297485777634 15.8232276494778 14.9090711605489 17.1436399362132 21.7167829372834
TCGA-A2-A0SU 3 11.7636014869321 16.9563946775786 15.6182953802608 15.6877434364561 18.0484945314725 17.1625362276808 17.9385411813306 16.3197197100752 17.2626397916298 20.6833584542504
TCGA-BH-A0BQ 8.14260248746541 9.77297297937255 19.6796109874 17.5645954424367 15.5201763971957 16.8835082267792 17.4562116678842 17.8685487282053 15.6302866940909 17.8767233548222 21.7007024965807
TCGA-A2-A1FW 8.41104207866311 8.48294072581201 15.7274233110447 14.3303049938168 13.6680517733184 15.8907873776364 13.4604950180287 16.5179043397725 15.4104802167167 17.6902199812526 20.6118722636113
TCGA-A2-A3XZ 3 17.4277868082564 18.4869371145953 17.7476582810604 15.0536185594011 14.2347465880754 16.4981522729975 16.6498005953115 14.5316456797222 17.0480998851046 20.7095150315173
TCGA-A2-A0EM 3 7.81022510182935 17.9313561727354 17.0241454674186 14.4193394534689 18.9683696535691 14.3024671790186 17.1628061652993 16.0637358122518 17.4434215666533 20.4907137990336
TCGA-LL-A5YO 3 9.95271170349432 15.3634980197944 18.8349415293148 14.255753907748 15.2404212967074 16.2315437380593 17.3062964645799 13.9342223137726 16.9329411950637 20.494129234695
TCGA-A7-A0CH 7.03561024333036 10.3492327398904 19.290388651634 16.8536523827318 12.9803675066941 17.6529395108838 14.8074865181065 17.0595744752554 15.1189305992644 18.8725981062752 20.8106844463583
TCGA-3C-AALJ 3 3 14.4568796793076 12.398192233465 13.2864066832871 15.8965442554375 16.7355220202252 16.7332153339889 14.5944280904162 16.6277407697161 21.7003727936583
TCGA-A2-A0ET 7.39213661746697 8.42920144803828 14.3043791514114 15.7449326687477 11.581995066773 19.2845971145393 12.4622348681938 15.8971486192276 14.103227653398 19.1225887849896 18.3509004768328
TCGA-A8-A076 3 9.06404221271979 14.0659686305695 15.4435407877358 11.9512947896247 17.2366537636712 14.6280266398088 16.1265629830173 15.9286833585292 17.526431679363 20.5043425625036
TCGA-B6-A0IK 3 11.6656440992632 18.9339132906477 19.3824739149435 14.6051373189361 15.9234301766924 15.9885430238866 16.1690101761393 14.9855551620283 17.0288431516612 20.8049414857066
TCGA-BH-A0BL 9.36374926569086 10.4281107744326 20.1197991995112 19.5769274517598 15.2784662235542 15.40387862223 15.4033416970182 17.5602170365609 15.4971307673197 16.5574446917262 19.9825088607989
TCGA-A2-A0D3 8.17636078561295 9.63907343593378 18.8342274570517 15.3923764220667 13.4236547672168 18.9007202362192 14.4070780868517 15.9910921681201 13.9074632903338 18.5484514890194 20.8484050254
TCGA-A2-A4S1 10.3289454243291 11.3978137885845 17.8047155967048 15.9856967262769 14.1847339399353 12.7184166294888 17.4140661426112 18.6322886388375 14.5626310148257 13.5152067027464 22.7614620033801
TCGA-AC-A3TM 3 10.7328408587495 18.5177061286029 14.9370453003639 15.4264487675162 17.088970422472 17.4653949255959 16.1070954435409 13.6766067219269 17.4260050035448 22.5317920249263
TCGA-AN-A0XP 3 7.72145436289528 16.5190052435403 14.3728411459861 14.781629512516 18.9694602585561 15.2448930900802 15.664165743678 15.4754506078916 17.7863284653 21.0547582488321
TCGA-A7-A4SB 9.92024660935429 18.2595828409019 16.138219369976 15.4772120908737 14.3712592454987 17.153071243275 16.7506387572589 18.8931787002877 14.5057094248598 17.6591369759673 21.3478761791955
TCGA-BH-A28O 6.74878640268525 8.73813658145726 18.5260445946866 16.3068824546802 17.4073903763935 15.3877002216227 18.6200935249113 18.1671737277322 15.0062637584649 17.7993933831311 20.9758904574466
TCGA-E9-A22B 6.61988052398536 7.63052024985527 17.7725164058386 16.0982357595658 13.942330000043 17.5205485069261 15.8060588254339 19.3850418347446 16.6578445157466 15.6329411520664 21.0499682337995
TCGA-A8-A0A6 3 9.89205520964111 17.5525589567028 17.3800657926189 16.5787847881186 15.7834748443404 15.3763318949477 17.4464201685395 15.1642725830415 17.6796725189757 21.657031530449
TCGA-AR-A1AU 3 10.7894596663098 17.7242024449614 16.0029526357366 16.5736262369837 17.0227656417706 16.964616050033 20.2918789775117 15.0783189618376 17.6707429707527 21.8899906482103
TCGA-C8-A8HP 7.50560325191537 15.7998415426687 14.5039063133997 16.0942702299725 13.3356851790511 15.6831194761215 16.6143068495452 16.0594898927751 14.5327261077752 16.737403537621 21.1404784040069
TCGA-A8-A075 10.1750627318202 9.79227466113056 15.8478399804018 15.7158729758974 11.5123388916683 17.5402458872277 13.9296918845402 16.5827296276329 15.4845564433998 17.168260466214 19.4003037877566
TCGA-A2-A0D0 3 11.8573116232061 19.0231521017062 16.8609150938248 13.9326825253674 15.9818698253153 12.6540669349228 16.7677429013769 12.8428732309133 17.4550676618977 20.5962030434047
TCGA-BH-A0DS 7.18441843857222 10.5062752786727 16.2774655379217 16.6292131344778 14.2652408414598 17.2953880342252 17.0626776451292 16.4400783832411 14.7589123641662 17.635367182711 20.9551087558518
TCGA-A2-A04Y 3 11.5101950910686 14.7216701636898 16.6015061020628 14.3086129465502 19.0836563260839 15.1269382567376 17.3708053053719 15.2434380734189 18.4892344253446 21.035793578132
TCGA-A7-A26G 6.3556025008537 15.660479885525 19.8710335457282 20.303164314422 16.1714051775274 16.0818573551644 13.615151744021 18.4280804223967 15.2965766628698 17.3483299892411 20.2734067079478
TCGA-AC-A23H 14.7062840813531 10.0713867329986 17.749819877306 15.7652313684524 11.1127647454724 16.521258284498 14.2911189614919 15.5898414657902 15.3469099954997 16.1530256377678 21.4164915081574
TCGA-AR-A5QQ 8.2351344475775 8.30681417971244 23.3971565151801 16.8191122204263 13.6563234747681 13.5009582351644 16.5120793231045 16.3206910165504 13.8387174591107 16.3657621400356 22.1402893290645
TCGA-BH-A0E0 12.0675709411653 11.4264577080842 14.4719013477521 18.59680241882 13.6158603761044 16.1698777003363 16.0062361564709 15.2937867501375 13.6129683395954 16.870008882202 20.6031235733979
TCGA-E2-A1IN 9.71754733160398 9.65425039458498 17.1773876125674 17.3550161567582 12.856023302813 19.2165473541313 14.614981804196 17.6255909756648 15.9245248167186 17.4682101135049 20.3954552173429
TCGA-E2-A1IO 14.3259758633847 10.7333696432441 18.6286894828541 16.1052407497294 15.7381507043842 18.7594652430471 15.4921284616812 17.2475200659379 15.526306039233 18.0070740279963 20.0030924628298
TCGA-BH-A0C1 9.17358700164851 9.24617850412222 16.3313715981044 16.6575401481283 15.9707130778728 16.3810096475858 15.6082287864406 17.5016221747662 15.1938261124749 17.3942855993477 20.6318712115718
TCGA-E2-A106 6.82398868446832 3 16.8619006558319 14.6483498873796 13.952476838301 19.0184758295112 15.3479529785922 15.1215424618637 15.4157207885357 17.5420894106201 21.2009765693356
TCGA-AR-A5QN 8.04214329725666 10.4943255167917 17.3972453535188 15.735926276537 14.6112479615734 17.2270305379687 16.8633208053764 18.4572456636974 14.8768134104561 17.3771408620527 20.6219704028012
TCGA-AR-A254 6.44513569634801 8.4140206035448 15.0533881009872 14.3608437998094 13.1335812983329 16.9716197305868 13.3786145109733 17.0541725466629 15.5392887618647 16.9912913048872 19.6636026061172
TCGA-B6-A0RU 9.51390166887112 9.36680921595454 17.9841442750892 17.5949361664549 16.470849089416 15.6485511263416 16.2257484344143 18.4929212255664 17.7235372018822 16.2375973379373 19.9037492393668
TCGA-A2-A3XY 6.3477953863696 10.45042089086 19.3336163647728 16.9706850344593 14.6255068449296 15.0993175394512 16.3696456670347 17.8982938474961 16.2908011550802 16.1840272234137 20.6874666333708
TCGA-BH-A0AV 3 16.4826721165136 20.0722305799697 19.4139931012519 17.4987872537737 14.1459032505969 14.7340526150884 16.2951780109605 17.0955092572204 17.9587600147439 19.5733862091653
TCGA-A1-A0SG 8.31639994541367 12.7242581931184 17.0197684191156 15.9558639277911 13.3673867432377 17.4649690758376 15.9079540839985 18.6058663030862 14.7659130739686 18.9373937140361 21.4536788184155
TCGA-AC-A5EH 7.95166437858094 10.3089153535417 19.1635589907749 18.0948095111304 11.8305101131373 15.5801279491386 15.3561571343029 15.9853975781061 15.2031939783362 17.9508690519204 19.8219017367737
TCGA-C8-A138 3 11.2026824514898 18.1907560824453 16.2079703193939 13.9510221382635 16.666918442311 16.6256291644353 16.5678258776883 16.3247444861583 16.3378673548276 21.3882417493004
TCGA-AR-A251 7.31131705533567 11.4300078535354 18.9268802632355 19.1832301040785 15.1780525076705 17.6850182439589 13.1900281084891 16.0776864588884 13.9674800239143 17.4989142210999 18.0275119681019
TCGA-A2-A0EX 10.1824706213987 9.09739100526732 16.1603954210764 17.2290883230628 16.1258689806771 16.8924642294991 16.1789396652086 18.4178591936049 14.7091670273847 18.1184250120877 21.418134962202
TCGA-AC-A62X 3 8.07415272964822 16.1456670579124 16.5391149498412 12.7298533628891 14.577473886508 14.9280360056479 16.4942849544661 12.9126748879734 17.2468220916614 21.587984865399
TCGA-GM-A2DI 7.89473634441929 9.93086456474951 18.0687103509273 15.5791691454392 16.1106180778871 18.8220599696147 16.5906301866588 17.9210839796649 14.8112365704845 18.2862511703827 19.6197667430617
TCGA-D8-A1J9 9.01024607208188 8.86386923365447 19.0506830551039 16.718416920334 13.6650003279116 14.9967855357535 13.6503262289693 15.8524852289568 15.7754389304055 17.3914069082605 20.8900528578328
TCGA-A2-A0EU 7.83336925146535 9.86784753393981 15.0707876197452 18.3726980942175 13.191580820638 20.0000484377427 14.311108253412 20.5761307610056 15.0490685830352 17.2395831413336 20.1538786027174
TCGA-BH-AB28 6.93733671097937 8.93727511539285 16.6601656783329 16.8514914618619 15.0112918098159 17.5197236833378 16.4037820547122 18.381739268144 13.8099464016587 19.3970464955761 20.7778783254619
TCGA-AN-A0AS 3 8.15479647610805 15.535423957636 18.9503669122425 12.7133783862062 16.5647788083475 15.2993831060422 15.7362483621692 15.8179531360396 17.9407531014364 20.9674270364785
TCGA-A1-A0SI 3 9.46943456052492 16.4103217497823 16.8254758513925 13.8591317642402 16.0122821374638 14.485261613159 16.9292827368943 15.485054834168 17.4384789050483 20.9107694729438
TCGA-BH-A0B9 6.15860373896711 20.336830708463 16.5896158430731 17.5588352639763 17.1006226111304 16.0750029450887 13.9462305777477 16.6461883972114 12.262580028387 17.2346893684302 20.8034850934727
TCGA-A7-A5ZV 3 9.66904119435323 19.9447753760923 17.7956097497575 11.4495105549195 14.3110321121754 14.0335042561565 17.1161451861956 14.4657927937177 17.1920563316795 21.3427751464024
TCGA-BH-A0HP 9.32698181194697 9.18012633265104 17.227659471478 17.6167627344126 16.9197554336327 16.4716308100286 16.9466297032153 18.6927965297745 15.706964559283 17.1520019946136 21.2595824720279
TCGA-B6-A408 6.6842090290314 10.9686556190541 16.6370174076696 16.0257935417164 13.4696477851189 18.9012241709284 16.1494255450945 18.8735985584 14.437949061203 17.8520860936556 20.0255544337339
TCGA-A7-A3IY 3 9.72130826837401 18.0737862534885 18.2489288081347 15.7061979145251 18.2055602941253 17.3372886786014 17.2729411170003 15.7915558792219 17.3380085585644 21.1499068003278
TCGA-E2-A570 8.68363869345791 12.4678829846223 18.4254719045584 17.6672563182429 12.9656909952444 18.679219626179 16.5611103153794 16.5649162181205 14.507622723503 17.3392481994295 21.5710620369092
TCGA-A1-A0SD 8.57957290166388 10.2173599603941 18.8960296612513 17.9615754543952 15.4795958994009 18.0709945781102 16.0569373396969 17.1594572059471 16.7435881615592 16.865878035784 20.7434664614892
TCGA-S3-AA14 3 8.42909831113768 16.324442612297 15.9205495436469 15.0565058329329 14.9976036488984 15.9197003458061 18.0041587637701 14.9302327314194 18.2132790439023 21.1357195445188
TCGA-A2-A4RX 7.52392587639484 10.1287063886779 20.6244377257865 21.5854994606329 13.8996460194081 15.251203398938 16.0257160465098 17.0426300661147 17.4477316631996 17.278208671087 20.8541691284973
TCGA-Z7-A8R6 3 10.7752294864744 16.7048828447055 13.9983471814681 14.0570766007527 18.6383274289983 15.4150718355031 16.5616496253588 13.9687350437536 17.6131989239025 21.4294679501614
TCGA-A2-A0EW 8.95036158928907 10.4938782237131 17.0643766659874 17.3325702973729 15.878663804254 16.2628058232694 17.6524922987926 18.132876211406 15.6967167084697 18.2813762122866 20.9307954877161
TCGA-C8-A12W 9.00422719107075 10.6473364314297 16.2996916508097 16.4088848865122 13.9961974262652 18.191209386625 16.2356507725883 16.9067324460904 15.1210142093545 18.0312193702085 20.5354007462139
TCGA-A2-A0CV 3 9.42694218645919 18.6155667945506 18.8351791327168 16.4415813532685 17.8148220435279 16.3420772928605 17.0120518983985 15.6338356428632 18.7082656484101 20.7526621350875
TCGA-A8-A09E 3 9.49490914239969 13.8533117035263 13.9178714906681 12.493802630248 17.676159370538 15.1434689104399 16.6584634639727 14.2951908661674 17.3522271221984 20.6365041160567
TCGA-AR-A24N 3 10.0375530826577 17.2819076203043 16.58002138318 13.5061619418433 19.1260913593822 13.6328710098805 18.1784865640458 14.4738165938949 19.1557665017496 20.6597092958416
TCGA-BH-A0HA 8.08012855509653 3 17.1265869992804 16.7240118787246 15.2202284527754 18.5147575157929 16.3813263728527 16.3791832005391 15.938918801965 16.9143731138086 20.8944808139775
TCGA-A2-A0YC 3 8.44611682693636 18.2306027795909 16.7388560493687 13.1352435724622 18.5349334037056 15.3700193813447 17.3577440492812 15.3028832971395 18.3423170602417 20.8172866223003
TCGA-OL-A5RZ 9.30759716229894 15.1575848869826 15.0662051793932 14.5923335011929 13.7492222273035 14.5720171443346 15.7054673481954 15.9813851706272 15.0704364297713 18.5635617593608 22.0135716529854
TCGA-A2-A0CR 3 10.651492271574 17.0041554671052 16.5450222454528 16.5248236493079 15.5626571037276 19.2368562556107 17.3292954910093 14.4658865792694 16.8031524787705 22.0028407266036
TCGA-OL-A5RX 8.87986379594363 11.2553965309721 19.3624675242394 16.7519217602024 15.4384016897591 17.8010115798562 16.3523594984659 18.2168689228841 14.950553434554 18.1257254012776 21.1448725923921
TCGA-AC-A3TN 8.78562274164034 8.8579073455252 15.3051101353741 14.5529434169978 13.5471957059887 17.8448016981932 17.4597543406864 15.8433988411338 14.7194251781639 18.1485087841764 22.2220731358134
TCGA-AQ-A04H 3 8.53273000932603 16.4814397356738 15.0267150973148 13.1343946186338 20.2596171008697 15.5498408690584 16.9369129748426 16.2440357430025 17.309563397795 20.1500662503709
TCGA-AC-A6IX 10.7588654237795 10.5533679675962 16.5572076136595 16.1455030091714 16.2569639663757 16.1726236304221 16.9756175674773 17.9923669360248 15.0308671705926 16.9057055745491 20.9707559476038
TCGA-AR-A0U2 3 9.8586604875491 13.198743612421 11.7747054590261 13.8234223793125 17.3475699102932 14.3590479176335 16.1809431622961 14.7894942364988 16.5222213081957 20.2001148768043
TCGA-AC-A3W6 9.69741306845071 10.7636840407616 15.1880372486134 15.6300225999168 15.7498308344794 16.7893454876289 18.4234487466728 16.9109338579259 15.502550004708 17.0869843073302 21.3999447122351
TCGA-A2-A0ES 3 9.35620727452209 18.9055874475439 16.7636705139648 16.8218846536572 16.9460669282631 17.2076578847783 18.3879475814006 15.5350710939303 18.1904972665943 20.5783732154021
TCGA-AO-A03U 3 10.1422686836772 18.562800319893 19.6595008092061 14.1711570284495 16.1327621747005 15.316003080306 18.437914246819 14.6230292604202 17.623871338807 21.4987482247337
TCGA-AN-A0AL 3 18.0161824769386 20.2376246977299 19.723909556729 15.1676262780245 14.8896593350308 15.3779169620051 16.959597701849 15.7400251639173 16.5441195335076 20.1213867233386
TCGA-AR-A1AP 3 9.09605725149775 18.5875752133728 17.2010189294783 14.7279415980462 18.8854346616107 14.7610331659508 16.8965319030815 14.583141439437 18.9134893779441 21.380370507918
TCGA-AC-A4ZE 8.2017484694666 9.98399881558639 12.8385430291734 13.6852618352785 11.7422661162369 19.1469476022243 16.7332508155829 17.339252182829 15.2710399439748 19.3415904288956 21.2244882556798
TCGA-E2-A15C 7.83800257537604 11.0356769383621 17.8131724202634 16.5897238384681 14.8278132217685 19.9323609023749 14.7999814836136 18.5934927787097 15.4249963786332 19.5390755814931 21.165425656681
TCGA-B6-A1KI 7.39818429305423 9.0092102549219 13.8081965052229 14.9961438214743 13.9917078712194 16.9388287697833 16.7665428610881 17.9935346520878 16.9246015142631 18.232918883863 21.1483984510768
TCGA-AR-A24T 7.55223526802108 7.62275996417358 17.1871249212504 17.3036674062225 17.0166166024921 15.9054417364605 16.3698564826794 17.3435904639085 15.4408883640327 16.8751110958849 19.4142865958274
TCGA-AN-A0XR 3 8.04580376615345 15.6349506055378 15.3020110607052 11.5684325116153 17.9062066223324 13.6227518084771 14.8726036764253 14.198407069741 18.700497826314 21.0903570024295
TCGA-AC-A62Y 8.8810661746846 8.95343410505003 17.8123280855951 17.287808897416 12.5804133073309 20.2118045124774 16.184207347501 16.4772593707267 13.9348297322625 18.4842044495378 21.4280407369714
TCGA-A2-A1FV 10.2867601682883 7.50898277284574 15.2859975539936 15.727183253784 15.0972202667224 16.5313769440163 15.5120271832149 16.9736154391361 16.0252975784129 17.1270930791513 19.6217224173432
TCGA-B6-A0RT 3 10.7000880349235 15.9097642926366 16.4792342811891 15.2109338521478 16.70392194012 15.6808894391529 18.6990042237456 13.3856771089342 16.6000817188977 19.2222648097013
TCGA-AN-A0FN 6.67603907720068 9.23632213165324 17.9671867386993 17.505026655837 15.0668719377841 16.0786437661491 17.3250611004844 17.753468415188 16.9603333115939 16.4291944580147 20.6987468110166
TCGA-A2-A25C 6.08431786960809 3 17.7567947077341 16.0418661590086 14.2679265491774 16.2246984849674 13.9696446734688 16.2412533171546 15.4960385747914 18.6329602004405 19.7030128146328
TCGA-BH-A1FG 8.35850042882944 10.626199204666 14.933620952382 15.501876014467 14.1105547050517 19.787817740437 15.0897123310319 18.7666380879538 14.0624203818623 18.5498849115367 20.9680631464808
TCGA-BH-A18M 3 3 16.9020882622943 16.6329006407238 16.7150009784862 17.3119108529159 16.1962043923846 18.2499562628162 14.9000558640464 18.7541028552744 21.269780307704
TCGA-AR-A24M 3 9.26271929343372 19.7023364710851 17.8811837637855 15.5608026463274 17.0718240841646 15.1982743819611 16.9807764542743 16.22525654323 19.2759702539067 20.1307848480418
TCGA-A2-A04T 3 16.9016746194987 19.5836407723567 17.6439064122286 13.628503972956 16.1185058773128 13.135279361472 19.2770737178314 13.8659561666001 16.0241076264265 20.6680919437424
TCGA-D8-A1XM 3 9.25318145997017 18.4061269749826 17.6956763758281 15.502058926039 17.8799544046522 15.3502859299843 17.5788645945489 15.2446552854127 18.4629142408113 20.6152176863884
TCGA-A2-A0YI 9.97365634465219 9.78581754539182 16.2474306496503 18.2697043864457 15.5680059968224 19.1723768250537 15.3753783231574 17.9126248982664 14.8974853511186 18.9072808855841 20.3477058946254
TCGA-BH-A0HY 9.60656400538833 13.6401775629038 17.438638157905 16.4645118585339 13.8125303487562 15.6755156916292 16.0459723506976 17.0128862307615 15.3782809135241 17.5771712070281 20.8060642373247
TCGA-A2-A04X 3 9.3125051242666 16.7083317841154 15.5446424076854 13.0455458688579 15.8982799502437 14.9780308146117 16.0829034187488 14.9657231346286 16.8993835831477 21.5592319525584
TCGA-A8-A0A9 6.48212885890034 11.5941243332871 18.6540902339027 15.767965110667 12.7976297165778 18.8190990862974 13.5916136436161 16.1725002353107 14.0102532990387 18.8234713276442 21.0645290553629
TCGA-AN-A0XN 3 8.27547229860304 15.42170101104 18.8109007572442 13.0885386749764 17.249747011366 15.6804899347235 17.7708155725755 16.9310947073783 17.7717207469251 19.7740761121312
TCGA-D8-A1JF 3 7.53897906074839 13.1120499120972 20.8621354314507 12.1914314765766 15.9904632354479 12.6271242067913 16.3899303646663 15.9175889423349 17.7525218066443 20.0351823205222
TCGA-GM-A2DK 8.09008958029743 9.1412716401131 17.3364110429562 14.4387555617218 14.9487244315218 21.7390236302001 19.0473164260373 16.9415415238338 15.7956666339039 16.6257386883667 21.8580632300008
TCGA-GM-A2DH 10.4482481197863 9.52925406319509 15.1490669744094 13.457729528816 14.4692138934629 15.4859128363806 14.1899886843597 17.4319003175727 15.0903724272151 17.3949743084838 20.2594625138577
TCGA-BH-A0BO 8.86420764911125 9.19566440455399 19.6807868059929 17.3000038046336 15.8162955608151 17.2173756111859 17.0176453102532 17.8275962146711 15.3280716108902 18.443162621726 20.5032865478028
TCGA-B6-A0WX 6.85049176586642 10.413875189371 19.762250823211 18.7002468577537 15.5161434530135 14.7360409868831 15.609312936638 16.2662714653981 15.8928115801347 17.5820034386833 20.1126538793652
TCGA-A1-A0SF 3 9.59627035777174 17.7911720903053 15.5692475875767 15.8727896346167 17.8353576937248 16.422062463179 16.9731373787367 14.7749797672008 17.0539387231075 21.1115966012281
TCGA-A2-A0CT 8.96743644716613 10.0288695036897 14.9951815854525 18.2485403167903 15.8104413772057 17.4334637356638 15.0215898660604 16.4824907097627 15.0886416453555 17.3946712126564 20.8536466781991
TCGA-A2-A04Q 7.82275889554887 11.7546790847976 16.7931629122129 16.6871582555798 15.0362515247196 15.4330109204231 15.2095151410274 17.5250038304226 13.9469814074493 16.2339045752925 20.5358043505311
TCGA-C8-A3M7 6.62559138780073 7.63648527328861 15.7305443612554 15.1574677386166 15.8811284791169 15.9131861219195 17.6055396601849 16.9301131232333 15.8313719601471 17.4910432369588 21.4477183728582
TCGA-AO-A0JG 7.4690636013696 9.0824039785445 17.8125720751637 15.3816343746722 15.4697706040943 15.7168393911472 16.4493324483265 17.4415186105206 15.9077087472482 17.9032855066074 20.4044210841667
TCGA-BH-A0BC 6.56555368593351 9.52755456779613 17.1065260983562 16.9057813407553 15.9995587713256 18.8393318197518 17.8810770594444 18.205376384255 15.4889490234122 17.2827419411985 20.3460444629387
TCGA-B6-A0IQ 3 14.2830174889052 18.1127247957945 16.3889356018122 15.4367898527918 15.1134208384973 14.8924627219076 16.1101120804085 13.8162741311551 16.7733733475964 21.0101292956353
TCGA-A2-A0EN 7.58081474250055 10.1877118562997 15.1892285644443 18.1332614945144 14.8212073688614 17.4628372461339 16.4383780433336 18.0546849216365 15.8672739775025 17.3222034597088 20.3296889362085
TCGA-AC-A2FO 7.75285538713531 8.7980795091266 16.2876778897612 15.4253301009484 16.2939617923636 18.4907166233309 16.9036149441497 17.5129643489808 14.3661930451309 17.9617860605304 21.0079950284897
TCGA-BH-A0B5 3 9.5932620277341 18.6169502506776 16.2195877205033 14.5722401735764 16.0931476986513 15.0378472676599 16.7730363440231 14.3199022128094 18.9256713072851 20.4588964855229
TCGA-5L-AAT0 8.44049028050133 9.49653283386267 16.8144241778665 17.3816134540932 16.2408250623503 18.0798047774952 17.1230683688567 17.9691780285976 14.7544222713087 17.5969519437661 21.5461483408946
TCGA-A7-A4SC 9.65708291711896 10.723145981247 16.1338918185724 19.4421268742204 15.3383663295653 15.7531211523389 17.186410836846 16.8667620898725 14.9768379089567 17.4511490463524 21.4332819584017
TCGA-AC-A3BB 7.73346026751684 8.77829668105634 14.5165229071352 16.6572511679655 16.0764972873635 17.0702098111881 18.4548255777401 17.3140450524246 14.150508281196 17.6673384993901 21.4705537019907
TCGA-AR-A1AY 6.78344256985019 10.3421385704606 19.8323423245147 17.0956365556533 13.4225357693521 16.9096155479204 13.0180467293994 17.2939347362044 15.1961986886135 17.3069091540486 19.8178815169226
TCGA-A8-A06Q 7.29180020910401 7.3617185431975 17.3377972035436 13.1470246095093 12.1418160168661 15.9535108030476 12.3785104630932 14.8247866229121 12.95061190169 17.6063543701477 20.9052017348299
TCGA-A2-A0T0 3 9.26159383018294 13.9216791292036 16.3396315830693 10.3954815169512 14.5995114381822 13.8287144621483 17.0312515534151 15.450404036038 16.8932872305942 20.5404680283829
TCGA-A7-A4SA 3 3 15.5007787399062 16.3456025453565 15.2164327015043 18.2691664686902 16.2685919844698 17.3946715634319 14.0331185421415 17.8658366956002 20.1393841215053
TCGA-A2-A3KC 3 9.71936164913894 17.2254835376692 16.5981797864617 16.4270572902985 18.0858555740003 16.8618811749048 17.3155706022984 15.517335899136 17.8383929581735 20.9288847303803
TCGA-BH-A0H0 3 8.95956744103646 13.8581694512981 14.8391023383364 11.8637363108433 19.7352352446666 14.4436842797626 19.2468949535214 14.5901228016582 18.4243624701592 21.7984538628031
TCGA-A8-A07O 3 13.3946565520247 18.0794437414358 15.7889905306283 11.6709215201941 15.8110084169075 13.895244097636 15.5020055889431 14.8835552004346 18.5735236959637 20.6049715554873
TCGA-A2-A25A 8.27350985977533 9.99870401332251 18.0621017054293 18.4243961837555 17.3074642054139 17.0127096297004 18.4007359091224 17.2039403667765 16.1773775138073 17.9588585286391 20.8626565008224
TCGA-LL-A441 6.49116313869765 10.2472625332841 18.9972249981933 15.9142202881652 15.2061628956006 15.7041969293359 16.4802639371035 17.8615137027265 14.5632741943457 17.1148885880086 20.3153374076376
TCGA-A2-A0YT 7.37376246569132 10.9667657249599 15.128210883537 13.9386169112001 15.0937290722811 19.806158213061 15.2946274840815 17.3032206396458 15.6227982084963 17.9725503487388 20.0515038760145
TCGA-E2-A14U 6.55678184228224 10.9674545581359 19.2146819588303 15.2124183978082 16.6534246011844 17.6537995024086 17.3854220894682 18.098394301205 15.1204151128704 18.0959325481375 21.1929298970467
TCGA-A8-A083 3 9.36193448799167 17.8101240796112 14.2359013272602 10.841613444905 18.6580920108225 13.5053008065181 18.0455857988927 15.4324458043682 19.0439186613679 20.4948854782238
