X8342 X8359 X8354 X8290 X3018 X8337 X723790 X8468 X8370 X50511 X8338 X8334 X5932 X4001 X472 X10735
TCGA-BH-A0HW 12.4875258936714 11.9692860472371 3 3 10.7067009633891 11.4771270444911 11.4383486443853 9.58219443359045 15.02975964509 15.4046035937823 14.4523465388772 22.7787135636319 17.4646366955406 17.8532702599437 14.9824812295029 18.6887759593514
TCGA-BH-A18S 10.8426666554941 3 9.74057559887539 3 9.29156000623536 12.4812977715797 12.5942596320858 7.21988087874653 15.525500527703 8.53863889369879 15.8028868323007 22.1180223520468 18.9154864095383 16.4239787845386 15.9622256771307 18.6834074666249
TCGA-D8-A27E 3 3 3 9.32607460624419 3 10.7090840422784 3 3 12.0475972565226 10.3241519734229 14.3115498919155 21.3170956715068 17.8020353641876 15.9127146500267 16.2174423054713 18.8902078233352
TCGA-E2-A1IH 9.80009877244954 3 3 3 3 3 3 7.17329444849248 10.0829405511525 11.0484117982828 14.6607473125491 21.1758645613988 17.7313713675313 18.113152361468 15.8208483428467 18.8218469897894
TCGA-A8-A091 10.3026368979933 3 3 12.6594485192437 11.3196109370583 11.0936734853354 10.7343562778007 11.6011256300253 12.2439815154738 11.9215394858584 13.9043955743517 21.5295392510837 17.0882554910978 19.0596092530554 16.125326354313 19.427510579048
TCGA-A2-A04W 14.4062259960537 3 11.4930018762511 3 3 11.0766780031082 3 3 11.1111246074541 9.28781896964962 15.9571551352825 18.1789283490072 16.3259992939214 17.0193201002128 14.6807669442543 17.6277377541622
TCGA-D8-A1X5 11.2663526376781 3 3 3 3 9.74812821354836 3 3 13.0506863295838 11.0255648081195 15.5857631096001 19.1614001733168 16.0782462434093 18.3443443104762 15.7444618299241 18.3855246083014
TCGA-BH-A5J0 11.9474331186871 3 3 3 3 10.8388455213508 9.80658713703394 8.69166829285767 12.8162370607835 10.210141909424 15.7183937101562 20.4668056538372 16.0437963078947 18.0899944227759 14.3644012856941 17.5584716727248
TCGA-A2-A1G1 10.553431819778 9.84656680193419 3 3 9.99375193170718 3 3 8.46760709201752 11.2506787717228 11.8920916275295 13.0983272715393 18.0117082807022 17.2875166533929 19.4526354375406 16.4862271154642 19.3721284636775
TCGA-A8-A097 11.041575328237 3 3 11.9252067486443 9.89991464142812 11.5130288274572 10.4782987056653 8.37521073516354 14.0827327156065 9.46042699233043 13.1191813160944 20.9620248307982 18.1781757531898 18.9525300203394 15.7955643474341 18.3171488347309
TCGA-C8-A130 12.0062774823511 11.8797426545112 9.90620045823574 3 11.4442731099646 9.49256572998169 10.4458634633 3 7.75800048420967 12.1363619940633 16.0360470601553 20.2116801832525 17.0241895995589 18.9301029551107 14.5819118710125 17.9084008600615
TCGA-A8-A0AD 10.2743865722006 3 10.1657727633766 3 9.71548735552957 3 3 3 11.4288645256361 10.8490938000759 14.8755944716753 19.0991424499342 19.1408307135306 17.8689906383453 16.5203014555282 18.7030044286039
TCGA-A2-A0YL 3 3 9.67373057093797 10.4409578824806 3 3 3 3 10.7975075275191 11.9662216267825 14.4905828651341 18.4762802209001 18.0908783403208 18.2034298624159 16.4125008889618 18.9001741496959
TCGA-A8-A09G 12.4897760883426 12.2928880842569 9.58616003542462 3 9.13770606281692 9.17352522670031 3 3 13.239790840408 11.3999798269681 14.2322923160264 21.0147079515847 16.1241239592097 19.2449163751886 16.5861938752586 18.194007817081
TCGA-A2-A25E 11.7230339780522 3 3 3 3 9.21219198105208 3 3 13.2538909111087 12.5623455025949 13.6868081794504 20.743392934794 18.0968892366855 19.2895035325124 15.2818041902327 18.7114958174926
TCGA-LL-A73Y 3 3 3 13.0017328571617 9.33181792532629 3 3 8.2203034582483 8.60724559243975 12.1943554161102 14.014078901237 17.7525596866909 15.9526183920987 17.4826619129847 16.0849151004046 18.1298674604949
TCGA-AR-A1AK 3 3 3 9.69835203095316 9.47362037023892 3 3 7.39483793671251 10.8968325482397 11.6950189738655 16.053214259532 18.1419043810145 19.9328486331001 18.379320780308 15.8542573883474 18.3158736175791
TCGA-LL-A740 10.1448836229146 10.4312812278932 3 15.7986099147878 3 11.6113318491184 3 3 13.5362679225366 10.137757796425 14.8562468572168 20.1119511354284 16.9569002940094 17.9964426284697 15.0000446043434 17.8112071666592
TCGA-A7-A425 10.944789205594 3 3 3 3 9.42875135482638 10.9637706971761 9.26178296236649 12.9260109946544 9.9435142301026 16.6867079198089 19.4890407388369 17.4767675763511 18.7514023090409 14.3422298779228 17.4669825933122
TCGA-AN-A0XO 10.6376990994299 9.93055708232545 9.53671259457362 9.31245824484546 10.0778115755166 3 3 7.02577962188662 13.706542632708 10.2179457819533 14.3521928587996 20.7234343644489 17.9715457873299 18.6413156279776 15.1858507531608 18.777572027346
TCGA-AC-A3W7 9.62586115372749 3 3 9.29344429965387 3 3 3 3 11.2231084885756 10.8732028157036 14.5779675268262 20.1941035857481 17.1362015703483 17.5241045197764 15.6389311225342 17.8794592777872
TCGA-BH-A0H5 3 3 3 9.66744969386597 3 3 3 7.36513065561734 11.7803831067756 11.4717519933105 14.8630272025485 21.6704537887089 17.6086044539598 18.2597326484875 16.8865373448275 18.5096180365719
TCGA-C8-A1HL 10.5306293596061 13.3970835262837 3 3 9.97100776817389 3 3 3 14.2009017635198 10.0122750041551 15.9155741307467 21.1455621248362 17.7742929344336 19.8269834146164 15.3676899369456 18.162452602443
TCGA-A2-A0YF 3 9.83480547888098 9.44121782125559 3 8.99334837901569 3 3 6.93532817198992 10.7004537844705 11.63466076902 13.8932594310473 20.1036264071508 18.8721219119489 18.4691885855259 15.290391675135 19.0551391448657
TCGA-E2-A15J 9.95076652734462 3 3 9.61757836737065 3 3 9.39045310729377 3 13.5943896288472 10.4257223813274 14.153934479263 20.6737672335081 18.5929265077296 17.7692893322782 15.7860137035807 18.441950530276
TCGA-BH-A0BW 10.8973580670897 10.189457232893 9.79499772983497 3 10.3369017926719 10.3730086439042 11.6509118053561 7.27191198899934 13.236549842883 11.1522321085318 14.3817138691403 19.8051030066473 18.715622605563 18.6496005679822 16.8839479118617 18.8502257396195
TCGA-A1-A0SJ 3 10.2838950303477 3 3 3 3 3 3 12.7756752735404 9.83983252578949 14.9530433119682 17.7000813868009 17.2975569433388 18.7937853845628 15.7345857458705 18.8121021064168
TCGA-A2-A0EY 9.93321339259369 10.2193188456774 3 10.5926075940373 9.37549765284661 3 3 7.30043644280125 9.63614052940376 12.1184149961188 11.8907193123198 17.3591280798785 17.2030241159091 17.0615361130926 15.7155899478481 18.0674454131233
TCGA-A8-A07R 3 11.5892930940314 3 9.39335459951141 3 9.20500961952198 3 7.10278184523111 10.2295383343773 11.3418799170051 14.8489680168563 17.5406918593796 17.485545839649 19.5562606473701 15.0462610954926 18.7574208294443
TCGA-BH-A18G 3 3 3 3 12.9184556492772 3 3 3 13.2405977216061 9.58138533045911 16.1837455207204 19.364089182785 17.4985073766389 18.8648661093541 14.73436712059 18.1559757675622
TCGA-BH-A0BR 3 3 11.1034319831665 10.877426624482 11.2339426659527 3 3 7.57336706090549 12.3023315288725 9.89062968087855 14.4222943428843 19.3346730930391 17.949283052524 18.2626014483887 15.3426209417819 18.0855890565056
TCGA-A8-A06N 3 9.55582126981708 3 8.93961288816929 11.0163265766811 9.73871685662893 8.71400500286996 8.18137426776578 14.1128854879432 13.0224746036539 14.773477392963 21.0096051987539 16.4085384329708 17.7749342207052 15.4290402619971 19.3072430886127
TCGA-AO-A03M 12.8662305553522 12.4180737597851 11.0239244905347 3 10.5719764150789 11.6044146884931 9.98825983841585 6.94363824766405 12.566790613025 10.8050788479503 15.6385820228715 21.433223121482 18.915784025663 19.1130440333227 15.2979119474362 18.392423433119
TCGA-A8-A09X 10.1539624912748 10.4403716925683 3 3 3 9.63140729073622 10.5854236701442 7.51237360893045 11.5482982475612 12.5171018625723 14.7543872916907 19.0722293798011 17.0138996901604 19.4135864675386 15.5954391776717 18.1362171601763
TCGA-E2-A1LS 3 3 3 3 12.2143558814741 10.9322444305802 3 8.78370581427052 11.6166557140444 11.3765112831296 14.7420071671529 22.0480273410493 18.0481292958848 17.0440489450125 15.4229597417187 19.1342883720271
TCGA-AC-A5XS 11.3220699747024 11.6094983066681 3 3 3 3 3 3 11.828290339781 9.01099638565634 13.8696055949696 21.1239415417695 17.552660266338 18.4496118906675 15.0250087892946 17.3643344672354
TCGA-AC-A23E 3 3 3 9.37659660274173 3 9.18827992266893 3 3 9.73114944103914 10.2824567263633 13.8324073599252 19.5774077637001 17.6483953637767 18.328188243732 15.9180896716861 18.639527668172
TCGA-A8-A06Y 3 3 3 13.4347132306997 3 3 3 9.09511225537385 14.3614388397014 11.1827508230076 13.6116247441599 21.4554475737098 18.0359654566876 16.4592605454196 15.5478039970472 18.6501542475198
TCGA-BH-A0H3 3 3 9.62897985734239 11.3917326197338 3 3 9.17783919157059 9.367125006358 11.8863632376153 12.805575850246 12.6917390594355 20.3038051346462 17.9662726731059 17.0260124255289 16.5947363499141 18.8249732364864
TCGA-AR-A2LJ 11.7884598194217 3 11.6793693102332 9.87631748610917 10.6441172013977 3 10.6415697712702 9.1101669110555 11.8105413191866 10.6855063121341 16.6585124139624 18.9940667725508 17.3916880598141 17.706042323237 14.4026970031799 17.1633930082757
TCGA-A8-A06U 3 12.3711057646057 3 9.75782765317989 3 3 3 3 14.1738255954901 10.7582547355115 15.2952119422338 21.1278486722737 15.7201865081477 18.5633908543765 15.2010088968157 19.3432575460845
TCGA-D8-A1X6 10.5358669866481 3 10.4271315978896 10.7833519895114 8.98764494152613 9.02340823289447 9.97369203503299 10.1640309499284 10.9346234783237 11.2481140982075 14.0186462143613 18.7647099358103 19.2525498882871 18.7257534466597 15.2804920875677 18.3234667583977
TCGA-A7-A6VY 11.469799637369 10.1789975599315 9.78456082803646 9.55988942521846 3 10.3625403195305 3 8.79586569061601 12.4898637458621 10.8060458219468 15.2049366596728 19.4308816383043 18.6457713416375 18.9753842450999 14.6246404716858 19.1619137905985
TCGA-E2-A15O 11.1182357762022 11.9890837548214 10.0148856373223 3 3 9.60095862309792 3 9.02427098564836 12.5700242106402 12.6925647148101 15.033891590455 19.5488470228819 19.7250049040191 19.0999514541853 15.2255457614979 18.3721258306162
TCGA-A2-A0CY 10.7336114471703 3 3 11.9783968179984 3 11.2047003080524 10.1709593685019 3 13.5572609729414 10.8633527037304 15.7808018365595 19.343092389313 16.7383805622031 18.3781871335793 14.9102661119178 18.7697404174783
TCGA-OL-A6VO 11.4256579420393 10.1350392673583 9.7407000560667 10.5081943321891 10.2824466600736 9.32755479489431 10.8617676021578 7.21999976901183 10.8648272399511 9.97830796203979 14.6612370641984 20.8207992598532 17.8111325343218 19.9908723942013 14.5886353870044 17.8265490515387
TCGA-A2-A0CL 11.5023333008188 3 10.8104804496611 3 9.36762103058202 3 9.36509182274898 3 10.6209375618107 10.179233349972 15.3718290167764 18.1538574195973 16.8790288090678 18.7435939843848 16.8771274516464 18.8558998677689
TCGA-AR-A0TQ 13.4495515294678 11.419057405536 9.44889121173376 9.22480265817636 9.98968181001659 11.3409979213059 10.9814445189006 6.94258453171686 14.2311169349593 10.6790127921568 16.3409748172364 20.389018592122 17.2879470970639 19.3891737993089 15.8442304368228 18.5618482491391
TCGA-E2-A573 3 12.0204068967014 11.0405608901954 9.8209894712922 3 10.6247317254413 3 7.5129683465404 12.1690580954394 9.41725643943798 16.1983517731241 20.073855080775 17.2855186060807 19.1643525524438 15.003031927315 17.8620592957804
TCGA-A2-A0CW 10.6456319977337 9.93846472499147 10.5368517815088 3 9.09630747324492 3 3 3 14.0258050676272 9.64571350530053 15.1596304334482 18.5783033929725 16.7376325931358 19.8661655355327 14.7316880837444 17.2669364186009
TCGA-AC-A3EH 3 11.2330492307772 10.8369775236494 10.611153269567 3 3 10.3827677141256 3 11.1048859636433 8.64011932572858 15.8837890670319 20.1820756448128 15.7566297523162 17.7821511387696 15.0695369582074 17.8674487013585
TCGA-A2-A3XX 9.9068949105241 10.1929609453899 11.3747899971989 9.57380105991973 9.34928258007519 3 9.34675376921392 9.21826663095213 10.602467768199 9.58086741753658 15.2537518529403 20.019014739604 17.1992067716996 19.2988599961337 14.6776903067308 17.9771894920857
TCGA-AO-A1KQ 10.3905481554759 13.6710545089896 10.2818776090104 3 3 9.86731927892634 3 7.74085088149436 12.6075399818058 11.580156112009 15.9631318221288 19.0049067266445 20.469089664091 20.0687664923649 15.1127407743023 18.7161593994423
TCGA-BH-A0HN 3 3 10.3879341956257 12.1549293494625 3 9.97315570315939 3 7.84371638215075 13.5821040967119 10.3384045259868 16.4550875203662 22.163023477071 17.257414841313 16.8629744278317 14.7892690608829 18.3299917488345
TCGA-AR-A1AR 9.40066159959074 3 9.29265813568662 10.0581049053377 3 3 8.84293601530071 6.79526900981836 11.2583312413291 10.4549427100661 14.4795890382113 19.6110687557664 17.7820406874284 19.3136834072351 16.8449482779726 19.172729951884
TCGA-AO-A0JD 10.0283112814752 3 9.91983386145085 9.69496326789154 9.47023716752765 3 3 11.1336537533594 11.5286864636125 11.2165321848201 15.9837116963234 20.0537616708338 19.0683144233804 19.5534668836568 15.1704609709962 19.0881199073918
TCGA-A7-A0CG 3 3 3 9.71484642364398 3 3 3 3 11.0648214758492 10.9619129741995 12.3277840939798 20.348951257853 17.2471070408802 18.0929429194545 16.2106545914023 18.8972461625404
TCGA-A2-A0T4 3 10.6838191055288 3 3 9.83786380466292 3 3 7.74722017960601 11.5520242219079 10.2389433199359 16.4424499343901 19.8191071769664 17.120210686187 18.8404671199902 14.9720187048498 18.4664293464733
TCGA-B6-A400 3 3 10.5196362671915 10.294076189562 10.6499198035872 10.6860699420034 10.0660033002414 8.54131544011055 13.5701798931681 11.6176010617239 17.3948388341995 20.0471208752513 17.3188365708744 20.1084358559083 14.4704994525087 18.1180672125998
TCGA-E2-A576 12.3602984491255 14.2319091606812 13.2499395938666 10.0329149311492 12.7963811632887 9.84370230702077 3 8.69025263994437 9.65762843037378 11.8395046694089 18.1573480967005 19.7776428530932 16.8813803718038 17.8960134745309 13.5394311811263 17.5326034539936
TCGA-BH-A0WA 11.875697953269 12.1633865937049 10.769901161646 9.55183713366766 10.9002934030199 11.933524379816 9.32482986044512 3 10.1678570842277 10.7203010891248 13.4249525530968 21.0098906941762 18.5731764692259 19.1993670499445 15.4503374185907 18.6273998633093
TCGA-A1-A0SN 3 3 12.279185705485 9.48124019501534 3 10.2835215386593 9.25436574397008 3 12.0890638175926 10.0678976447022 17.2270704610158 18.776269835746 17.1467125745605 19.82015310218 15.5540738107485 18.7318404944698
TCGA-A2-A0T3 3 3 3 10.9788207620227 10.7526973467876 10.2071554375214 3 7.11412282708838 10.2414973740672 11.6084236909029 15.3633899588474 19.9778330074178 18.9916876352383 19.0511196759363 14.8038539150854 18.3099899459888
TCGA-BH-A0AZ 3 11.6702354501537 3 3 10.8214927493777 10.8576629184576 3 7.73750148486721 11.9883817570679 10.6415456717372 14.0458838817002 20.7241817069994 18.3125862958226 17.5825859566946 15.523985816453 18.2027170602299
TCGA-A7-A4SE 3 3 10.5185604404888 11.2883942821993 3 3 10.0649296524404 7.97071281479426 8.35588697558881 7.36279500980063 14.0464491161375 18.0520468469428 17.0561900208292 19.995632069943 15.2013870425672 18.1553118774326
TCGA-AQ-A1H2 10.4844335186052 9.77780762786046 3 3 8.93675733855472 3 3 6.88164654416641 12.426583232799 9.62140959738319 16.1152594547306 20.5663328466466 17.0367068851021 16.7661915501756 14.5077705476158 18.5695654721354
TCGA-A2-A1G6 3 11.0860101919348 3 3 3 3 3 3 11.0829421437636 11.8587696347955 14.1517146199165 19.4179283054361 18.8135205989565 16.1668383681562 16.2749082172114 18.7901154392753
TCGA-A7-A13H 10.7454817098023 10.0380081092648 11.6330342480344 11.7278321745309 11.5013141311827 9.23106303405608 3 7.12766617819337 10.447236729683 11.2218337645604 14.2905985799157 19.9031193001734 17.5614360998347 16.8735581121972 15.3267595802217 17.8824625152917
TCGA-B6-A0IP 3 9.84463368417381 3 3 3 10.0278640458429 3 3 11.0567674466864 12.1479590947352 13.9031690023061 19.359351523645 17.8460873666847 18.4812648907215 15.5313513794963 18.4118139157723
TCGA-A2-A0CZ 3 10.6286233259987 11.2285403844798 10.0080758401858 3 10.812486732574 3 7.69385350323285 12.123324974293 11.3303822279004 14.2999590208314 21.395418681351 17.4886217118488 16.3791148080948 15.7796095392446 18.0475115060673
TCGA-AR-A2LK 11.2414598186984 9.95166972754784 9.55777086173016 10.3245054425537 3 3 9.10690369336887 3 11.8785559150821 12.7672176592766 14.975949458624 17.8501897818121 18.481997856096 19.9242010109986 15.9166918020235 19.2306652145117
TCGA-A8-A06R 3 14.1729524900088 9.88014424290297 3 13.1155887191467 3 3 3 3 10.6552616583744 15.9209747685281 18.0268878526429 17.1312460171354 19.0475325341618 15.7784980630972 18.3009966170859
TCGA-AC-A3YJ 3 3 10.3308049365422 3 9.88011884844836 3 3 7.78827776502955 13.2200388581295 10.1125213327032 14.9214136663522 22.0038394127426 18.9619785842314 16.7015346403465 14.8756200712121 18.2041741167811
TCGA-5T-A9QA 3 3 3 3 13.5248921312356 10.1112820296357 3 9.53239404298981 13.9137385313178 10.476767202785 16.1178660495067 22.1044389272203 16.3328934275225 18.741421374795 14.2895228224243 17.1287294591989
TCGA-A2-A0CM 12.2775453042178 10.5710705198605 10.1758834798218 11.5278494350436 3 10.7548982436059 3 3 12.6211112467297 12.3745538935371 13.8272924115999 20.26066554626 17.2049799125631 19.9291981386945 15.5943030286196 19.0860807658991
TCGA-A2-A0D2 12.3328646813695 11.884960016699 9.91138538692027 3 11.4494865682757 3 3 3 8.7362222908448 9.50294336624604 10.9807371489348 17.7687572364455 19.6656314465283 19.4792892100856 15.0638635442512 18.3069222055516
TCGA-A2-A4RW 11.6597222668007 3 10.554498040692 10.3289060230666 10.1033369424109 11.717529164693 3 3 11.9442478979696 11.1395258470964 15.7101455882493 21.9912082509234 16.9714366508364 17.1257403354286 15.6537600034274 18.1754296150912
TCGA-A8-A095 3 3 11.3272001095167 11.5147898025787 11.6093689224337 9.33801572008652 3 7.23002568782677 11.7206379580985 13.7379947571176 15.0616679290299 18.7869760955558 18.8347323208969 20.3947969112776 16.2014430852403 18.6984925454482
TCGA-A8-A09R 3 3 9.50264931024098 11.8478490657368 11.3589828648974 10.6610907195947 3 6.99347913391447 14.4565857244224 10.276230308583 14.3702147907078 20.734436311033 17.4998301890647 17.8420961798174 15.8269480469283 18.6445134272911
TCGA-A2-A1FX 12.0365327744611 9.75052665031593 3 10.7044702691956 11.4745006149793 3 3 8.37295973213838 11.5452080094199 12.0051690616845 13.4161934234617 21.4600365183375 18.6396845419258 19.2858177994971 15.1897893863985 18.6823682247927
TCGA-A2-A0T6 3 9.9842758796901 3 3 9.1418247734379 3 3 9.3285193701024 10.2019810857442 12.1908470925063 13.739215077387 20.2085327159963 16.8469779664931 17.0031331506672 16.4813939426846 18.7098418005218
TCGA-E2-A15F 3 11.4488240435337 3 9.83290932841429 3 3 3 7.52446950879658 9.8690425466095 11.6888208840453 12.4467581592674 18.928586203471 20.1408820171069 17.6705580579537 14.9988341142598 18.6222150610538
TCGA-A7-A3IZ 11.8791729842894 3 3 3 9.33079731051415 9.36668032329121 9.32826890494653 7.25751368455803 11.1663020979536 13.878684371485 14.0130459519126 21.4437983935264 17.1417240131151 18.3507623253423 15.7944491010871 19.087052589487
TCGA-BH-A1EU 3 10.346319909658 8.96314721367422 10.7197958952299 8.51767787690284 3 8.51517356998058 6.48781375756439 10.3432594603575 13.633874720632 12.602318526457 19.8974690628981 19.381077725352 17.6327795990469 16.9193761711098 19.2473813720943
TCGA-AN-A04A 12.5137707318005 3 10.823867351187 3 11.688917585798 11.7251594263194 10.3696789487454 3 13.58217411211 8.94329505546894 14.5940566916186 21.8088554484486 17.1790552297092 18.382221501517 15.0229184692343 18.9816689718616
TCGA-A7-A0CD 9.6511931438933 9.93683626663804 3 9.31870973010229 10.084095784933 9.13049336959825 9.09216688711019 3 13.3604362194193 13.6123653626623 13.6040116008105 21.7903261258692 18.604932010606 18.3922813262159 16.4150699204081 18.8995694124738
TCGA-E2-A156 12.6067389739813 3 3 11.6871833046775 10.4647710462267 3 3 3 11.3096446461568 12.9017824531591 15.0740392725911 19.4979389427734 18.83445229791 17.7165067547818 16.0335850641958 18.9231510715229
TCGA-A2-A0D4 13.0846410404541 11.3759062010554 3 9.18211041797556 10.9408886068399 8.99414734104448 9.94420845129713 7.85308657270774 13.7992750662817 10.7608739350355 15.1654200151217 20.0655054648965 16.8338411188621 19.9816753404199 13.9777957551289 18.2148627267089
TCGA-A2-A04R 10.9930126164763 12.27790947778 3 11.2408321942809 9.44069951500187 9.47661522858952 3 3 12.6435428595109 13.3175762641728 15.1634233577516 20.5047732243972 19.1297245450806 19.2814347981205 14.4465641708 18.4024811528632
TCGA-AO-A0J4 11.4188779808308 11.292472640538 12.4772595424377 11.0837380671278 3 3 8.87357120293652 8.74573280482056 12.5761823103593 11.1350867084212 14.3357278811766 20.7148592729637 17.9022332971217 18.9582313940876 16.2012590849429 18.7497226442002
TCGA-A7-A6VW 10.3120070582262 13.1773532213212 12.78015613851 3 3 3 10.7437418354547 3 11.3295222134836 7.06281213397572 16.7611731875062 18.4134673089873 18.2241835873668 19.2966561839832 14.1055381753442 17.0667182259995
TCGA-E2-A14Z 11.8405239593088 10.548383528823 11.7314243456248 3 3 3 3 3 12.1251249826177 10.7374373887458 15.3482875050262 21.3866013370323 17.8161555104775 18.9109023370894 15.7721894732043 18.1883730925425
TCGA-A7-A5ZX 10.0677136735204 3 9.95921282141435 11.7240889010767 3 3 3 7.42941447319206 11.3465237358387 12.3150436426796 14.1937770348778 19.5413877099217 18.3873230404981 16.4221376053606 15.7936308911631 18.2022898389564
TCGA-3C-AALI 12.5344894831262 10.8271545901357 12.7468036231276 12.7828979916643 3 11.5942279319343 3 11.3004936399152 15.2103302465536 9.22288371524925 17.9418489866963 20.9621470832623 16.897149933587 17.9797286844059 15.4879283586633 17.2078093690676
TCGA-AC-A2B8 9.37291225928042 9.65800123629014 10.2555240747244 12.0219309024153 8.81785986331826 12.1528485459975 3 6.76922535471959 11.148159278806 11.5220769626405 13.8460616776209 20.7361604468249 17.8561526860166 18.0972020356709 16.3233224059918 18.6287685223424
TCGA-A1-A0SB 3 3 3 11.4764731798247 3 3 3 7.58886750962106 9.52462169249613 12.8269223568875 13.1912518065857 16.3462480283205 18.3513136399758 17.790631846318 16.2146686266738 18.8005413458969
TCGA-E9-A229 9.50804033511037 3 3 11.4818248135834 8.95224852206099 3 3 3 11.9501119564441 12.0483672519144 13.7072091119426 20.3512482632356 18.8587661382723 18.482306113125 16.0310468635452 18.475256312331
TCGA-D8-A1JC 3 3 3 10.6004500973411 3 9.83000195526802 8.80442484405707 8.27103379919205 12.0472131698529 11.0649672954256 15.6327526204046 18.0516944969063 17.1317516865808 18.6364575127108 14.8017120891522 18.8051971025769
TCGA-A2-A0D1 13.5391322768735 12.2438264210328 3 10.042973450264 10.8113306722627 3 3 3 10.6605511153225 10.3698096864523 16.6745146000074 18.2851410368665 17.8284864074106 19.2864465423064 15.4757075872063 18.2345490886013
TCGA-AC-A2QJ 3 3 13.0812642810335 3 11.8920098048682 3 10.3105639825037 3 12.6568055301327 9.143758824714 18.2430962619499 20.0713786263486 15.3707115054632 17.2084536029721 14.0511054754891 16.3786526604133
TCGA-A2-A0CK 3 10.3689267209896 9.97410111086974 11.7390618772449 3 11.8699272695715 9.52180982640784 8.41019559672131 12.2979861953092 10.9187221400835 15.4308230203353 19.6074655006245 17.5738835535404 18.2959171337574 14.4552615788843 17.9319037920722
TCGA-AQ-A7U7 10.0058792230018 3 9.89741543151922 9.67257657360283 10.4396007960443 9.48380530195858 3 7.37005756213979 11.2844103228326 10.9931071044898 14.9612888264204 21.2330012718812 18.9782072385707 17.9293284757089 16.8008829678912 18.1440079763127
TCGA-D8-A1XU 10.5586514148319 9.85176876692886 10.4499064385839 10.2244126075432 9.99895831115348 10.0350065796202 11.79567960078 7.90392669619904 11.5768929344669 10.4779170269045 14.0415421554042 20.7033831807066 17.3963915080527 17.5047566352668 14.779843106671 18.7269559311508
TCGA-D8-A1X8 11.369642146024 3 3 11.0345406131684 10.2266322151114 9.272085565432 3 8.12615949686664 10.2970721107605 10.2679525290948 13.9952626024118 21.1648971212172 19.5116617586423 18.2296559721956 15.7728822210729 19.0405950245001
TCGA-A2-A0SY 9.92110651400701 3 10.8062650667128 3 9.36343811069661 3 9.360908992968 8.25146721855668 8.63860925161868 12.2263146657673 16.1975511017957 18.933737323398 17.5128690201214 18.8867989877411 15.4332746843647 18.7138779855937
TCGA-BH-A42V 10.5994207309426 3 3 10.2651260367644 10.0396260273416 3 3 8.51280965516041 11.2039569353784 13.194826390532 14.7681463020646 21.30945293351 17.8342062077888 16.945160595141 15.7643555724031 17.7545544303032
TCGA-A8-A08R 10.6870924562462 11.557117713369 10.5782961753445 12.346047561706 10.1270887333769 9.17319168895659 9.13484880474527 8.59904890996822 11.7056657072928 11.1633660605631 12.4558026194662 19.8083971336437 18.0479022572703 19.274439296075 16.494492157532 18.4733492169758
TCGA-A1-A0SH 3 3 3 10.6636755509209 3 3 3 7.36832437358297 8.72061348181565 11.4750989572959 13.7672885689071 18.3106842059027 17.2861978394729 17.4759555689462 15.875659969485 18.8136370988994
TCGA-AC-A2QI 11.3623120283639 10.0719665049324 3 11.7619681347532 3 3 9.22645204930919 3 10.8015710619996 10.5390946623508 14.7840790169645 21.6104727276164 17.1583650918787 17.0225789125935 15.1442433122699 18.1344091938214
TCGA-AC-A2FM 9.81704432307477 3 9.70870405425652 10.4760723342932 3 3 3 10.2873187888394 10.9695940304581 11.4791361495895 15.7479987989084 17.8699713570843 16.6557402382237 18.2452888326558 14.4899493546542 18.5178226752413
TCGA-AQ-A0Y5 13.72889888447 3 3 3 9.37483958241294 11.7190342602706 3 3 11.7940754656214 11.1815291910666 13.6952358384439 19.6229460358796 17.1312437776254 18.0554548332851 15.8941649259791 19.0306400940683
TCGA-BH-A1EV 10.0668422235368 3 3 9.73341791343449 3 3 3 7.42857723621356 10.9320884817211 9.74049210361707 12.0251297708146 18.7507696487867 15.9308495791875 18.5289913385439 16.4768561369381 18.4537694617928
TCGA-AC-A2FK 3 3 3 9.81806356224552 3 9.62910075226822 9.59060991512356 3 10.173625506945 12.7682134524523 13.1090902587514 20.2328066186431 18.7907682593064 16.2480659108374 16.5211591990512 18.9817783532328
TCGA-A8-A07B 3 3 3 3 3 3 3 3 3 12.6620709332001 14.5576400298894 21.2308812488809 17.7815468717834 19.1159421768286 15.3627663028695 18.1185512612159
TCGA-B6-A40B 3 10.0985863584208 3 10.4716811341437 10.8277589699878 9.2913003093073 10.2434246989066 8.14507072587098 10.965195633592 9.65498407051399 16.2897991208161 20.7369608018135 17.3212678473343 18.3927852055919 14.2635452276451 17.3223767852263
TCGA-AC-A2FB 9.74626911404069 11.6096732293687 3 3 3 9.22516738789163 3 7.12203332173695 10.6102980753229 13.0488818303144 14.5069354163985 19.0193306718738 17.8684792286197 17.687148504902 16.1038973798496 18.7746723665347
TCGA-A2-A0CP 3 3 3 3 3 3 3 8.18137426776578 3 11.3198940341256 14.5043752914122 19.864224649972 18.2314996657967 16.4481387815979 15.2609766122428 17.9686799670411
TCGA-BH-A0BG 3 11.9855567944656 11.5888672412304 3 10.1413742980518 9.18738126959567 9.14903304127817 8.04284162794339 11.7902458023817 9.70121787556428 14.2463362647507 20.4756064176228 18.8897497424177 18.7679006517298 15.5811296989201 18.7597424607547
TCGA-BH-A18K 3 12.189863071002 9.80277863611963 9.57807930846656 10.9267057072131 3 9.35102429346104 3 13.8669080244943 12.5942763675616 15.1137156304906 21.5325204533136 17.2492460254862 18.6195732423457 15.2662320418963 18.4204301388416
TCGA-A2-A0SX 10.7284057456737 3 11.2021090649296 10.9760446768024 10.7499231381177 3 3 7.11149677732457 10.0179273880295 12.820343379599 14.9361993599064 17.4067801111941 17.0115653178971 19.4248623774108 15.9759393974278 17.1887348629386
TCGA-A8-A07F 9.53073181360007 3 3 11.7670749794737 3 9.99934838350519 8.97230295258183 3 10.0336544947563 13.5877555113816 13.8040951806189 18.9772661046954 19.1153837397393 18.1275182013189 16.798070536767 18.9112688525804
TCGA-BH-A1F2 11.9681577646386 10.937488229281 11.5378856145913 10.3161816003132 3 3 9.09864932169097 3 12.8369806007998 9.65060108060944 13.0704370075976 21.5580851980275 17.3311665798016 18.3204506860635 15.7171617014683 18.859611512665
TCGA-E2-A1BC 11.0802291669125 3 3 3 11.5154924354126 3 3 8.41308722783071 13.2997986199159 12.1406595453404 11.0466719569044 21.630041612147 17.2715133345606 15.996692352056 16.2203358876395 18.6911030364031
TCGA-LL-A440 3 3 3 10.415324338713 3 3 3 8.66079505550323 9.77842726095757 11.7748384911702 13.958063559258 18.7298576103462 17.7462114993554 16.3847479632709 16.1133292409291 17.8758512837264
TCGA-BH-A0W7 11.6884692479284 11.3925500023613 3 3 12.8601428969096 9.58806471198193 10.5418641664269 9.0114433238354 12.889193664615 10.1033590734523 15.2365464524911 21.2860352499723 17.0673626004083 19.6647039415377 15.5921656130552 17.9445826037719
TCGA-A7-A3RF 9.87115400822797 10.1571653462868 10.75611861882 9.53813913230759 11.621030174134 9.34956284491918 11.8808989269345 7.24109613557628 13.1148706530198 9.54520361832254 15.6066849964867 21.3009885563714 16.7408481287939 16.8027962727417 14.9749017609415 17.9500356226946
TCGA-AN-A0FK 10.0426560743863 11.3244243124009 9.93417004957424 3 9.48452991624078 10.5125788942784 3 3 11.8225277327117 9.71635247884773 13.1691670981357 21.4722236999464 19.5243215321415 18.4570054314632 15.2109766600733 18.5869041333427
TCGA-AC-A2FE 3 3 3 9.38461103560606 3 9.19628078028505 3 3 10.5811674855749 11.6259649706676 15.161970661244 19.8029621659895 17.8407329790162 17.6006274175032 15.5818011609577 17.9288874754807
TCGA-GM-A2DD 3 11.6463490234162 3 3 9.80412332109751 12.1519502987595 11.7918536453643 3 13.3037714636941 9.62504759886223 16.4084114553287 19.4887009463728 16.4771767582982 18.6389326027583 15.490970013054 17.9437907583935
TCGA-D8-A1XD 3 3 11.1022991791227 3 3 3 3 3 9.50749766017349 13.048570367533 15.1730165627243 17.0275019645089 18.144060563454 18.2935311910618 16.3126737048918 18.969062919352
TCGA-AN-A0FZ 3 9.72040436385336 3 3 3 8.9154996090237 3 9.06597367064602 10.9318907741861 9.80272845184693 12.1945488792291 18.2211469651744 17.6054215718544 18.1135221531116 15.0934290235792 18.9201863643033
TCGA-A2-A04P 11.4846030639376 14.0914041648948 10.3799101071232 10.1544860721428 9.92911336000412 10.9593628032569 9.92657414739711 8.81044490988319 11.1857361159568 11.8550237217985 16.4693816476233 20.1333216136961 16.9944194766908 18.6093837419271 15.1243844597197 18.0191209992336
TCGA-AN-A0XT 3 3 11.1205324441175 3 3 9.71150371230788 9.67299077257219 9.13427163062226 10.2562854300887 13.838884310257 14.5837910573509 21.0026407360394 17.7855760871397 17.1488871736814 14.6360201017987 19.0112768667537
TCGA-A8-A0A1 3 3 3 3 3 3 3 7.7890094133534 10.7239277539143 13.3892955106072 13.9839138531124 18.6603446359149 17.5753018859239 18.4425119180912 15.933850707944 18.5214412073534
TCGA-A8-A084 13.5198242767127 3 3 11.3126708876861 12.3057021966775 10.5401664433977 3 7.43178954402667 13.8689088756671 10.5454035225074 14.8334768538193 21.7395273995094 17.7935872640719 18.7639647139761 15.381613014704 19.1459572617453
TCGA-A8-A0AB 11.0097361323342 9.72114966260079 9.32788976436237 11.6714245423123 3 3 3 6.82840946625586 9.45780314180607 13.8323188308921 13.0872485256228 17.6672590398438 18.4153024735131 18.7033547914936 15.7557046516463 18.910902120528
TCGA-AR-A1AM 3 10.1622423608645 3 11.1178094564879 9.31873376060211 3 3 3 10.3801342497365 11.8233755791896 14.2902145439486 20.7448672960528 18.0878249114494 16.3024777223197 15.3037152622822 18.3118974467435
TCGA-BH-A0B4 3 11.1709158519202 3 3 10.3233485455657 11.9385469916307 3 3 13.1027339323526 9.15391860041415 15.166215153545 20.0141973136654 17.525648550854 17.7237589271757 15.0785840853825 17.8568422864283
TCGA-A8-A09I 9.10235396137334 10.9602136434881 11.2983720373988 8.77160891447589 3 8.58456829218756 3 6.51700776966039 12.6411933088685 10.3459544390511 17.3695145347452 17.7050514034808 17.7697887749348 19.7168498020665 15.1418962420757 18.1660383261793
TCGA-A7-A5ZW 3 3 3 9.88790546887929 3 10.6918969323423 9.66034771243272 8.54704532130506 12.3737289729986 11.4106209755122 13.9863010635619 20.4389467388891 18.0661984254505 17.1223500414016 15.6808921239912 18.4712263182931
TCGA-E9-A1R4 10.0361048380676 3 11.5046629032672 11.2784407513438 11.052134613532 10.5060137068842 9.47547089086748 7.39905938167765 13.1528059346308 10.1654819045342 13.4518491608337 21.7648928017948 18.1127644636813 18.4530423711368 16.0715201588369 18.4311361069617
TCGA-A8-A085 10.9101943116772 9.62218691928933 9.22923414576319 11.9858243313533 3 9.80516547458318 8.77981843471691 7.68054302882702 12.0222023090813 12.8245989849458 15.0672346393508 22.0194338497154 17.8602448462046 18.1464476029042 15.2323571060979 19.1827794535284
TCGA-B6-A0RN 3 3 3 11.4226059990428 3 3 9.61853220945281 3 13.0806680481129 11.6515209848718 14.7213854171128 21.359804120123 16.8829586964839 16.549495793687 15.8069519372023 18.7942507900052
TCGA-AC-A2FG 10.4228075552245 3 3 10.0887667670951 3 9.89949506251872 3 6.82395712947445 10.9278697171686 12.6720024286911 14.7030528246597 19.5020919290196 17.8743159542939 16.6530417064517 15.2549889670344 18.7135503612767
TCGA-A8-A06O 13.256961966142 11.089900625699 11.2766257049232 12.0477959697239 10.8243486871594 12.4413373355425 12.2328464630978 7.18203960594984 13.8371927343253 10.7220228750985 15.7170783107368 20.5184365753344 17.3601140361092 19.3488135402684 15.593703967958 18.2714048152371
TCGA-BH-A0BZ 11.7244216843023 10.0204075340834 10.6190168813866 3 9.17773111464466 3 10.165189471616 3 13.2037933910972 6.52318270202863 15.5944475646059 20.5518458138591 16.7867665953135 19.1312865418631 14.8033985158752 17.9990499122794
TCGA-AO-A0J9 10.1071935657097 12.7085898078471 10.993018086469 9.7736915048731 11.1234925503131 3 3 9.00818063828273 10.3904811813479 12.2617918877688 15.2727532880711 18.3382465575424 17.2216407423408 19.2365339685325 15.3075821353212 18.2055605440757
TCGA-D8-A27P 3 10.3145533117857 3 10.6879840004474 3 3 10.459532467406 3 11.3069449731367 11.2165321848201 14.0716668748201 20.40955013372 18.0114604509494 17.3461294944061 15.8954860279869 18.8199870910498
TCGA-A8-A07J 10.3335587730825 10.6201829716211 3 9.99965859202258 12.0858281224855 3 9.77194437467675 8.65739393638231 12.114856883558 10.5879622136416 12.2932047358347 22.2836173101801 17.231134055704 16.7260305261288 16.1702111338736 18.4510952305488
TCGA-A8-A07I 3 3 3 9.95915417697726 11.3099303314425 3 9.7314952749541 7.64647907813139 14.4274289845044 10.4225195378956 14.8943106118282 21.3313931506952 17.942996070797 19.3935164322254 15.3149620555763 18.5136244552279
TCGA-A8-A08B 12.8109274200418 3 3 3 3 3 3 3 11.9275269061662 11.8982798789144 13.1919086584353 20.7343530224765 18.3904442782948 19.477382786401 16.4867015681433 18.5687533908633
TCGA-E9-A247 11.6103680848214 11.897944370535 3 3 10.6355638529907 3 3 8.93439386168684 9.90393518604545 13.355484369369 15.2171480150634 16.0426405606127 19.3831644806928 18.497425511474 14.1862939714298 18.2696934491205
TCGA-BH-A1FJ 11.5224950136668 10.8132400562045 3 12.1848016222921 10.5479151415015 12.163993444739 10.9584740231513 6.92103323861552 14.9939102904798 12.7147415270136 15.0999218086046 21.8000889525083 19.4335799841872 19.5160258625231 16.6434738667077 18.8971482084426
TCGA-A7-A4SD 11.9802360845959 12.6824159666592 10.292300142779 11.6447397654128 9.84170349283765 3 9.83916559363245 7.7509496425829 11.9029890244095 11.8737430401751 14.2662074539244 19.8805551945369 17.5919655930844 18.6314980237727 15.8557908172388 18.2832598397718
TCGA-A2-A0CU 9.99313940294999 3 3 9.65986283235296 3 3 3 8.3222242880847 10.0150981642738 12.6317647994244 13.1193094545922 19.7379854483531 17.8210495571175 18.0453613256949 14.4387563806055 18.5506814417842
TCGA-BH-A0B8 11.9300616485685 3 3 10.0170741579683 11.3681299101672 3 3 3 10.6345822829277 12.1854386488234 15.5181545879587 20.2603780619685 17.7378143108894 18.3044085742332 14.958132760143 19.2004973845484
TCGA-AR-A2LR 10.331983516693 3 3 3 13.4611209964479 9.80891128799053 11.3464988443486 10.9546926284818 10.0342532760938 11.3203451809791 13.6121683690549 19.5067772086561 16.6731381045644 19.667303835901 15.42259946414 18.6135201719346
TCGA-BH-A0HI 10.9691759872374 3 3 3 3 9.45295482632724 3 3 11.9145306703635 10.2289145102047 15.7372903358667 20.7203781499112 18.705651855855 17.8413718275511 15.5493334865401 18.5835536673524
TCGA-AN-A0FW 11.7295214456046 12.338521845059 11.2066255480724 10.3984492219578 13.4117616680999 14.1997169775928 12.6214788028347 7.11576683734305 16.2530179777427 9.00462318224095 15.5995585649477 22.4090442563555 16.6638632683448 18.9155278732445 14.2284643826231 18.6931254620196
TCGA-AC-A23C 11.1874075367555 11.8887792751878 3 11.5869265001313 17.0731462762043 11.8808907999959 3 3 12.8538393745128 10.3646261486625 13.2654167065661 21.3414483996327 16.9046193330154 17.9259067513395 16.4700299992512 18.7024489081862
TCGA-B6-A0RI 3 3 10.6816378042163 11.0381565150876 10.2302377382595 9.27566838498649 3 8.70084599017721 11.3953258489389 10.8534054700914 15.1081367123521 18.2675106668691 18.8401218911873 19.0566738219782 15.5504091558377 18.2595612304974
TCGA-E2-A152 3 10.4001387310258 3 3 11.5438542132565 9.59135197235808 3 3 13.09025668112 9.59656278239216 14.5295639251255 20.924543613736 16.4521581480152 19.1586720421693 15.0218145164278 18.7292608042182
TCGA-A2-A3XV 12.4370452499146 12.3104439048495 13.1342542045577 3 3 11.9109475582261 12.6781752265839 3 15.0303281905207 7.18730401590658 16.1563248272787 22.3536207208408 16.3243735313388 17.8092480912434 14.2018026517452 14.7068895842685
TCGA-B6-A0RO 10.7417470822072 3 3 10.4072691984401 11.4975723642343 12.3800676812084 10.1790767364838 3 13.5446847326776 6.53595595978041 15.7459120651214 22.5040462988157 17.3802956968983 16.8879927404324 15.1600142197124 19.1809624596536
TCGA-A8-A06T 10.4977330415384 3 3 10.1635807363622 3 8.98566216653346 3 6.89411698696486 13.5307571276067 10.8109189960791 13.1577486030815 20.7434529252821 19.0302896954169 17.6543385044443 14.7329877525227 18.7951765302453
TCGA-AO-A0JB 14.7284737873664 13.2101570241749 12.8129510560964 11.588201218765 13.6801573605099 11.3979618129268 12.3569912424975 3 12.7924495097628 11.5953238483987 18.931427721579 20.8871583626498 18.167910683042 17.9848522867098 15.0959388568254 18.0508119265819
TCGA-A2-A25D 3 12.9035123722651 10.9253972399085 3 9.4816881470894 10.5097207527785 3 3 13.6367978474709 12.0599506403868 15.0829100882648 21.5860301064934 16.9487987543903 18.4492823085142 15.0928214826476 18.0742806379794
TCGA-A8-A07P 10.9176441137377 3 3 9.59046830384077 12.3505328779215 11.7100272614896 11.3501887415194 7.29123543352343 13.1677118861591 13.2702296223366 15.9442542760693 21.4131583700377 16.9894508150238 17.8470044887274 14.2628389923731 18.7025113704531
TCGA-A1-A0SK 12.5421760116023 11.6097898563477 14.4314147231215 3 12.1720439841077 3 3 3 12.2428259592265 11.452298867584 14.6996354183784 19.1490603977212 19.4563389905309 20.3662440251814 15.9869132820156 19.8703230476409
TCGA-A7-A3J0 10.4972418870624 10.7840400116724 10.9706127148897 11.7413262772801 9.93770732904218 11.2887681981894 10.5161954278602 3 12.4768659993975 9.75847934911506 13.9798279829638 21.4174814993473 18.478163431056 17.5791808093803 16.3739270173382 18.524760989326
TCGA-A2-A04N 10.0160699320231 10.3022948830224 3 3 3 10.4859357397736 9.4555095472955 8.34476163870498 10.2992350207142 12.3783847382537 13.9719157869782 19.8809620923136 17.1807513502996 17.7649564754188 15.4593578338372 18.2001248211369
TCGA-A1-A0SE 10.8193429863062 11.1064307346533 3 11.0670477727926 9.26843492452766 3 9.26590792521791 3 11.7643935469545 11.1892277267274 15.560856875654 20.2650715077641 18.2636426600977 18.6743890126644 15.3176838990901 18.6993868138424
TCGA-A2-A3XW 3 3 3 3 3 9.49047497478956 3 3 11.2911336011681 9.49568183712193 15.9678519325362 18.4504467410144 17.1216607973683 17.5490165916245 14.0201058094456 16.7829996479814
TCGA-A2-A0CO 3 10.3366578591325 3 10.7101201728449 3 3 3 8.37850006856837 10.5547116488452 10.179771819832 15.9366981492516 18.9556681796288 16.789323618013 16.8895443268774 15.9135330049278 17.9488654690456
TCGA-BH-A8FY 11.617438361374 3 3 12.2798372057043 11.0558481135069 3 3 10.5105921655644 12.7750425408047 12.2869668846034 16.9377211071053 20.4274919988818 18.4148037652381 18.6006859111576 15.0559075666388 17.9094343632217
TCGA-AC-A2FF 3 3 3 9.39689011531347 9.17270782552861 3 3 3 10.012297497553 12.1442476816701 12.4915903217711 18.6149726133312 17.2601461398264 17.9429456869209 16.3066049942547 18.7575631082767
TCGA-3C-AALK 3 3 3 9.82856322874053 9.60362749798464 3 9.60109360715538 9.06270470451777 12.0249598963487 11.9134129730537 16.9764471012674 19.5497840185124 17.9385187466162 18.5417457302755 15.4171063525841 17.7329667918524
TCGA-A7-A0CJ 10.0430843799175 3 3 9.70970687295263 3 3 3 3 7.78558634029348 10.6172555846155 15.1686585285562 18.3489646683045 20.4462103847387 19.1007534204793 14.6228547622272 17.8501516527319
TCGA-A2-A0T5 3 11.2800926282432 3 10.6581134895233 3 3 9.4380309045793 3 12.8182840833467 9.4816836088752 15.0413211376872 20.4755655569906 18.6528142796815 18.4656758165752 15.642693437672 18.5577007938756
TCGA-AR-A0TT 3 10.4227062643574 3 3 9.57786607318838 3 3 3 3 11.324991307677 13.9004549765283 18.803151988519 16.9840835922786 18.5053016521355 16.4902585295482 17.9404989322111
TCGA-BH-A209 3 10.910384989697 9.5225617513485 3 3 3 3 3 10.6454853933567 9.88425315585709 13.1686641902254 18.426220813825 18.8688301340212 19.2731185466072 16.1771420758132 18.4010591322464
TCGA-AC-A8OR 3 3 3 10.1782740408152 9.95287313052936 3 3 3 11.3789926615946 10.9884666262779 13.9310121140443 21.1295780205465 20.2693905526462 16.8879458152755 15.5794581969221 18.2502663089414
TCGA-A2-A04U 3 13.8662094144319 13.4688622737704 3 13.1850122659185 10.0610211220888 3 11.0564817752749 11.2820367033279 10.9543547435467 14.0036426734388 20.6796625391088 19.32822421394 19.2476103078421 13.3607167014025 17.5590468857828
TCGA-A2-A3KD 9.69385276630207 10.9738445181497 9.58560224032673 9.36125986561134 3 10.1629369765468 3 3 13.570825925836 11.2135939202821 15.0040696261502 20.9005381685732 18.5924134493886 17.7664527817878 15.7000213212353 18.6276789842967
TCGA-A2-A0ST 10.1788788033587 10.4653194570427 11.0649377343223 3 3 10.6490777836605 3 3 11.4581611526321 10.5479524808176 15.5277661845926 19.9304264254545 17.0138511117814 19.0852217283342 16.2462897206841 18.9873555284209
TCGA-BH-A1FU 3 11.4926483584586 3 3 9.65147146971343 9.68744333545426 9.64893671939691 3 11.6047459533741 9.69265765769649 14.9744229028412 19.8839292762766 17.4433647125673 18.9938991565954 16.3409478349035 18.2777886702703
TCGA-A7-A26H 10.4082465714703 3 3 11.0688652727346 8.86141517798053 10.4658595049244 10.8401338287447 6.81034947482184 13.6244075402679 11.2453107157352 14.6144328894888 20.0608488786034 18.8184345557357 17.9829192985457 16.9926646764724 18.7741707379098
TCGA-AC-A2BK 11.8435376754508 10.1389115863617 10.7378208213809 3 10.2863216704517 9.3314063272764 3 9.96329278442079 13.1565711697429 10.3276530813843 17.0162510222981 20.4894541396686 17.8874414741839 19.1631267831394 15.7829725956542 18.7899866138768
TCGA-BH-A0B0 12.4746105648459 13.2474404153297 3 3 11.1772643521311 9.6381949248793 10.5922446864388 3 12.1014126842988 11.0748365613778 15.2465500200064 20.8818774709122 17.18048259219 17.3568551252274 15.4536278115036 18.2824417655074
TCGA-A7-A6VX 10.0917425668926 10.3780708101856 9.98322773591649 12.0694969227591 3 3 9.53090959225165 8.41917949677028 13.9718730993095 10.6660337957206 14.9058008806353 21.0090369445799 17.9066659218616 18.2346024171632 15.4600652877747 18.3563458295822
TCGA-AO-A03L 11.8355151078291 3 10.7298184731936 3 9.28759686654159 9.32346632733904 3 3 12.6218517573328 9.1092621068405 15.3535350149705 19.2069352669417 17.3402644997042 20.4566348740564 15.1880704456196 18.5897707188115
TCGA-A8-A07S 10.8767150469775 11.1638479291994 3 9.54979939682853 9.32532415177676 11.3479830545333 10.8956928256199 7.25226183084026 13.9808716974194 10.9396645423254 14.2297988028331 20.9877953655384 18.2758092053276 18.5733078717686 16.3587911379903 18.3836023611373
TCGA-C8-A3M8 11.1010528309408 3 3 10.1845325780631 11.2740786146318 3 3 8.43350050240081 13.5518409072467 12.2715207806177 16.0008812847955 21.0278090039852 18.4242899681695 17.9330901410456 14.9336077503143 18.1615413413176
TCGA-A7-A0DA 3 3 3 9.52244911872919 10.8707111298995 3 3 3 10.5508330430126 11.9091322045644 14.0578367702765 20.6770068316379 16.2167230226317 17.1230275944163 15.3606128563327 18.0888047858504
TCGA-A2-A3XU 3 10.5423940716372 10.1472552795273 9.92208911397764 3 3 9.6944822073263 9.88451571639895 11.1217062307836 7.96425605818012 15.8276144143339 18.5319050545307 16.6763382647349 19.6036687484787 13.627758447579 16.9457761944897
TCGA-AN-A0FY 10.4831687083967 10.7699526431062 3 10.7306078717017 9.92367144202079 3 3 12.6137513779049 11.349640243263 12.717548162365 12.2511240687391 18.5808699674009 19.2380955798538 19.4253016088847 15.4680889958808 18.8972790151636
TCGA-4H-AAAK 3 10.5081099108021 3 3 9.66288266356859 3 3 7.57757653020971 7.95925829319011 11.4106209755122 14.98594543887 17.329659127497 17.2400906501985 18.1898792470385 14.5013392567406 17.9704363497224
TCGA-A2-A0YM 3 3 9.57892581903184 9.3545952902733 3 3 3 3 10.9640575115724 11.1041380125166 14.8492639491661 19.1098720282316 18.1534343952553 19.8289422843504 15.4029315530604 19.0416616841175
TCGA-C8-A1HI 13.6107647653601 10.734949864393 9.34838500637996 3 10.4696974934295 13.6142620952834 13.7817230334706 3 16.8144123531653 8.72334350376535 15.976268387535 22.2716549876534 17.5248506433294 17.7340479048074 14.8189984606576 18.5922569238538
TCGA-AC-A3HN 10.4665390152305 9.75997702501822 10.3578337475648 11.448177806498 8.91905730956122 3 3 6.86487893228217 10.1686248573635 11.0887595917022 15.3318463640285 19.7944467502207 17.7045244816798 17.783956091166 15.872900829753 18.0687590810367
TCGA-E9-A54X 10.50196396375 10.7887668186377 3 3 3 3 3 9.4000663822382 12.2839650215239 11.3392646363345 13.4613234668297 20.4597907876811 20.5697877730317 18.1157064510775 15.565260093796 18.0738264273075
TCGA-BH-A0H7 11.8336412824213 11.7071392094733 3 3 3 12.1134224985358 3 3 12.7802478662423 10.2115771984879 14.9670779247437 20.3937146037091 16.6894816682868 18.7890909650263 14.9635513147194 18.5636431387392
TCGA-A2-A4S2 10.3890907440737 3 3 11.0496674902806 3 9.86586568933947 10.8209484578221 7.73943958759055 12.6060757085477 10.6435491263835 16.2776577676912 21.5052343318947 17.3819066712983 17.5649714037316 15.2210791853113 17.6722895404453
TCGA-OL-A66L 10.419455568139 3 10.3107715976358 3 9.86013174532062 3 11.4342385552686 9.31809787663507 13.1568648898033 10.41232093168 17.7436950899964 20.4222237974565 18.2856632142822 16.2479656776413 13.8433613113927 16.8804448508866
TCGA-AC-A6IV 9.86194921504569 12.1402966148564 3 9.52895499654306 3 3 3 8.19340549226328 11.0147165685173 10.9186800559042 15.5974021330214 19.4382135026486 19.3325207391745 17.7897705620368 15.8532287680341 18.491990519077
TCGA-D8-A1JH 3 9.68790275354358 3 9.07097166513666 8.84752746961036 8.88323307230351 3 7.74438563912313 10.899210345917 11.8924207078062 12.9383468595939 19.1272653471746 17.6675865841038 17.2846550092489 16.1419931964281 18.775633434214
TCGA-E2-A1IF 3 3 11.6243164792538 3 10.5892083667707 10.6253508269713 3 7.51356335190531 10.851503946658 9.41787141379928 14.6353732175187 20.1039140694547 17.2945304125688 18.3300494334422 14.8731300107088 17.569033280317
TCGA-BH-A1F8 11.5889426751185 12.4604478978592 3 9.26779105243857 10.0329063727636 3 3 3 11.5372104122771 10.4343763158126 14.5062003822415 21.1164952671085 17.3915842916845 18.4384881002193 15.5816549661539 19.1106598821143
TCGA-B6-A0IE 10.8993087096814 12.183980613424 11.3732257268233 3 10.9208374060581 9.3836210505664 9.34520405781123 3 14.4141638998218 11.3235462709543 15.0693590809607 21.0614942209806 17.8453955370018 17.8341452830692 15.7580777955843 17.9763634731944
TCGA-A8-A09K 11.7358828478976 3 3 13.1344987593131 11.9091207852358 13.2067012025333 13.4895227883781 3 14.7308031780021 14.0089525719271 14.7581221526172 22.1601833814919 18.0427537537485 17.3961381530886 15.7882686482754 18.9475920734618
TCGA-A8-A08S 9.76668626625853 10.052529724164 11.2337910849294 3 10.1998780182127 10.2359627565484 3 3 12.946894187108 11.2868785074891 15.3346816067919 21.3972926935007 17.4348934496439 18.7627851931036 15.3331731536762 18.8877824091088
TCGA-A8-A08G 9.55328858899202 11.8292647860184 10.4368477432946 10.211366678204 8.99726418021207 3 3 9.18369361511866 13.5244296896649 9.8066477324586 13.9643153162582 20.1045659383872 18.1445889492257 18.6202442276436 15.382725900327 18.4347558385701
TCGA-A2-A3XS 3 3 3 9.47025092226909 3 3 10.2338449162596 3 11.3022681164606 10.7158341299615 16.6392055871079 19.0495288094246 17.2306522765568 17.9578923101921 15.4353620356512 18.0139603743541
TCGA-A2-A0CQ 11.8648126076271 12.1524970337924 11.3417834866351 11.5293787053853 3 13.979270567026 12.4677744588238 8.77716332054828 14.1324162054579 11.9948721490752 15.5561916075163 21.119211497647 18.848935326407 18.2958278019263 15.7466895744384 17.9238779835328
TCGA-C8-A12Q 9.67897394142847 3 9.57073478188032 11.3330595959944 10.6934300541325 9.15815397871188 3 3 12.9811657923713 9.16334569892717 13.3327005181903 19.9220588692727 16.868814963585 18.4823496336961 15.8934684340935 19.0507487254872
TCGA-A8-A07Z 3 10.7763921267309 10.3808862397062 11.1503924823324 11.5071410610958 3 9.92754810393857 9.38778305823965 14.4860386514637 11.3268720354261 16.4479977606625 20.9159270923984 19.275786685034 18.8953885305258 14.5611057380143 18.250873644457
TCGA-BH-A18U 10.9202827442413 11.7907833875824 9.81781252095911 9.59309041257928 11.6764294339708 3 3 3 13.5696636959015 9.19006864141204 14.0512366278757 19.8332385724562 17.663128522569 19.6175882777664 16.2407005320645 18.0525581507828
TCGA-BH-A0C3 3 3 3 11.8194798622135 9.60409181835924 10.6328010544727 3 3 11.6636488533208 10.2920904940585 13.9269418875427 18.9662749318534 18.8937613069298 18.1364804206789 15.9895817833231 18.4109618594273
TCGA-AC-A2BM 11.4683792843376 3 9.78314938195309 11.5469543808082 10.9069797886745 9.36987319057104 10.3224753317091 9.52099748156944 13.5577782346724 13.7894531378548 14.168209817583 21.243316642681 20.9486737921494 18.0162518264055 15.7972733253966 18.7573872278584
TCGA-EW-A1IY 9.54854686480977 3 9.44041251997987 3 3 3 3 6.9345667586767 11.5590131750252 11.5653125422871 14.4067906456079 19.2349128850568 17.8247164750814 18.9052573146417 16.8108496758312 18.909311527539
TCGA-A8-A07G 3 10.1294368524994 3 3 3 3 3 3 12.118614322311 12.4810464349895 12.1216881814078 19.1174124812882 17.0929592226554 17.4882580884317 15.969001101221 18.3572445114133
TCGA-A8-A09B 3 10.1529904063816 11.7485833524251 12.3279282759592 3 9.34541003812961 3 8.19834681630666 12.6010287437102 12.2003477326993 16.213358850975 21.0489240707548 17.6033887899225 17.7605668108891 15.498806114185 18.3537620678388
TCGA-BH-A1ET 9.19286376898133 3 3 3 8.63890991988806 3 3 3 8.8976147321252 12.1132954648045 12.1418793601459 20.4773861254566 18.1062701921331 16.9628255548026 16.6383937560933 18.9209224703722
TCGA-A8-A08L 12.0090958278405 9.98405152047922 9.59007077877681 11.3525395958899 11.709434120204 9.17742236928669 3 7.07645467287874 13.1931558167969 10.0665035584863 15.2948251698845 19.9094713880601 16.9791670962923 19.861400478598 15.0419185247817 18.2218267238786
TCGA-AR-A24P 9.60516234315606 11.4675553719101 9.49698133553915 12.9559137366663 9.04888005970062 9.08466685507979 3 7.94191939978739 13.6133190211013 12.8173505981106 13.0174077322209 20.0694303121654 19.2018289940198 18.3700809930472 16.4266266188524 18.972976794142
TCGA-AR-A2LH 11.489506191174 3 10.3847974680401 10.1593684490738 3 3 9.93145062788062 7.84067080435414 13.186927858813 9.75476598087779 13.7745553781125 20.2481616911562 17.8656866247157 18.9916823855051 15.85247513296 18.1345307023931
TCGA-A1-A0SP 3 12.2447333640622 3 3 3 3 3 3 9.6685635417864 11.8376138425406 15.1302004209195 17.4998712384755 19.2545015821557 19.6435217123333 15.1307086465931 18.4398734951376
TCGA-AO-A0JL 12.2962548344701 11.0028760866609 3 11.3770957426562 10.1558047933816 10.1918819609293 3 11.3393212690552 8.44275587203712 8.414128600956 17.6977347996308 19.7227736445948 17.6343023076233 18.9182229298836 15.448070532766 17.9337241415998
TCGA-AR-A2LE 10.3718969366903 3 3 3 9.8127076517628 3 3 3 11.068747041728 14.7893510482338 13.9151873161175 19.7550083803857 17.6266494351844 17.243078805992 16.5043991860775 18.9336554784827
TCGA-E2-A1IU 3 10.4019430835548 3 3 3 10.5856573145875 3 8.44263823963953 10.3988819177828 11.7336271205496 13.7727238924775 19.9650012854325 19.2545786837134 17.5278620750396 15.3573304187733 18.7032785872981
TCGA-BH-A18H 11.4832331858268 3 3 3 3 3 3 7.83460025495592 12.7660195195217 12.9844061933862 14.9694346773303 20.5291672638624 17.1164016398405 18.7102439117075 15.2805868171342 18.0614943534306
TCGA-BH-A18P 3 3 3 9.66689654791933 3 3 3 7.36459912589033 11.3938122091976 9.00434823830265 14.9999370103296 19.3494855070886 17.4979633819974 18.997104642828 15.2410848022828 19.0740632177589
TCGA-BH-A0BP 3 11.725858152071 3 3 9.88313193051517 9.91915674756812 3 3 13.4573593522294 9.12590452771304 15.1557222959077 21.3658270189972 17.8901503499544 17.5352133864004 14.9643006215407 18.6112254349175
TCGA-A8-A06Z 10.4387437156003 3 3 9.11512304169684 8.89156885531151 9.91539059958079 10.4576929196961 9.33725705209633 13.5578293694585 9.57593323539829 14.2552923181026 20.2734954766491 17.2507248170092 18.7639713875485 14.2841407224283 18.6042928474303
TCGA-A8-A07L 9.91287511778069 12.5130014711945 3 10.5722073256275 9.3552391249493 10.3825093814194 9.35271018459334 7.28097697938968 9.93482401469607 11.1005753036993 15.3592970382223 18.8752188409165 16.7335724531099 19.5840226031593 13.7992918332994 18.5359379116688
TCGA-B6-A0IH 3 3 3 12.6562798413429 3 3 3 3 9.70483636854921 11.3290900639188 13.1806895837833 18.8920904037284 17.4139470018221 15.9470743280636 16.1784791445472 18.5114708571179
TCGA-A8-A09D 11.0882253213935 11.3755099063596 3 3 9.53521024343661 9.57115215270973 3 7.45421354750392 10.7896523066234 10.5687833585381 14.6346475092762 20.7819906854418 15.9778180717309 19.1008075907838 15.1528041382961 18.4476194524261
TCGA-GM-A2D9 10.961000800369 11.2481968148887 11.848983913654 3 11.3961440103618 11.4323662909413 3 8.29632368332298 11.8285042143025 9.95966001191346 15.3141168354788 21.0888040135408 16.3053679836224 17.5380117436663 14.9506341764206 17.9892031900918
TCGA-AO-A03V 11.6023403063818 10.3110199613455 3 3 9.46672160586064 10.4946674471807 10.4559969787783 8.35332675292985 10.3079599812782 9.50785205745868 14.228506752276 19.515960872353 17.6497563397127 18.3307276332478 14.5587285432776 18.64333011853
TCGA-A2-A0SU 11.2549638768896 3 3 11.5029324363262 3 9.73680890866155 3 7.61430768686423 11.6544610782101 9.74202494630982 14.2171565154349 21.6193283420435 19.3479896547925 18.0536151867141 14.8722655453723 18.8633618236223
TCGA-BH-A0BQ 3 3 10.2652145330673 3 3 15.0084130159827 9.81214476234759 3 14.0883865701321 9.37545860420826 14.791308540771 20.8535175769544 18.1159582928796 17.3763649255291 15.6030072233828 18.0593128340981
TCGA-A2-A1FW 12.6425172561993 3 10.5391411327693 9.32260397976932 11.0826985676321 10.7055863740982 10.0854689420153 7.03542549790824 15.7161680059382 11.6371624891629 16.7670027859382 20.4843392704882 16.9362034105942 19.3414445021073 16.4916489761586 19.3272073432656
TCGA-A2-A3XZ 13.1566740745437 11.1268967644567 12.31136919402 9.5131181385495 3 3 9.28618290795399 9.15776744596638 13.9267433534278 9.11037371236801 16.3848957827648 20.1603593253419 16.9452358741859 18.5506785664726 15.637015789481 17.2089856206309
TCGA-A2-A0EM 3 10.2460391617515 3 3 3 9.43798030680043 3 3 12.1105059532364 12.0481467587028 13.9153229969375 19.6445650884302 18.5385597707464 17.9861755936848 15.6086375450713 18.7365251355721
TCGA-LL-A5YO 12.1339830019855 12.4217628497788 12.0248377854848 3 3 3 3 7.89954981587813 11.2513955244586 11.1293974844072 17.5462505277727 20.3185779058473 16.911056599758 19.0266125828668 16.0499946901546 17.5063635266422
TCGA-A7-A0CH 3 11.5010571126951 11.1047277144115 3 10.6526681367864 3 3 3 12.9105275155914 13.5245558194657 15.1296598037606 21.8889420238036 17.1822025998407 17.516875661496 16.2533900147546 18.7128228654061
TCGA-3C-AALJ 3 3 3 12.005850404772 3 3 3 10.9709131603446 13.2885717262319 11.8207314866793 14.4760356299688 20.0893899755281 17.7804045686962 18.8325277895515 15.1608809577383 17.5165756346069
TCGA-A2-A0ET 3 3 3 11.2542059523352 11.0279132255387 9.08018637607858 3 6.98384773961852 12.8110909064529 10.9064958662511 12.8755006446374 21.1761392661964 18.2826407715104 18.5534333830874 15.9337710648524 19.3226559328936
TCGA-A8-A076 11.6513411764412 3 11.5422762780726 3 10.6764369006849 11.1259073007137 3 7.99756694356666 12.7419549373304 10.7846332182637 15.7017449198527 19.9863819127435 17.3213608733239 19.1560211605064 15.8344061319651 17.7380292744288
TCGA-B6-A0IK 3 3 3 3 11.7076305530233 10.1656256924904 11.7050764419521 8.03129841709339 13.084529180032 7.42235600375516 14.8191982462285 21.5004892661713 16.7659417151121 19.5236815519857 15.1549610652647 19.0327168776784
TCGA-BH-A0BL 11.6137917485461 12.2226941605045 3 9.29238368823988 9.06842020990361 3 9.06589815380313 7.00670399628175 9.64670633187164 10.1977511448612 15.1313316873597 17.9697408888509 17.7492708934005 19.1087887184413 15.7818117993122 18.7932591261421
TCGA-A2-A0D3 3 3 3 11.4827132109905 3 3 10.2584695549261 3 12.6044409291602 10.4938419628505 15.1034933488402 20.2623381471056 18.0144571451933 16.1691089947564 15.9516730780732 18.6190470771437
TCGA-A2-A4S1 3 13.1364867055995 11.1577103813699 3 3 10.7417379046948 3 10.1610117185183 9.97372415714455 9.53351304877137 14.8136771694952 19.5368972121308 15.6920538316053 17.3261813511085 15.6403130772648 17.3738113272125
TCGA-AC-A3TM 10.3404050792815 3 10.2317584655665 3 3 11.8076834160891 12.3527420013267 8.66414667885867 14.3176460340328 11.0951191085186 17.9271952024967 21.8692205640694 17.9681023131576 18.0718648873752 14.3905419214725 17.0501093299903
TCGA-AN-A0XP 9.86849992714691 10.1545071490961 9.76012438272422 11.8449232576372 3 3 3 3 13.7665849457778 12.0532754820152 15.4950922599375 20.7828264641534 17.6094267926354 17.2610866165144 15.7477289493076 18.6074535000197
TCGA-A7-A4SB 3 3 3 11.255785505635 3 3 3 3 3 13.7825801863781 14.1392228895693 18.6382278941453 17.529395347196 18.1896910418734 14.3062523115273 18.3975802604805
TCGA-BH-A28O 3 3 3 9.58015828357877 3 3 3 7.28135086756198 9.61623103445586 12.8405028507377 13.328117840818 18.6313297241822 17.6103667940897 16.1479530092845 15.9772193912214 18.2325769014042
TCGA-E9-A22B 11.7647838028454 3 3 3 11.7863530477621 11.8226005657476 10.7870682175212 8.67880368193358 12.7113158433367 12.1353658884038 15.3130261650063 21.400738978188 16.9358542731989 17.9106907915145 14.7018653911738 18.3559638074274
TCGA-A8-A0A6 3 3 3 10.159172831944 3 3 3 7.84048068445089 10.9985000361532 11.2483996466223 13.6224469212375 19.2997631495801 17.4159256792437 17.4341801239253 16.2953415758154 18.8063570955624
TCGA-AR-A1AU 11.9761864326377 3 3 3 11.7352923129173 9.46275375442395 10.415887902485 7.34980327131479 13.7828655463673 11.8567827334333 14.0277898062633 21.5109540916148 18.3154171845627 17.8519262091433 15.6268595482719 18.6941245905619
TCGA-C8-A8HP 15.228494636043 12.5797260618364 11.5990100430755 10.377090916151 10.1514716389245 10.1875480495774 10.1489294227995 8.05270331265324 13.312860348334 10.1927773104016 13.9935847422462 21.1011245076286 16.8953778755582 18.8426016977874 15.2121061867117 16.7138956282282
TCGA-A8-A075 9.98105950014754 3 9.87261103669396 3 10.9968714793822 9.45907117288772 3 8.31035399655939 12.4791749018676 9.46427674885237 13.7441072540397 19.587125726545 17.4547795805585 19.3628714236184 16.0571948017915 17.7343083188415
TCGA-A2-A0D0 10.2467681282953 10.5332917709077 3 3 9.68795468446182 9.72393546367355 3 3 7.98377100527205 10.2396388356166 14.7889248181066 17.1042426874151 18.1967623783862 19.1604437543575 15.0262625559472 19.1064068781342
TCGA-BH-A0DS 16.2495762527074 10.6621701542249 3 10.0415321522417 10.8098848244525 16.1067200132845 11.8041120606409 7.72628058723515 14.7678416291833 10.2173328716649 14.9773159719983 21.4786646830112 17.3529860037846 17.1442334148592 15.2704790828539 17.9497872789699
TCGA-A2-A04Y 3 13.5707841380752 9.60220689406611 3 3 9.18951651081102 9.1511674828525 8.04494092727838 12.5280693113581 10.8332944328021 14.5703097947061 18.5235041110046 18.8451191795844 18.7200621110604 15.7860734990608 18.2764658401315
TCGA-A7-A26G 3 9.772773063546 10.3706700349872 9.15541114502096 3 8.96750043233254 3 7.8269562917584 11.3458429018486 10.9030961223742 13.2461338804126 19.1778761266857 18.2946580600388 18.0091818670343 17.1472443275453 18.8722749312058
TCGA-AC-A23H 10.6731381788398 10.9601024497048 9.57194936744814 3 10.694651619735 11.4650536205561 10.6921037486664 3 14.8744342808371 7.96873365836654 16.3049370447281 21.9624565804838 16.2321777303789 19.2564970363153 15.5143348435496 17.8164058554575
TCGA-AR-A5QQ 12.4623403137443 11.7518890833947 11.3553582044722 3 3 9.94503508154035 3 3 12.8624871137947 8.74333731781336 15.1273727922934 20.200411620534 17.2834761656866 19.2269522105879 15.1910928346808 17.5803277902295
TCGA-BH-A0E0 3 3 3 3 3 11.2829226667564 10.2489104914799 8.15043712369724 13.1506274165451 9.08260245127726 16.3864598390959 19.7029615237848 17.4883909059838 19.0140126786484 15.2291595504379 18.4890354707087
TCGA-E2-A1IN 3 9.80948719962593 10.4074976844219 3 8.96820883547182 3 8.96568952594007 3 11.9663001934449 10.6458706851986 13.723420313503 20.8726776116279 17.7551970031675 18.3652151080482 15.1668342026626 18.2503055392615
TCGA-E2-A1IO 3 3 3 9.59571739582671 3 3 9.36863077592894 7.2962690333309 10.4329007035678 11.1778175770179 14.131856626656 17.3848327381646 17.2952470148456 17.0058330913543 16.201945077041 18.671278457478
TCGA-BH-A0C1 3 10.1310530623935 3 11.0865127870465 3 3 9.28519310503741 7.21620068142657 9.54818104737548 11.4616684593612 14.1917300810905 20.1105624255465 17.4511083259872 18.8643177862002 15.8770882869885 18.718923826373
TCGA-E2-A106 10.9880195794702 3 3 9.66041323405158 12.2287434586815 9.47165886677852 9.43321393538581 8.32276629438799 14.9117220977157 8.27590895494831 14.7564146988036 22.1922001341543 19.4743766043325 17.7549112242127 14.563864800568 18.2571136371866
TCGA-AR-A5QN 11.2663526376781 3 3 11.9283778568797 3 3 10.7026972272343 8.0256179255696 10.3855538295512 10.6765893079347 14.6878453904775 20.4697760753585 17.6249182754587 17.0028023896303 15.1771212480545 17.9564707905354
TCGA-AR-A254 9.58527906422337 3 10.4689941530007 3 3 3 3 3 11.9172220267906 11.2458311998992 14.7068490239794 18.9954889722955 17.089915341641 19.0343607669685 16.2788420263201 18.2566910691389
TCGA-B6-A0RU 9.96623797554984 10.2523918828788 12.8468737580145 3 11.7166711295847 9.44430146628886 3 3 10.4703698965865 10.8796154155108 13.9217144474436 20.4457704490525 18.8622749836867 20.0034338498651 14.809916801423 19.1314366653325
TCGA-A2-A3XY 12.2723086611571 11.3402845329509 3 3 3 3 3 9.36907761168649 10.1728550313627 10.312543361276 16.0584613807275 18.8292409319695 16.9550443699572 18.5544782683704 15.713453280418 17.168439027086
TCGA-BH-A0AV 3 11.1524840993594 3 9.53851784353599 10.3049684291476 9.34994098100269 3 3 9.16457881387438 11.0590368517915 13.8262715968778 18.3399631124148 16.8428328909987 19.2263292229064 15.5151637362005 19.0120824453678
TCGA-A1-A0SG 12.5456444898768 11.8351201388636 13.0207173568043 9.63707264506291 3 10.4400670482558 10.4014050087779 3 11.3637792578306 12.6314656019882 15.210773757159 21.3921710554217 18.1619508741955 17.5517858067079 15.5114802885833 18.1644946349409
TCGA-AC-A5EH 3 3 3 3 9.61965709814955 3 10.609755750149 7.53576892337181 11.0438601722611 12.8630679794515 14.7788386305226 18.5268734536567 16.8098121902523 18.2520577812617 15.2189337019827 17.6158999494488
TCGA-C8-A138 14.9734935504613 10.6834525339076 3 10.06275818652 12.6340001256441 12.4481864009514 12.1467436806855 9.29555511188704 13.6128588462185 9.6583835691244 15.6766375957626 20.0632672306801 16.1599963766212 19.2544818653698 15.2827824223146 18.0574800745985
TCGA-AR-A251 11.9187581513337 10.2137707390549 3 11.7528014670542 10.6814035806338 3 8.38481871176222 9.40674024170926 13.3175478443992 10.1816041430151 14.2402394600493 22.2036032694597 18.6138587602359 17.8293159210395 16.5624611164874 18.1488880215445
TCGA-A2-A0EX 3 3 3 9.94209476210501 3 3 3 3 9.97825099744805 13.088528048364 13.555763794562 20.1735171643892 17.209544623466 17.0994800019756 15.6371569315365 18.5282755295036
TCGA-AC-A62X 10.230711254287 3 3 11.4738538965819 9.67194843491101 3 9.66941332535943 8.55600594860775 11.7320286778509 8.50896640927578 16.0702014563732 21.8460210064086 18.0001764257128 18.8985362702068 13.8111481142911 18.5675335745885
TCGA-GM-A2DI 3 3 3 3 10.5537415452857 3 10.5511949432954 3 9.82239390010617 10.5951174036951 14.5356210867119 20.5105193467843 17.8460955717156 18.1656036901538 17.2280665107907 18.6183712739155
TCGA-D8-A1J9 13.2528516611332 9.74606209005488 10.9258738567355 3 3 8.94097543946498 8.90272790897528 3 12.6381816542119 9.93440783914695 15.4108956929079 18.6896672937529 16.6837625423315 18.8369236100301 14.6784543090725 18.2781800995152
TCGA-A2-A0EU 3 3 10.9423668929972 3 3 9.53446987437541 3 3 10.5610550085457 13.3902330913979 11.6008371930888 18.8164725426701 19.1897499322332 18.0872008521068 15.1788626881326 18.9275890840205
TCGA-BH-AB28 10.1143818222356 10.4007399281829 3 11.3570554180403 9.55600303286361 3 3 3 8.82972683117366 11.4793152159735 15.0247915608321 16.4414109756088 17.3376130031971 17.6451058266056 15.6743697336739 18.5478912988843
TCGA-AN-A0AS 11.3086721659941 10.5998162123778 3 12.5547510807382 3 11.7803845925963 9.75166147284874 3 13.1754910713341 11.4386059616481 16.1285739102336 21.2074583869637 17.4792243931975 17.8924282596015 15.2355297592087 18.4598755381028
TCGA-A1-A0SI 3 10.9375976796881 11.124250919113 3 10.0907351496251 3 3 3 12.5155565564374 10.0259041801958 14.8580891091526 19.2291804264758 16.9437511589126 19.3376293060158 15.8017720920981 18.4654984699549
TCGA-BH-A0B9 10.2606767746022 3 10.7336473410518 3 8.71561259183471 3 3 10.2650240672662 10.6590365393611 10.0207492538116 14.4659925317072 17.1224707575461 18.310266612853 18.933680204232 15.7984024635983 18.673731868091
TCGA-A7-A5ZV 3 11.138562340449 3 11.5128977913761 11.2864729015341 3 10.2885422315281 12.1516637017616 11.5492482282138 12.8395875918701 15.7186103422635 19.7715830431428 17.159107400044 18.2731652010296 14.8952002686077 18.5008984607264
TCGA-BH-A0HP 3 11.0591882822758 3 11.4334573216386 9.22164276374088 9.25749073571589 3 3 9.48195844921688 11.9628754598583 14.3762400437837 20.137363671937 17.5411983348807 18.1615212260065 15.1314449085665 18.6996915734375
TCGA-B6-A408 9.84396514164419 3 11.7254168504233 11.0853897808592 11.2726803333376 11.3088930987412 9.28408040892688 7.2151341923493 13.3655387695973 10.7568599620636 16.2735477263459 20.7703837126802 16.8319885371446 17.5395635341561 15.7008271213045 18.1109048241322
TCGA-A7-A3IY 12.2223107240718 13.3572354881045 12.1131535014011 3 12.3368540538258 3 10.3409871418656 3 13.4571759221294 11.3805508125778 15.4191344078979 21.8073165190903 20.7026088404721 17.9003327065548 15.6053044287866 18.3148789880864
TCGA-E2-A570 11.3387741469061 3 11.8131372621197 10.0093075336875 3 9.82012057680497 3 3 13.7358002201533 8.61981018774895 16.0012437277421 20.657846812632 17.9687661414022 17.7944499888752 15.263296264642 18.4102119238911
TCGA-A1-A0SD 3 3 3 11.4808630034658 9.26855692949081 3 3 9.1376389875148 11.7645168710818 10.8824048886959 14.364891602697 21.0424263760739 17.1351052674116 17.6897481693924 15.4026027353358 18.7228705588862
TCGA-S3-AA14 10.5931045716084 3 3 11.8374872028022 3 3 3 8.9136821829142 11.0984448342549 13.6149808608367 15.3071024977991 19.9497240217249 17.2507427162609 18.5147401134105 15.968023328027 18.0723241460833
TCGA-A2-A4RX 10.7306013961332 12.0148294404974 3 3 3 3 3 3 10.7526291589334 13.1772942776233 13.2762360418062 19.0874126073167 17.8518063066132 19.1380694732409 16.4851597252547 18.6962899759592
TCGA-Z7-A8R6 9.97057322892877 12.5710947751337 11.8528002360113 9.63734341982122 9.4127138865307 3 3 7.33621254864712 10.8354820057564 11.1585389143854 16.3517434520879 18.9036014209895 18.4651163169684 20.5231164349552 13.9439735653548 17.7022780560314
TCGA-A2-A0EW 3 3 3 10.5404169743906 9.3236736578999 3 3 3 8.59916830540194 13.0169141246351 13.1584002228964 18.6964906612662 17.3939021151868 16.7176766183823 15.8552483323765 18.7672046740212
TCGA-C8-A12W 13.5684333442517 10.541564186846 11.7245844603918 3 10.6892181178451 9.73217419258443 10.6866702934505 3 15.8707630646177 10.2479011450321 15.5696610740067 20.7659079680064 16.8653149311331 19.6596036733802 15.7882357673017 18.6110710255483
TCGA-A2-A0CV 9.61526266940057 3 3 3 9.05893123950389 3 10.0455296537509 7.95179331552689 13.7444591313767 7.90529380280077 14.3746865799733 21.2350912462922 18.8595286480517 16.2810085063619 15.6551533795262 18.539848281129
TCGA-A8-A09E 11.6727583472995 3 3 12.3352081982336 9.53653775337308 9.57248001850605 11.1085511939297 9.40531448530345 12.179267465162 10.570118266185 17.3174303871905 21.6309522401764 17.8340674996064 18.8320388507125 14.4545453115244 18.4107798465739
TCGA-AR-A24N 12.2193470103439 3 11.1127983817573 9.31396468270087 3 10.6968794777464 10.0767846201856 3 14.6087516484731 11.1154239315003 15.2132927106885 19.3342177074524 21.3964509049834 19.0209627592923 16.4243323767116 18.7309359637807
TCGA-BH-A0HA 12.3031033716326 12.5909346762456 10.2013069449525 3 9.75093136036818 12.0983651394236 9.74839491198316 7.66286103867098 12.6466779780952 8.99452021261549 15.9111781138419 20.8668829530571 18.1546290740609 17.9908109872277 15.121548748328 18.1398283135778
TCGA-A2-A0YC 9.61779906834726 10.8973427182477 11.0839756675153 3 9.06145535046643 10.6680920322631 9.05893347914946 3 12.6625701857783 11.3657720765447 15.7394867335769 21.1002025148965 19.6132503754572 17.6862966991866 15.9093667485792 18.7571395899153
TCGA-OL-A5RZ 3 11.8446347816069 3 3 3 3 3 10.6716325611576 9.85096591201017 11.0370017167358 16.9290485483171 20.5812933158443 17.4785611939019 18.7251923151755 14.187470233298 17.8730784681982
TCGA-A2-A0CR 12.5735542628159 12.1255242481572 3 3 3 3 3 7.61382617554348 10.9557573390811 9.74152762630321 17.5824293975887 19.4918117255189 17.4150983841397 17.9345884355655 14.9363120840864 17.4088186344546
TCGA-OL-A5RX 10.1294750847702 3 10.0209387670633 11.3722117026187 3 3 9.56851142059601 9.0302776545228 10.6339739194863 10.498469921705 14.1735389756028 20.0271220729619 18.5310467001415 16.6291622950007 15.7213528114205 18.1843014908402
TCGA-AC-A3TN 11.6118649329603 11.3159892076928 10.9198325862611 9.70089893918553 3 9.51208885285435 9.47363165113463 8.93587002106357 12.8542556845432 12.3110881907905 16.544236601049 20.539294983615 17.1923440531834 16.7812413709315 14.4655287608757 17.4464256716393
TCGA-AQ-A04H 10.6985809994324 10.9855676679742 10.5897803481133 10.9461974114197 10.1385508137221 3 3 8.61035600888784 12.9478726386345 15.10093521366 14.3023636774596 20.8203767084994 16.7955556065907 19.1021217509612 15.5577425235963 18.9972761710941
TCGA-AC-A6IX 9.94050083686591 3 3 11.1823985573273 10.3740862234394 3 3 8.84296159889107 11.5396828448309 10.0698128074724 14.2175580810761 20.3047672580446 16.077531143568 17.5107314119598 15.2656358651796 17.9521713014762
TCGA-AR-A0U2 9.72831357889037 11.591594497592 9.62003717266351 11.7037887155442 9.1714548078801 3 9.1689301198685 3 13.9233831547207 11.2970224589357 14.8512747814593 19.4196633757685 17.2652243806534 19.9133393881934 16.2826693968513 18.8788454820253
TCGA-AC-A3W6 3 3 3 3 3 3 3 8.47677241069321 11.0157833676751 10.4044687039125 15.4285769751859 18.8615871711138 16.4888978571634 18.3114984916448 15.495126105051 17.5252311134618
TCGA-A2-A0ES 12.2681909453242 3 3 3 3 10.4253237852914 3 7.3218613530447 7.70069748603002 13.7552027396046 12.2345630878996 19.2081465574223 18.4869547980039 16.8718712228501 16.1590019391942 18.7948898189761
TCGA-AO-A03U 3 11.0312226788387 9.64261696479058 9.41817562736986 9.19395067708768 3 3 8.08454555154062 9.77283724832069 10.8071210050264 13.5121123036019 18.1100684805935 18.1841381472482 17.4586324723048 16.1266187459424 18.5532486594307
TCGA-AN-A0AL 11.1348601267744 11.4221752693945 10.0314414183991 3 10.5739659155536 9.61747177697336 9.57898416188535 3 12.8758518742612 11.5593305599309 15.7686673422233 18.2343168455022 18.2418087718913 19.1106589764241 15.6575453458992 18.0075001289503
TCGA-AR-A1AP 3 10.5611110796476 10.1659406878894 3 3 3 3 7.62867241227654 9.97690820624885 10.1164613628139 14.8757635288332 16.2695225599769 17.280080376891 17.848007330427 15.0631062964272 18.4542464657401
TCGA-AC-A4ZE 10.847302091843 10.1395371424349 9.74518781598717 13.0910636490405 12.9795492341352 10.3230466924779 3 8.18516861379823 12.0034721628735 13.621359582069 14.6151555069414 20.2825290437321 16.9821406894494 18.271633614606 15.0432987510716 18.5864450166182
TCGA-E2-A15C 3 3 10.947148875598 3 9.5032863810417 3 9.50075438806741 3 11.2151362796733 13.0627333989823 13.3399970661536 20.9127953665434 18.0587875477762 17.2517133807065 16.2154424304249 18.5689930965817
TCGA-B6-A1KI 3 3 3 10.8470644250699 3 10.6571806999052 3 3 11.5440692388248 11.8207466041114 13.3668332024628 20.4711237618027 17.2161927240962 16.9294494871717 15.6526680685709 18.4892601655539
TCGA-AR-A24T 3 10.052529724164 3 10.4255461126397 9.20965764941622 3 9.20713203233828 3 11.2656290297354 12.4263691220785 14.1797461134961 20.8075359506368 17.969710522336 17.1936410571494 16.1017097289697 18.8240332219478
TCGA-AN-A0XR 11.196774097902 10.4881516984787 3 9.86800687705463 11.2183195410387 11.2545278516891 11.6295917228442 3 15.05226284697 10.570791898478 17.1916656837782 21.2702884899278 18.4961878773682 19.2537182689963 15.2595138888249 18.3824998012199
TCGA-AC-A62Y 10.1306894941585 10.4170688221118 3 10.7906421721904 3 3 10.5621077873361 3 13.9911946676484 9.97271016294642 15.7307429884097 21.1093717623911 19.4045620940304 18.0021711083904 15.5424375395335 18.3276888078495
TCGA-A2-A1FV 12.636395120654 9.93466789115958 3 11.6239250140904 13.826919289291 11.1127872802208 11.6572175188845 7.98481357377059 14.4121294275094 11.1684806093709 13.7716486222555 22.7002369952741 17.7741298387932 18.0873885064271 15.7233123183934 19.6460950811675
TCGA-B6-A0RT 3 3 10.6116514385247 3 10.7419771510902 3 3 8.06140540516012 11.8093435563493 11.3888094678586 14.8897540840441 18.9938206774869 17.1182568110278 19.2743048943635 17.2088862469057 19.5031491966034
TCGA-AN-A0FN 10.8288498171112 3 3 3 9.27786042570411 9.31372677571949 3 3 9.85712006957102 10.3098619790326 13.8770375001104 18.3805182108188 17.1103918717262 17.9695827669457 16.0570144079676 18.2895973118379
TCGA-A2-A25C 11.1723162713631 10.4637473726679 3 10.837382392922 8.63332467410676 10.6475046287523 10.6088121936657 7.53486141061753 12.7271937451554 9.3158577335699 13.5269189634772 21.5094910017334 18.1942017826888 19.3028504422858 16.0270143703821 18.9282814626172
TCGA-BH-A1FG 12.3260960223499 11.8781951938065 9.90466263968974 3 9.45511238646944 11.0652621729865 10.4443216078446 8.34187261904234 12.1640702188554 12.696920813433 14.7760017026774 21.5350016024528 18.5201345812279 17.1420902594129 15.6744124071976 18.3598883241217
TCGA-BH-A18M 10.9539532170699 10.2459043049468 3 9.62655267349572 3 3 3 8.28942813224553 9.9817145406729 11.5298176868822 14.0026062099376 19.1967226890822 18.74988579391 18.4539127733657 15.4934901816443 18.5586829059962
TCGA-AR-A24M 9.45078946255656 9.73604445666022 3 3 3 9.91915674756812 3 6.84239268047958 14.2948504589836 11.4667326008473 14.2590883340486 19.9603814937985 19.3760297300307 18.2979327309209 16.3481971413773 19.267314035063
TCGA-A2-A04T 3 11.7542087474129 11.3576761637519 9.55681646986771 10.3233485455657 3 9.32980007109457 3 11.4887715856614 11.4107778812388 13.0152928352377 19.8315562545362 19.5040444462318 19.9492529150397 15.1516972105179 18.7059110402268
TCGA-D8-A1XM 9.44123619572103 11.3023224214588 3 3 11.1880769856886 10.9035601774417 8.88328442400502 7.78189280294332 14.3541105817717 9.57012830751417 13.2988907624044 21.161082084955 18.3404640628968 18.3433887623685 16.4235957864703 18.7661379160599
TCGA-A2-A0YI 9.65553203798419 9.94118298103277 3 9.32303734023107 9.09900803317505 9.13481334009859 3 3 10.5191641879912 12.6176634946988 13.4158781537809 21.0965654563361 17.7347974248005 17.1807194466472 16.1299496636886 18.6694906700576
TCGA-BH-A0HY 3 3 3 9.72575825793261 13.2934696244942 3 10.4904496080922 3 13.3643164152245 7.77296100279427 15.0149741088257 20.8117392323984 17.3513187553699 18.6630888049602 14.7810635418374 17.3869461756126
TCGA-A2-A04X 9.91170309228762 11.1928544168779 3 3 3 11.6980615038496 9.35154281419367 8.24223501094502 12.4093518596723 10.8248703439112 14.258893771233 21.0343020006321 16.6684804398507 19.494032444053 15.3183397314691 17.8780574840201
TCGA-A8-A0A9 9.62554204038404 3 9.51734467855762 10.2838979156958 3 9.10495530557614 10.0558362446309 7.00740916482189 11.2227871896022 10.8728818128848 16.0530763517224 18.2111080740776 18.4198656946254 19.0786778594387 15.2795506059618 18.219705235326
TCGA-AN-A0XN 12.0158824934865 3 12.3210403515623 3 3 3 3 7.78535515450265 11.4543803686282 11.1042777405608 15.1496523103389 19.3893261917966 18.5893175173413 17.2925469178036 16.7929348488987 18.9563319157263
TCGA-D8-A1JF 13.7542389827129 11.5430211384417 9.57183890741664 9.34752101296456 9.12344012066618 3 3 3 12.725400983239 9.67297241247567 12.9556392077856 21.4453001529885 17.666955506676 17.1575549531885 16.8431685777685 19.2768321607863
TCGA-GM-A2DK 3 3 11.2066255480724 3 3 9.79709777084485 3 9.62966086572568 10.3421312642045 10.4496843838608 15.8011621062407 18.6525279651138 18.0693875335296 17.1999663822638 14.7578322971946 17.9544328541796
TCGA-GM-A2DH 10.3906392931725 9.68435729004754 3 10.6379938014533 11.991434516379 3 9.82885872064764 6.79390704169205 11.5455171358785 10.5202233523414 15.4146864263505 17.8273485947409 18.1927152536724 19.7886148206716 16.1942720548505 18.9941989628577
TCGA-BH-A0BO 9.79433520509671 3 3 3 3 9.27304009155587 3 3 10.2980329986535 11.6651851190141 14.2076369541188 20.272853990626 17.9462487181676 17.4543401187476 15.9099617560411 18.4084075504168
TCGA-B6-A0WX 12.5976484780114 10.3081995770482 3 10.6816210852595 3 3 3 3 11.6215838898489 10.4970810417235 15.9773184968975 20.5646648737001 17.6033905657309 17.7778611065014 15.8427143982931 18.3109654902717
TCGA-A1-A0SF 3 3 3 3 3 3 3 3 9.89905647521258 10.5656847991822 14.6770340439329 17.8312947180547 17.2305202047118 18.3090341426692 15.1366006772706 18.3750659751205
TCGA-A2-A0CT 3 10.5043868341113 3 10.8780739428023 13.6457311322194 11.2708002511133 3 7.57398984371442 12.9972524371605 10.7924821632186 13.3455253839055 22.3594878804328 16.2113916087495 18.1292176000247 14.5664621692176 19.2816942082727
TCGA-A2-A04Q 3 10.3320661640238 3 3 9.48766248781464 9.52359143275786 9.48513080240741 7.40836716725206 12.5948904962116 10.5209660727903 13.8093155942096 19.9130235193722 17.5586692334838 19.2096585775991 15.8619637278597 18.2647113488123
TCGA-C8-A3M7 9.78085866014225 3 3 3 3 10.2501714475157 3 8.11389014303918 9.07441356237857 10.6934878558119 14.1269582135448 20.1352841464752 16.5678393630825 18.2516645342739 16.0361524127283 18.3732525801401
TCGA-AO-A0JG 10.6734714901334 3 3 11.3346171989636 13.3520750258243 10.1495690951676 11.6889455523125 8.99315231564256 12.4978700936126 10.5927032274191 15.4909357347587 21.9467837787248 17.5488707005951 16.9839822326692 15.9804716822011 18.9335537776681
TCGA-BH-A0BC 3 3 3 3 9.15921151640324 3 3 8.05036993501438 9.41938413294082 10.2892648604038 16.0781007447288 19.0211400484331 17.8337096020632 18.8321166236911 14.6410412279291 18.3090076003043
TCGA-B6-A0IQ 10.6471584234831 9.93998630698108 10.5383776075964 10.8947348978291 9.09781914550647 3 9.09529631917993 9.2844358235719 12.6638542400662 10.3198965973405 16.1142176577194 18.6752497561129 17.8624402630713 20.4775096094257 15.0758393875907 18.7603065670062
TCGA-A2-A0EN 3 3 3 10.4552130873195 9.23909733536048 10.2656056036336 3 7.16962992148676 9.8181873403671 12.777682220393 13.2101812199798 19.106763448621 16.9019805213226 17.5412036404254 15.9189204575512 17.9623407646568
TCGA-AC-A2FO 3 3 3 9.64059676779561 10.4074889703022 10.4436064189894 10.9870659828667 8.87598580453477 10.6696164833764 10.2278247199826 14.7364048199877 21.0790963760121 16.6745755511748 17.2550152296518 15.7547578794062 18.417028572934
TCGA-BH-A0B5 10.7752379420429 10.067677066453 3 12.4344779236585 9.22471422128306 3 3 3 11.174282981439 11.0886979518308 13.0582360220678 19.0968080876664 18.5420622263066 19.6830842642985 15.6461045327903 18.6340764746639
TCGA-5L-AAT0 3 3 3 3 3 3 3 3 12.4605757224716 12.3883045109024 14.2227438537327 20.7870544034481 16.7700815907942 17.8216891874191 15.7435748406505 17.8870365310967
TCGA-A7-A4SC 3 3 3 12.5723474361392 3 3 3 3 11.4590026817936 13.4064746903877 14.3589901449639 18.9241776179718 17.0687684549757 16.5818866020068 15.9923483279253 18.00404666163
TCGA-AC-A3BB 9.95384735771592 3 10.8391294192434 10.6133035646209 3 9.43195457665323 3 7.32019085477123 12.5984243643076 12.4976980304175 15.9310321475491 21.1498118928583 17.1636048639341 17.5980654735602 15.576498215525 17.6775626274109
TCGA-AR-A1AY 9.95036517238793 13.0356272397618 12.1537679898161 10.6098109775452 12.3774789483965 3 3 7.3168562592127 11.3437425844149 12.8399411605468 14.1535300305676 18.4268140470477 18.5525698556959 19.5716366802112 15.8256985613676 18.6164967114438
TCGA-A8-A06Q 3 3 3 3 12.0894090803716 8.97626201721431 10.5071875754669 6.88521002312021 10.8869278218865 11.7690928647445 13.354486976044 19.3974022327375 17.8542073264761 19.2622116341831 14.8873798403048 18.6863643050701
TCGA-A2-A0T0 10.8543465891404 3 3 3 9.30314168187541 3 3 3 10.1435045947824 9.12478054234771 15.4585282892264 19.1540532760855 16.752874822994 18.1228064958126 14.75356379197 18.9809503177272
TCGA-A7-A4SA 10.5362706783042 11.8199185856408 3 3 3 3 3 3 10.2382677376641 12.4867873557979 15.6649417431978 18.3654817483707 16.7686344909565 18.4420023978478 15.8579750918178 17.746463472426
TCGA-A2-A3KC 9.90806296949459 3 3 3 3 3 3 7.27637450235008 9.20091172806135 12.0931012736342 15.7451700573184 17.7784194754511 17.2651647984758 18.0731959239079 15.8273141256967 18.3974133303854
TCGA-BH-A0H0 13.3500895456442 3 3 11.7936003060038 10.9839946377632 12.0174004030518 10.568308591857 6.94258453171686 14.6934787336459 14.676489324323 16.2360157512114 21.1259450515549 17.5426487484109 19.7051414498583 15.0588522895716 18.3986995931112
TCGA-A8-A07O 10.6370490356835 9.92990909429772 3 3 9.08780775724231 11.428888467976 11.8743114757148 7.98016726164006 14.3858079337175 9.77335903494255 13.404519760027 19.9841091022126 17.5385645886754 18.8805827436881 15.4293775258884 18.4877203738377
TCGA-A2-A25A 9.19756585208077 9.48224645865541 9.08976543601158 10.4348522954356 3 9.66504548532972 3 8.10909046180396 12.1658926926615 11.5803631645969 14.6680957492216 20.63694128876 18.5206986607686 18.4551573529086 16.078458972483 18.6855585006721
TCGA-LL-A441 3 10.9150103403134 10.5193134340074 10.8756480080164 9.07893288382108 10.1042836847788 11.8653230139513 11.388454830098 13.1036500584441 11.3405223910376 14.4455906831184 20.8884669938747 18.3309045504505 17.9868243867218 16.9401808904706 18.1127162682758
TCGA-A2-A0YT 3 11.4437765542099 10.4652597164045 3 10.5955170338161 3 10.0117389353667 3 13.6768953915784 8.58952001605359 14.5776029410835 21.0430366347673 17.2106538955448 19.0590268792908 15.4409853471734 18.6550734056272
TCGA-E2-A14U 3 10.9865866999472 3 3 3 9.18558568766001 3 8.04107631100843 10.9835194611696 13.3304427564024 13.2451109306004 20.013607950219 18.204964122965 15.8014897344628 15.3457425602187 17.9635310425265
TCGA-A8-A083 9.55015928203312 3 3 3 8.99415072669206 3 3 3 10.4132980265643 10.5353030955524 14.3595285658923 19.1559889687116 18.1241518398909 17.1579789455265 15.7799968046858 18.4332820226483
