X3381 X1287 X10125 X3908 X58494 X11069 X7450 X3384 X83700 X5175 X5770 X207 X5908
TCGA-BH-A0HW 17.4904350859553 15.5383405186231 17.1266363904957 11.5394417970275 14.0033661176896 14.8124737182569 17.9982546771495 14.4779428140271 15.4247267125866 17.7924494599273 22.7705505894937 18.4167874344729 15.3433194299674
TCGA-BH-A18S 13.6992016938385 16.6657670185385 11.9265622104538 13.8744451567606 14.8898698523008 16.2919135021116 17.7737317070481 14.2151144683135 14.9049768790168 17.7715001653311 18.7132126254023 18.1862390560455 15.9159944985183
TCGA-D8-A27E 16.2420825659108 17.0204474649315 13.0882583043007 14.5281757443944 15.2324484328565 17.1791864687828 18.1269402357267 14.577599366562 15.6002157786825 18.2319727916782 18.8525703146851 18.5321073220957 16.2808368165409
TCGA-E2-A1IH 15.4177321511198 16.5049880419423 16.9417673307385 16.9125441423304 17.2707655759369 15.8258986740274 18.2019882574018 16.2733130297474 17.5050042671785 19.7186377720182 18.8167210194814 17.3602928694928 16.6546113389728
TCGA-A8-A091 18.9771505302658 17.4577461209461 15.5017161081575 15.9340514951698 15.6285675052352 16.1019080469192 19.2629721818224 14.9186217142172 16.3429325842377 18.8236333948595 19.435097151838 19.3178210873771 15.5367194654282
TCGA-A2-A04W 15.1926800546422 16.3317045815643 12.3008317151427 16.4577442485127 15.2743564011784 13.9506605518829 17.9253718149543 14.718754750358 17.3512727650837 18.3741636465338 18.5291423718495 19.5896859301675 15.7632182669649
TCGA-D8-A1X5 15.3073559677976 16.2352235687917 14.850528244106 16.3750100735604 14.8247203811464 13.8820774031688 18.2267954000603 14.5125373002259 16.4811194087497 18.6349928992174 19.4355560089546 19.0189462649585 15.366579294569
TCGA-BH-A5J0 15.2218130164744 16.5082274860197 16.1506302316187 15.946181663001 16.2489814877336 13.7119976798728 18.7324387720168 16.6538954321976 17.0386424284907 19.2885522667023 18.6457753145544 19.0236391298485 15.3889706855079
TCGA-A2-A1G1 16.5885660216967 16.9874677512875 16.1622008301578 15.3032764197837 15.199848892741 14.462512795612 18.1723063366635 16.4149499293629 16.3654214140983 18.8793152064472 18.7982341052628 17.1106440614316 16.6040206331694
TCGA-A8-A097 16.5338590063773 17.0919559628163 14.8775385554771 16.3516915875835 15.5511644204256 14.2426939308324 18.3536344655643 14.4602050680785 16.9191934442469 18.7269129508589 18.6493220396766 17.4784527432378 15.8225387922266
TCGA-C8-A130 14.7905540371982 15.9660087700569 15.6917009716578 14.9129048453942 16.188657018397 15.0019858561833 18.9260542633647 15.9226175485836 16.8123699189353 19.2057462928834 18.6248997513282 18.7746904024251 15.8848922227625
TCGA-A8-A0AD 15.5300061701181 17.4172042236471 16.9705230359067 16.1300922033777 15.0526710189871 16.768074863299 17.841923540453 14.2205701109438 16.644449765146 18.7596023738164 18.9286675131753 18.4882995219545 16.567742166187
TCGA-A2-A0YL 11.658664534445 18.5185942350993 14.7605780910513 18.164181128333 17.0458709207568 15.8100276579352 19.0866293637698 15.4805632617264 17.9178849264793 19.4447263437439 18.5447624682879 18.0181170059042 15.8737158093823
TCGA-A8-A09G 12.4691276387197 13.8691036193578 15.0898984129483 16.1304303897894 15.0883520565081 16.2523857006476 18.7685343827355 15.03008386425 15.6151243026134 18.6357863221716 18.8008215903398 19.6438168403384 15.9670595915188
TCGA-A2-A25E 13.9475965859742 16.7955345494171 15.7391809136728 15.973085665271 15.7232711564805 14.2290897423505 17.4686870198479 14.8054784844577 16.5204212798983 18.505583907706 20.4690944421502 17.1616170311389 16.6861844960012
TCGA-LL-A73Y 16.1785455541052 16.1555187024404 15.3549363096478 16.5843217650187 16.1416074686701 14.8756880805872 18.4426038878143 16.9105948189194 17.2817276598642 18.9234833557069 18.4839929026689 17.7983356389775 15.6357170114912
TCGA-AR-A1AK 12.5868008748492 16.3569829283999 16.7381838133693 17.7510214279377 16.6855579191355 14.8258662312052 19.8430655331175 16.4131040292256 16.9377945266401 19.971849871553 21.0586150713882 17.8797688545459 15.936859439566
TCGA-LL-A740 17.108411007781 17.4713130174154 12.7210895410706 16.3475421331748 15.6106966471953 15.1594303092179 18.1898532397195 15.3808480637882 17.1250058633242 18.7989461317586 18.298169763976 18.9771189358539 16.0916468021749
TCGA-A7-A425 13.1674270688306 15.715465169161 12.4485461958889 16.8512492478854 15.9324039166982 14.3966149017444 19.7915867596486 15.7744742224015 16.6209970946801 19.289202685981 18.9340416354541 18.9202761873885 15.531930516819
TCGA-AN-A0XO 12.8592407287709 18.0456513056549 12.465132540771 15.7994081384471 15.2472632455023 14.4711971450199 18.2803749454052 14.2964316196982 17.106443544935 17.7516140204269 18.9026508119691 19.2170342049203 16.1353526802543
TCGA-AC-A3W7 12.5923713481173 17.2773060460949 13.3933747827454 16.7428672162929 16.0481247616208 15.5974629491124 18.6909180862379 15.2085179251683 17.1579227520222 18.558108627192 18.4546597617531 19.3527273644559 15.8714114403334
TCGA-BH-A0H5 11.6727342816146 17.2733889536044 17.1069206068921 16.8553576645631 16.3573459066256 14.3971257904547 19.2247109151839 16.7424218747474 16.5979739473342 19.6598125626349 19.2957725501381 18.1341421608442 16.1050459208743
TCGA-C8-A1HL 15.9031961313001 16.4812499933249 15.6469153963834 15.6993413609509 17.238820116269 15.5616502071975 18.9435622868291 16.1816877748327 17.3459951272422 19.9687172632981 18.1827570398491 18.9895996922305 15.9671797909576
TCGA-A2-A0YF 15.8576792719271 16.4642183952543 18.9196502050708 15.1486956433442 16.2286485476433 16.7711461892777 18.0048547313143 15.5764934532757 15.8375125567234 19.2110171555992 19.2513183389636 18.0185261957053 16.0889949239316
TCGA-E2-A15J 16.5551238739147 17.3610996312114 11.3009538787009 14.0098549615384 14.0503007507434 16.3751338774303 17.3031918238416 13.4204993446323 15.3509733915096 17.4373879200651 18.4473720938818 18.5312275084215 16.1378565632572
TCGA-BH-A0BW 16.3301885546041 17.7639549530124 17.3200117100898 13.2310211799881 13.8199369362162 13.4079866592493 17.5979394377711 15.5768513572915 14.8474436699898 18.2767618640362 18.9907745493684 17.329316385854 16.4621711150121
TCGA-A1-A0SJ 14.6665686893258 16.2068555201771 17.12127477977 17.4384624454167 16.0876755128686 13.9311897456373 19.477163117279 15.7612903568317 16.8184606170521 19.8551127238786 19.4669400300848 18.5311892274098 18.481111196713
TCGA-A2-A0EY 14.071277961751 15.9168201635693 15.4566551479612 15.1010155891168 15.037619650474 13.6093360713547 18.8914479729071 14.6965145102373 16.0587187846515 18.789668539495 18.9100678545466 19.2309569015164 15.4076818861288
TCGA-A8-A07R 14.6807817825749 16.0004257840331 14.9316362331033 13.2759547291331 13.7295659657381 13.8838666525668 17.2944985094626 16.2395668917351 15.2293285614349 17.4335064371556 18.3177962155843 18.0658274149146 16.4359338508734
TCGA-BH-A18G 17.5436134731387 16.0414123450548 16.7469628323045 13.4356109268517 15.2108753741991 13.6129446877952 16.4275729409004 13.4216414361542 16.0736631175808 16.8625840907559 17.8668391865721 18.5717770303022 15.5895823071724
TCGA-BH-A0BR 15.0451691628367 16.9879531761829 14.0345239718218 16.810978259852 16.055758918545 14.9535946958118 19.0536603913639 15.5487514128243 17.2981961854746 19.4413215978625 18.8904799699103 19.7099842218528 16.2580334141761
TCGA-A8-A06N 12.041577330235 14.8507530671643 14.8259674835712 9.44810574204445 12.7767220469537 14.1968624075807 17.2847425010081 13.821702197528 14.4638608793285 17.2800781791237 21.4000229803187 18.0875463279419 15.5082079230228
TCGA-AO-A03M 15.3740992870585 15.3701019464749 15.2134792799099 16.2686095178496 15.8192665762405 13.2068834800884 18.7219326146664 15.2705653884571 16.3660126026962 19.0018230178031 21.0389933664478 19.4720719041049 15.7003896687764
TCGA-A8-A09X 15.0303546839631 13.9957504723489 15.301192752492 15.6584397135302 15.9774924532339 14.1474146055634 18.4995185648847 15.809418952774 16.4814378549553 19.5544433799054 18.4876855134142 19.5280231809819 16.1795523703638
TCGA-E2-A1LS 10.7612567192742 17.1391630304829 16.4560477060077 14.9858767561089 15.4699763077416 16.2610740958838 16.2895648627348 15.3241581266105 16.1884846666945 17.9718842305434 18.5433754860324 17.3852820255023 16.0827812892655
TCGA-AC-A5XS 9.31511136311539 17.3953031166275 13.5179748703166 16.1466569056118 16.6247273622195 14.7141993908177 19.4610605727888 16.3728830655684 16.7770622620498 19.6018752825018 18.9417403181963 18.6955158887244 15.8730552196997
TCGA-AC-A23E 16.6719866547032 17.0120715279688 13.0184571466481 17.1496636872151 16.6902342283868 15.3215681493243 18.5440458612484 14.8010691372827 17.9225151937796 19.0937962050053 18.5620586587973 18.2925182446935 16.5039172145969
TCGA-A8-A06Y 16.4544238629855 16.5367702825899 13.1517702987742 13.9175683917852 14.2799177777683 16.0226855374769 18.5164115586938 13.9910145598313 15.4126497014306 17.8728242364339 21.4406099978952 18.0838241701246 15.7280015808098
TCGA-BH-A0H3 11.0304556966917 17.4228653512507 14.1164073926095 17.7050358053664 17.4085025276692 16.5680795526142 18.9990345934752 15.829165628561 17.5365795425144 19.6302688077641 18.3893284068618 17.9201764837384 16.2307246179168
TCGA-AR-A2LJ 11.3538948306279 15.5909176144102 15.2850917054713 16.525358099473 16.5726057601882 14.0140108409649 19.0355217007129 16.6344401563933 17.0912762533405 19.2732541161768 18.5136565170553 18.6888558777186 15.381362634014
TCGA-A8-A06U 15.9610508159289 16.9471940219323 14.1034674912176 14.713296580049 14.6240644836733 14.0891257336487 17.6931485490211 14.4095973016414 15.8346770098545 18.2662823491878 21.3020531788702 18.5108323408477 16.0240368224776
TCGA-D8-A1X6 18.8100584410626 17.4125087095378 12.8780972499233 14.0538528606103 14.6682786235636 13.0517876990248 17.1152053976554 14.2909306495182 14.9820921011727 18.3142048106411 19.6039187872934 18.4056278844953 16.1353790584849
TCGA-A7-A6VY 12.6168109217877 17.8792852313973 15.3361317905988 13.5762090334118 15.2009405192519 12.3985315644287 17.5975014760736 15.3307349495027 15.4623200016859 18.2818219447831 18.9590099340372 17.9597956854576 15.9594232047201
TCGA-E2-A15O 11.5556278216215 15.6064500194153 17.2220508785553 14.4574466187623 15.1354497096609 13.6362970602879 17.6209792861903 14.4997999027998 15.8818977652003 17.8538634599462 20.4256888468355 18.444365638932 15.6158747137315
TCGA-A2-A0CY 16.3429031649184 15.5114047622531 10.640718406147 12.6010256645273 13.5217873535999 13.1887174707204 17.7069218170791 14.2961362936311 15.8967768889105 17.7539009249683 18.8841409955301 17.8535004770008 16.0434814930998
TCGA-OL-A6VO 16.0205610396916 14.0524425545743 17.8655925943893 14.3739168083562 14.1616269413684 15.3456436942998 17.2989867431399 16.4750747213509 15.0122054316133 17.5029172421616 17.9857156936465 18.2666512392227 15.0221670806966
TCGA-A2-A0CL 11.4817133153701 16.7366826107612 16.8110960144294 16.9762616559896 16.5719093785151 14.2117203801077 19.811277570605 16.682011471371 16.951336832215 19.7983371619185 19.6326106908093 18.0467440617715 16.2070543355124
TCGA-AR-A0TQ 15.4460225449068 13.8010746231407 15.4856237270771 16.1214284107595 15.940663078805 13.5928509048622 19.103446556312 15.3472574235816 16.3406404956193 19.0407977046174 21.0741343043471 19.0392682921445 15.8688607359559
TCGA-E2-A573 13.4467033321611 15.1644514791855 16.2940726802126 13.6174463578387 15.1292855837725 13.0696719478412 17.2661162827257 15.7133787554144 15.5562985078406 18.4432268124847 18.8787422557992 18.4749845327262 15.6818948134316
TCGA-A2-A0CW 15.0189590304642 15.5796607374074 14.0008206893811 14.4368874551129 14.6292506831475 13.9051781171684 17.6802385764661 14.7192961635731 15.2898874227211 18.0255776620082 20.8959575397968 18.427225448273 15.1513211552153
TCGA-AC-A3EH 14.3628153628272 16.9612640335477 12.2819341729711 15.6146143692863 15.2990609216098 13.8129987938429 18.7993003439605 14.3023177433659 16.8268089043891 17.9451861094823 18.7404977039681 18.6432625518494 15.9131188994475
TCGA-A2-A3XX 14.6819387840327 15.6470698764902 17.3989747019004 15.4083156862789 14.2832303785203 13.8694290178015 17.540168212438 15.481565308866 15.5542558189595 18.0281523732144 19.1511057991122 18.4555181050168 15.1728458598459
TCGA-AO-A1KQ 14.0058049803877 16.4447555984589 18.2416479919596 14.2361600181498 15.3490800556828 13.5664302537464 17.0383509024703 14.958156851678 16.1283900312357 17.9265057468517 20.318408338812 18.1454749273546 16.0100618232622
TCGA-BH-A0HN 15.5767253923199 18.1438554685389 16.079159298423 14.1583151390554 13.8231605666431 15.4553550788885 17.5958176917911 13.7923072222103 14.9311244181186 17.1919203811109 18.4612030739716 19.0626981393672 14.4698087466589
TCGA-AR-A1AR 13.0080643293499 15.5577699026515 15.5546638183998 15.5195783432546 15.8342935138659 13.8863298736518 18.3472400364939 15.5492870082885 16.4450672598612 19.1098887963999 18.36441669904 17.6052886195826 16.229765198965
TCGA-AO-A0JD 14.2066032311603 17.1051886782658 14.3075682079366 13.7292954562577 14.0626170489487 13.8200841042523 17.3639044269053 14.0369618234238 15.2899824686506 17.7163863836841 19.0447561962392 19.3483035963282 16.3803105552111
TCGA-A7-A0CG 11.480092455546 16.7127164098128 15.8004702665538 18.008477550357 17.0559033232902 15.4929441910197 19.3943718498311 16.1839953995053 17.4560863125352 19.9928622602904 18.5073744132625 18.5175333646902 16.1875730137696
TCGA-A2-A0T4 12.457379702152 16.9019291946304 16.0466859690407 17.0836509640391 17.23668064578 15.8441384259607 19.4092004817116 16.1849258007575 17.0958947633173 19.7104278354546 18.8236734431493 18.4394255371682 16.1350144668912
TCGA-B6-A400 16.2729937461869 15.0238472863413 15.2080081698233 15.4918398726697 14.152688115844 14.5880247683709 16.7248664782023 15.6765125789427 15.5173977602187 17.8079317505468 18.8563266277647 17.6583881961427 15.7074568619303
TCGA-E2-A576 8.37267224034015 15.0089366163675 14.6251084389352 15.2101589900456 15.3252619654717 13.5761537243459 18.0144860488407 15.8462603640733 16.2217674228291 17.744432700069 19.0731304527655 18.5502138187414 15.0091958387907
TCGA-BH-A0WA 15.9814073785421 17.3222803002831 14.6041692513015 15.8508878755606 15.1312146480772 14.8590632667881 17.3048063100252 14.8279482580389 15.9810500792159 18.1716632766312 18.5432874929039 18.0982003744661 15.9919890263884
TCGA-A1-A0SN 15.2402991474185 18.5151574221194 16.9406532002453 16.4092065297818 15.812092032185 13.4893032464239 18.6678195539163 14.9695282407711 16.7432336970987 18.7665730075031 21.0013284399282 18.979392278666 16.1737908265974
TCGA-A2-A0T3 17.3221524442235 18.3336074719183 17.0003497221104 15.5506805139079 15.6675786511232 15.7275685248866 18.3483992692607 14.844753458443 16.0682782388994 18.5381581634268 19.7723507116645 18.2071024168977 15.6417109170986
TCGA-BH-A0AZ 14.4457474599382 16.6559671041393 16.1248839329601 18.1847366811738 17.2662420177759 15.0777542032278 19.3602924080079 16.3792264465156 18.5541859488225 19.8420245849004 18.7797807076473 18.1043427624873 16.1654397001108
TCGA-A7-A4SE 16.6547352277556 15.4802090243531 15.0505743762396 15.5844335947631 16.3103131857632 16.9010792678395 19.0112997961327 15.0854730685796 16.5346986467615 18.5181880343626 19.0257689602006 17.9381542033465 15.4742774413507
TCGA-AQ-A1H2 16.8945638126963 17.4807844978676 14.5237319823189 14.2551933662373 14.3169212847744 14.0520973404697 17.2980813421934 14.2639922314311 15.1278669673975 17.6247584146649 23.1499388412282 18.0597054445208 15.9240836106128
TCGA-A2-A1G6 3 17.597244610981 14.9848582122521 17.012972277074 17.6727736076396 15.2725332499332 18.6884096047571 16.2672757645199 18.2964541915186 19.3670397087544 18.8603408097735 17.5090301610388 16.0196900458277
TCGA-A7-A13H 13.3915654847087 17.0327694298929 15.126846418507 16.7199397421487 15.7638936620456 14.8904969234557 18.7137837272093 15.7527738976171 16.6433492969872 18.958357635498 18.7153548343716 18.5286700629913 15.6926518925397
TCGA-B6-A0IP 14.88103829831 18.3748997861769 16.2090328025528 15.332197623864 15.5460195484069 15.810999741539 17.8617270086046 14.9743098896112 16.3714832872728 18.4142182564707 18.5079224711585 18.3425856368765 15.6055904922355
TCGA-A2-A0CZ 16.5316827664618 16.1447058203945 15.0610913013779 17.3803613587873 17.0605057036407 14.7406498606791 19.6627852478136 16.354877096312 17.8942711514538 19.5838271072514 18.5418802635213 18.4137292088179 16.2652834668796
TCGA-AR-A2LK 14.6314997698125 16.303601685451 17.115602180328 16.4291090048114 15.2068285628385 14.1544390969547 17.3258545671682 14.1478547367862 16.2808148952085 18.1998960633704 21.5437268837994 18.4825642079802 15.7120572478858
TCGA-A8-A06R 17.6004287852887 16.7977030467591 14.9227707634534 15.7466924544241 15.6675665082229 14.825894030727 18.8214915287411 15.6158761208924 17.1151793400059 19.2393048222041 18.5565700072263 19.5428183568634 15.6826510935398
TCGA-AC-A3YJ 17.1984647328966 17.5833224849835 14.2063239647107 12.6826361980204 14.8105156854194 15.4535107818781 17.6433868126558 15.0902204849905 15.2966951823579 17.8259351772626 18.0721608353239 18.5309739440887 15.0269601486019
TCGA-5T-A9QA 13.2521871038683 13.9856133361707 13.2869549803298 10.7648910138574 12.5514929665767 15.12682456667 16.2336144435563 13.7871029961763 14.3366193096509 17.4334343306701 18.5608553170287 18.5179921818441 15.4526209433982
TCGA-A2-A0CM 15.4642500705096 14.0279327160641 16.2877509610613 14.0758011538192 14.9728903415484 14.9015081712073 17.5434264720002 15.858372302426 15.7609491847329 18.6209443374254 19.0238417282569 18.2183794365929 16.3533563621457
TCGA-A2-A0D2 13.7961867285329 15.0651334184366 17.323114651901 14.0333670378399 15.0110443649962 13.57822067394 18.9213282168673 15.1435521121452 16.160301208066 18.8317349593489 19.1733833857656 18.5216604015254 15.4568693174659
TCGA-A2-A4RW 10.2300773699714 18.0563609364506 14.2187617954828 17.3705621907551 16.2499886303964 16.9964560538891 19.082143868575 15.2394081747169 17.2396318893777 18.7598950044722 18.8976823246819 19.1586847576853 16.0847759189524
TCGA-A8-A095 15.0264268175026 19.161939009141 15.9542482488481 16.3454713914748 15.6644865075362 15.5433318476744 18.8045682894101 14.9819782655305 16.2277469235575 18.7776985280521 18.7008892133756 18.6280825978378 16.0312467729966
TCGA-A8-A09R 17.4051097065727 17.2509332297832 17.0408616903743 16.010078155487 14.8129195908068 14.8258857462558 17.9882468875977 13.9666844644375 16.4121082572861 18.4347559276434 19.2169006311239 17.8123411177576 15.6174131384376
TCGA-A2-A1FX 15.5628077189563 15.6685384411104 19.1785424810733 16.6576386650948 16.3707007287326 14.6950939213575 19.4661656663514 15.0250363466325 17.3360243629353 18.6299054418066 20.5756730252573 18.5744269935315 15.6352650170006
TCGA-A2-A0T6 14.0908400462923 18.8399194867333 15.0133783990451 18.2135694568461 16.5941736072557 15.8043612329236 18.8276377988736 15.3267248817714 17.4407890783795 19.1980771449415 18.6498185415957 18.203212192664 16.1500268943096
TCGA-E2-A15F 13.0912863412237 15.5957899331343 18.2263662797685 15.5596907057873 15.0569709922122 13.8079294516458 18.2830347278303 14.362147135072 16.2952097787497 17.8816216970035 20.4153831767199 17.6043600455079 16.092921358559
TCGA-A7-A3IZ 16.2860253889799 16.9824635830617 17.2466307921233 14.7470149162916 15.1176554246839 14.5932505081143 18.6565187140278 14.3646157412218 15.5215089607417 17.9985467345913 20.0610229866189 18.370757344294 15.5212714754162
TCGA-BH-A1EU 12.8114706664482 17.9275963114624 17.8685738710139 17.9672096262661 16.9169095204345 15.5318104699989 19.8392612402853 15.6980251806055 17.1372705886246 20.0063918054836 19.2515296927487 17.4245142918122 16.5173333344913
TCGA-AN-A04A 16.7548832376804 16.6929043110785 13.0572344406594 16.9080168550819 15.7751044763479 15.5746771554324 18.8518159366932 15.1996177403451 17.303172886082 18.7772962546568 19.304227588253 19.0385234830831 16.1916768768959
TCGA-A7-A0CD 13.6613752740682 17.1335194038038 18.8838888886267 15.6875001609766 15.2592457012628 14.8870450636073 18.8453876738691 14.7522907772605 16.1613065965987 18.4821625411876 20.8559182856156 17.8197780126961 16.2229449415657
TCGA-E2-A156 14.2093103028483 15.6806135724255 16.3905100356448 12.769748786462 13.8926750963277 15.4127382134106 17.8027644625143 13.6862221560117 15.2422606373445 17.9252200453919 20.6227363101719 18.108392906216 16.1582818484794
TCGA-A2-A0D4 12.33788404525 15.4538862383637 13.4706732824605 15.9539829716438 15.6118224085721 14.2982250711657 18.9387305567831 15.8099635595629 16.0976079785904 18.9463025289266 20.025109148579 18.1325321830238 14.8990390875391
TCGA-A2-A04R 14.7614926345198 17.5424348437759 17.9637112151123 15.4186486185432 15.1035831575566 15.1859777095341 17.7980125040442 14.3660247058934 16.3800370809464 18.0415862117274 20.7562011286171 18.1851729821703 16.2672855278539
TCGA-AO-A0J4 15.5439677061103 16.1807737950844 17.1781249393925 14.4155419145964 14.9258035919347 14.3314865802632 18.3953690443297 16.69271399297 15.623350961822 18.6751620073791 18.7130341891405 18.2519780101698 15.5138808957139
TCGA-A7-A6VW 12.9275602701631 15.9460332658941 14.3639060895237 12.8622891668336 13.7606847252473 12.3081588035848 17.3132898359946 14.7684356404176 14.7454323109841 17.5590411128707 17.4078688826764 18.1573475990571 14.6678771731417
TCGA-E2-A14Z 14.8903250700247 16.2982160184776 15.3239180478225 15.8880776885628 16.4299145667698 14.4575397307263 18.786674810796 15.6984372371114 16.4637291498541 19.2245173158791 19.3639858461194 17.6164198080693 15.4191535605522
TCGA-A7-A5ZX 11.7400594522323 17.8240864223423 13.5333896801379 17.9167113152083 17.0590007802871 15.5143235094289 17.8298753932819 15.5860731591209 17.8809772985291 18.3081623576949 18.286730390038 18.3243244383164 15.8142712379566
TCGA-3C-AALI 14.5347195270555 14.4565595038121 14.0328407727772 13.9452628137162 14.7519713397689 15.3622624290158 18.6766210707619 14.9272629156312 16.0227330551726 18.3005896952899 19.2741881150773 19.3275655538066 15.4418370105631
TCGA-AC-A2B8 12.9211727277577 17.7530099679014 15.3168947121843 17.4322336747545 16.7012396733261 15.7924338050571 19.7492688348069 15.7539816543791 17.0762014723923 19.8540199441463 18.3982473694445 18.1848412979654 16.1142122831918
TCGA-A1-A0SB 3 18.4343383242169 17.4856215336687 15.8494795740494 15.5368399599318 16.4084476689222 17.4784647306723 14.274368231546 19.5963369327646 16.9698602213115 18.1606313009205 18.1182301747135 15.6326652361683
TCGA-E9-A229 12.8992004901211 18.1632969768267 16.2011018942821 17.4187926813744 15.8656692349357 14.1556404907621 17.4374416795959 14.8334833188321 17.2896869830101 18.5701259664045 19.1429253498187 17.8896376032127 15.993815102123
TCGA-D8-A1JC 14.2899636326938 16.1132924292407 15.7871914398601 16.1409289354518 15.7575426010754 14.1770585915725 18.3629195694062 14.6475815226092 16.8332739437576 18.4670904544958 19.5052838032675 18.5033519906135 15.9805991169393
TCGA-A2-A0D1 15.9987879223043 16.5142564022714 13.0558572758591 14.0884201365749 14.0446462556897 15.2328127417339 19.2121857421423 14.779027722649 16.0766408294465 18.3865854482285 18.1974405185294 19.7509134062311 14.5324910103502
TCGA-AC-A2QJ 17.4127940187594 12.7589680159542 11.3949687944581 15.2222390758828 16.8780917477698 11.4529921408628 19.0093654169247 16.982545404351 19.1306890122918 19.3151978625056 18.4591242596591 18.6365448009472 15.5401290353245
TCGA-A2-A0CK 11.6398338424734 16.4647556768266 14.1597843319592 16.6304580982162 16.4521200304152 16.2777334737568 19.2989308251722 16.0567720758169 16.9207381066746 19.4119678341746 18.3053585263398 18.3717282019168 15.5237990210522
TCGA-AQ-A7U7 12.22427430125 16.5948761332419 16.5423529020034 17.761454472419 16.9141534929479 15.6683518557071 19.7366056766783 16.5741472663536 17.417525328726 19.7785524400523 19.8744748061479 18.3721337326473 16.0269170243383
TCGA-D8-A1XU 14.5968563379961 18.0359775095546 13.9902433221325 16.97832303343 15.7887287773463 14.0571381757809 17.8203764456231 14.4620240878387 16.7479120223242 18.4304690931834 20.0226700467469 19.034516297725 16.301960909561
TCGA-D8-A1X8 13.0828927897611 17.9852162361164 16.8428935971942 17.6045142763228 16.825837839491 15.6381801208223 19.3073437678266 15.618852505463 17.0410866623668 19.6638385668049 19.2652638552651 18.0645657597482 16.475693549036
TCGA-A2-A0SY 12.1389639325827 17.1121744541147 15.631950746601 17.8476403329374 16.728899701649 14.7817576182153 19.6463844335846 15.902023970033 17.0887775153084 19.7783579804916 18.704760082111 18.6999658292804 16.5852998378935
TCGA-BH-A42V 12.3808055729818 16.9659138668506 14.9072509517838 17.2424974761208 17.275893818275 14.9037205356195 19.7962727246425 16.6973617203274 17.3565358138686 19.9157836820306 18.4070352932819 18.3972748787424 15.6859431389096
TCGA-A8-A08R 16.1948267474302 14.5894631256873 17.2969181776282 15.3408071568619 15.1809662141214 14.1237697527562 17.8849582218947 15.420594703311 15.9760222909632 19.1351082773513 19.0874280704295 18.2151181980944 16.1318622599678
TCGA-A1-A0SH 13.4966722042517 17.5485536344921 13.2416717335878 18.2323091753173 16.3449115318557 15.6845432189362 18.2578810112923 14.363302010619 17.9988805977326 18.3513114954964 18.4655544740893 18.6100048521646 16.385146783491
TCGA-AC-A2QI 15.8609998568151 17.8057578115395 14.1265145052181 17.0806217169146 16.1796302536472 15.6493223200456 18.9829173361298 15.9574697499626 17.4495723747228 19.2976438481711 18.9298055037787 18.7797155795081 16.0707717576901
TCGA-AC-A2FM 10.7900479491062 14.3487004398305 15.9827987055883 16.6691968699788 15.2593294543053 14.4275022672099 18.9268841463023 15.4631745120447 16.3166148431979 18.5321953487434 19.0414457992659 19.4480479497711 15.2789103672344
TCGA-AQ-A0Y5 13.149214746394 17.2491678854554 16.5242058067429 16.5208058541517 16.4932496134609 14.4300893869757 19.7788976588935 14.9190629566001 17.7272968975515 19.1744761143393 19.4792835513519 19.0215725912847 16.4461535264634
TCGA-BH-A1EV 14.9426208660851 17.6771662684668 13.2953577381117 16.1263008283133 14.8899383079961 15.3481504266281 17.2380008157299 14.6535234360166 17.0886011081898 18.222291956087 18.9632309664203 19.2800313220379 16.5533944975099
TCGA-AC-A2FK 8.16166770339972 18.0519985246576 15.2578684347995 17.8262582009085 17.4509273833244 14.6234461687802 19.2583533803046 15.7698833985108 17.3689658756557 19.4719646713236 18.430313038037 18.0500030721772 15.8400463605908
TCGA-A8-A07B 13.5040466400703 16.9181275382351 12.9140320845864 15.8219014465292 14.7483621999113 15.821654710241 17.9041247541167 14.534286325993 16.1663558857956 18.2817918528074 18.2284267222092 18.4615201257927 16.4722537136451
TCGA-B6-A40B 14.507514873162 18.3053381336153 17.1011178716912 15.8845811355362 14.9762265720117 15.8338802840659 17.9327977711815 14.4723691706115 16.5878570339975 17.7435672732024 18.6011901561873 19.2919520838212 16.0378054020764
TCGA-AC-A2FB 11.8850700455142 16.4913214380409 16.8339491202686 17.482519974151 17.0258029111135 14.8065418303746 20.1675669393863 16.6192643091231 17.2104674278293 20.3315836482725 18.9346582485231 18.0062422084846 16.0828257465809
TCGA-A2-A0CP 13.5178686119774 17.176517820865 13.264323615637 16.9065035726088 16.9329530894353 14.4383536309836 19.2467168785948 16.2595556605644 17.6867690038105 19.3629598763262 18.7104902569917 18.6218083253016 15.7069643178277
TCGA-BH-A0BG 15.7720238399131 16.5255317888028 16.3982634637632 14.7535872271933 14.3077804261224 15.3377273709349 17.8858368548625 15.1366986541924 15.4410268557031 18.1482031654269 18.2827101113944 17.7067897551263 16.0473066567313
TCGA-BH-A18K 14.9341194264258 18.5280536990886 15.7984684891265 15.9604818438965 16.1993197297734 14.7016480654105 18.8403617972044 15.3177568219218 17.2651320840472 18.9103617697193 18.6344316539535 18.8499761259006 15.8159199768661
TCGA-A2-A0SX 14.1933786633442 14.7968767092819 15.8495399393077 15.6126394680995 15.5007174643277 13.9802800512656 18.4653296922275 15.8393318488848 16.148702679379 18.8693331914196 19.1305409843079 17.8194413749063 16.0894332702147
TCGA-A8-A07F 12.1407799221945 16.3383724836452 15.2733211224504 17.3755596342394 15.4687838695813 15.6403714371529 18.225966361944 14.1473123593417 16.4521240893938 18.3335471572514 18.6127931716233 17.8955384963831 15.7983829139478
TCGA-BH-A1F2 15.9891683891342 18.6781625480911 16.9957930459219 17.0876681138505 16.5567799256865 15.7862200398651 17.908276498531 15.1126265417227 17.209905722562 19.4429569519216 19.356103513878 17.3500704219253 16.6241182443242
TCGA-E2-A1BC 14.6092618999561 18.367258592546 12.6310613973928 18.4104165140163 16.0330250994333 15.8936355056969 19.237906903089 14.868451433802 17.1401923387573 19.3673687535855 18.5958462520086 18.3357260973901 16.0412595433191
TCGA-LL-A440 11.1868075682298 16.4320184699287 14.3944448451146 17.9710437965099 16.9275828173565 15.1451093897877 19.9376853582865 16.4383924636271 17.6801009929416 19.8939470012791 18.8278717330694 18.2555233979057 16.2636315571206
TCGA-BH-A0W7 14.9500575666912 17.5216743311364 15.7311582033412 17.0059794749977 15.9140806992841 14.5040222061568 18.3415183671258 15.7656341608193 17.1248402900866 18.9704321124303 19.0224135581315 18.9837149363166 15.8811461994956
TCGA-A7-A3RF 12.5948540528068 16.1572779343333 11.6949159847915 12.9075039130915 14.073473507448 16.8085903703966 19.1707971645017 14.7809482522845 16.0398811157824 18.4682659345383 18.1942755546124 19.2782403978433 15.0926597769154
TCGA-AN-A0FK 14.120167009794 16.2411513368383 15.3892559960355 14.9786582792057 14.8785109395143 16.0118027981808 18.6867281040975 15.223278079695 16.3390850386988 18.366034289347 18.5238320593836 18.7954343538873 16.3535853903019
TCGA-AC-A2FE 10.4981654784406 17.1292041473227 16.6079993710845 17.3029852089856 15.9775832712459 15.4821216743008 19.2322390729451 16.1552744842535 16.9202033247571 19.1128883841118 18.804208509484 18.233608166074 16.3556585661339
TCGA-GM-A2DD 15.7602943392534 17.6020597943277 15.4070960991011 16.1289341076325 16.2594805624061 14.1572000774431 19.146287831772 16.427555198869 17.3723345816402 19.5819269928712 18.6713381854746 18.8783332448759 15.4221570880253
TCGA-D8-A1XD 12.2755024763095 16.2106611857082 17.2160550247695 16.8490643061496 15.0787119317467 13.5739542190526 18.0135155111564 13.4398882045104 17.0107708493138 17.4452838777802 21.1110074031179 18.966857777386 15.5206817199958
TCGA-AN-A0FZ 17.0416770115613 17.1629071596107 12.9894515724537 16.1245964933002 15.3048563127579 14.4025622529753 18.6589569506207 15.2301136980079 16.6091573563232 18.8138969113786 19.3115044415828 19.0305963906365 17.7954454896867
TCGA-A2-A04P 14.6891480039856 15.6266936064221 14.3388711879528 13.3465720504685 15.8818058075399 14.9693382861454 17.6856393989475 15.9724837289034 16.7188343414385 18.7380678467542 17.8600384480555 19.2521217778519 15.0682824838535
TCGA-AN-A0XT 12.8494301669327 15.6153694909957 18.0778013044555 15.8493624236256 17.078453658377 16.2982011072797 19.6751499300984 16.3761475846318 16.800814989001 19.6452908092604 19.0690447155145 18.9366591711649 15.7167370729498
TCGA-A8-A0A1 13.6216138967471 17.4890288481593 17.4699820297101 17.2387362894492 15.9120794395607 13.8434951377579 18.888807700514 15.117567594289 16.3532899941732 19.105782114236 19.7547063050374 18.2354760942471 16.3940981386829
TCGA-A8-A084 16.5466474845529 19.9668351477056 13.0828717055644 15.631281935986 14.3469922754952 16.2044131304489 17.364219868671 13.5558647780384 16.4327704411641 17.3006563250382 18.6801482005372 19.7664313827838 16.3140778253927
TCGA-A8-A0AB 13.7212706275915 18.2430866545556 17.5920393522926 15.7852238955174 14.5724821917233 15.8624070327557 18.0355359969199 13.670434498988 15.9415375920421 17.5869157605084 18.6247520183163 18.0007191343451 16.4334704918454
TCGA-AR-A1AM 7.89261677114699 17.0018560497162 14.3480225500237 17.3066359235413 16.3656299420304 15.1813954995447 18.1198433032028 15.4576748164867 17.148139300168 18.5782950150595 18.6771439159904 18.6660008527164 15.8681830634003
TCGA-BH-A0B4 15.8229622449601 14.8743002317937 17.3214696274219 17.2586911351338 16.9788928731624 14.7711733340739 19.287717225838 16.4321768572978 17.303512193374 19.7614826009052 19.9980504593448 18.3013739288054 15.9519908623864
TCGA-A8-A09I 17.0045916819607 17.8328358908905 16.5834168805639 14.4469122415947 14.3131624392745 13.924885146565 17.7479149762861 14.6251872687063 15.6025249400857 19.1754438578724 19.7195277221064 18.8577649891133 16.0400279474611
TCGA-A7-A5ZW 12.2810242592614 17.5159065507444 14.7857371477415 16.9991569103078 16.8556696031475 14.9260311247654 17.6544624749984 15.7225781180749 17.6383454277455 19.0211208149278 18.3711565610298 18.4435606906705 16.2687761875538
TCGA-E9-A1R4 15.8687718813193 15.9539281986736 15.6268325198407 14.9033632647147 16.1331102552053 13.5416686207275 18.1980401712919 14.8247451571454 15.9712267568933 18.6944200481314 20.2084664943729 18.2519586810571 15.7973441561117
TCGA-A8-A085 17.2337843478288 15.1859536871133 16.6595031772517 15.5734626408896 14.3275512134898 15.0951229906177 18.8764862640619 14.8411737718188 16.5196056554771 20.5887748818917 20.4512362264125 18.606224871252 15.9775523335859
TCGA-B6-A0RN 13.9570821255296 18.3171635700495 13.519153662818 16.7881771228619 15.3018227455084 16.486032195455 16.7590342984812 14.4557657515396 16.969546558501 17.717299743836 18.4166030408162 18.1417636540087 16.4387114666345
TCGA-AC-A2FG 8.42761290549947 16.6465914310694 13.6629560439564 17.6623572848914 16.7647605071681 16.0381148849658 19.2447905991345 15.4046598333 17.0616307398835 19.4955934316731 18.7835729170416 18.5515729865494 15.7684456829811
TCGA-A8-A06O 12.4781374497609 15.0237714692986 14.4076701325795 16.8391370337293 15.2951706634982 12.9642763767942 18.814368654803 14.964633573512 16.6160192213571 18.4852349212286 19.1516955951276 17.479540658624 15.6353581700183
TCGA-BH-A0BZ 15.5460606876176 13.2195853588691 15.1702318559262 16.1635258660057 16.2032043981831 14.0465989810792 18.6414149626808 15.9008560103121 17.1058290280977 19.1705787466972 19.5318274126771 18.4032079922682 15.7424029943477
TCGA-AO-A0J9 13.8581512018032 16.4126444965311 15.1974243750222 15.80082808892 17.9188373779941 14.9480354363639 19.6502197811847 17.3538079912262 17.4790794816905 20.3707439815843 18.1395465315966 18.3946152564134 16.1801198214612
TCGA-D8-A27P 17.0707645907265 18.2184861263639 14.4268950960406 16.1003894343632 15.409729810671 15.7428750823631 17.5776723481825 14.4828435944267 16.8306063239502 17.8401220169899 18.6895459579974 18.5046110109537 15.6414632247563
TCGA-A8-A07J 16.7593403341257 19.3383717374552 14.4016987770942 17.4124727588714 16.7763602768241 15.0386718279643 19.643575067118 16.1600904909396 17.1226339712822 19.7752658243221 18.7327464683791 17.9307415558703 16.0318628122937
TCGA-A8-A07I 16.4968255750998 16.5909837132383 14.0053230692161 16.4420213368739 15.429029774324 17.2410111990194 17.7617449248512 15.2002235453553 16.4095739465744 18.7765543083555 19.2754037474012 18.6764473354941 15.5906827366041
TCGA-A8-A08B 14.9319701686139 16.9776368715787 13.7795310509232 13.5530376981465 12.6914696102172 14.6283334492804 16.7183344062035 14.4391921355296 15.256359466573 17.2084627912577 19.0601082124515 18.9315075263418 15.7846919019881
TCGA-E9-A247 15.3277421573722 16.4421616868062 17.4138562928417 14.5989627210913 14.6518460081954 14.9028123531811 17.8420685025236 14.3695002134562 16.2100728582809 17.7702213195623 19.7468505873431 18.5453156788768 16.1058635561051
TCGA-BH-A1FJ 15.6829837349186 14.7890675744593 17.0873187995801 13.8712584010434 14.875464162668 16.9581561505414 17.2086745259222 14.9608436981541 15.5900354768771 18.0978221234179 18.429444892174 18.0910911993809 16.2344887333239
TCGA-A7-A4SD 12.9581502842867 16.5015438593124 15.0218810585644 14.5013990104762 15.0092940704331 13.1901805242976 16.7277195304017 15.1859007198755 15.7163618205014 17.9688926781504 19.3007321065614 18.1815702969283 15.7237019066283
TCGA-A2-A0CU 12.4226279081926 16.5644245026827 15.2787398716434 16.0184228592337 16.0626988416275 13.9415422219116 19.4142809394394 14.9370659102141 16.4707916474284 19.0161377190518 19.9460278846911 18.0360040500157 15.7676389728719
TCGA-BH-A0B8 11.1339608561341 16.7601759853429 17.235278078918 16.0177611902598 15.3559293338339 16.1485061860026 18.7103971967926 14.5840591397358 17.3861907931889 18.3915713682223 19.5393939442479 18.7013258971882 16.2157955168859
TCGA-AR-A2LR 14.2336605519161 13.7987247645405 14.2948826395988 17.5165968552777 14.9586547797489 15.5320364154352 18.8355564024266 15.7215889229266 16.9922265537906 18.7265642412026 18.4519455137621 18.9393334497154 17.1227910369594
TCGA-BH-A0HI 17.3815892679714 17.6045266983569 17.3279226062818 15.652865618834 16.0125115773872 15.7903421432512 18.7557988838589 15.4094817045182 16.8996306843988 18.9695335088231 18.9601251002717 18.6665498143297 16.1150657919377
TCGA-AN-A0FW 13.2302047581494 17.1211445213628 16.8820606191779 16.5054829426012 16.2380599150931 13.5673221223921 19.6462942524826 15.4979888384193 16.3541847268233 19.3697382581453 19.2516869904431 19.567557231015 15.8846352212183
TCGA-AC-A23C 14.9347306637419 17.9730993414807 15.7125094754307 16.8986155692617 15.8054622924561 14.9189177798129 18.548148370497 14.839332031691 16.5878764920293 18.8757830937899 19.6832560721838 18.3373845936999 16.0511363240183
TCGA-B6-A0RI 16.0302226058108 18.3121714441741 16.6778743031897 16.0872107536538 15.2070515873538 14.6273385774753 17.3749076504423 13.8038066314192 16.7687536015735 17.9864839474466 19.8050716760876 18.5744231440278 15.7503501887676
TCGA-E2-A152 16.7587110444592 17.9687158793401 12.9374527671272 15.7024101135816 15.2088224378403 15.5885312069084 18.281235527565 14.7557454628719 17.1055290913162 18.6410441217361 18.513892152177 19.3024819676451 16.3187971247397
TCGA-A2-A3XV 12.1173247447277 14.3381443422133 10.9640769439482 14.23937755722 14.5620036184745 11.9399864982678 17.374283494584 15.4750327410146 16.3226633827389 18.0696336815582 17.9023730145232 18.5660249966116 14.8014751927271
TCGA-B6-A0RO 13.8648345717176 17.2310409070117 13.642547768296 15.4276499147356 15.6008728952187 13.4290642674314 17.1720734079426 15.0887996384094 16.2274003279579 18.4013857848561 19.1203420666223 19.6380575833664 16.8929573608693
TCGA-A8-A06T 11.2810514691955 12.3388401776205 15.6795363510348 16.150879455708 15.2536389423195 14.2868370428464 17.8576887937892 14.0519937397892 15.777980382965 17.9099518695365 20.3800903955187 18.4558113797113 16.5204972507931
TCGA-AO-A0JB 12.4869906373325 16.8911963563226 13.6762264497118 15.5421005281679 17.4990158822613 14.2803994527474 18.2254730697663 16.5317890600622 17.9353912256742 19.3744111605162 18.1063421310535 19.3463992299453 15.3104944472504
TCGA-A2-A25D 12.6537686921699 14.161039449576 15.1607332233687 15.8826262333656 16.3615076364588 15.0200542257209 20.2984974434425 16.6571197710437 16.624882202915 19.8120968030303 18.6366945848486 18.6205837958676 15.6576395022777
TCGA-A8-A07P 14.3009505919483 16.0884887624385 15.5876199422792 15.5637186517748 14.771358001247 14.4512152633295 18.1176166573597 14.8055956908149 16.1499814617324 18.1554529353774 20.2977166040444 18.2869680082715 16.7451553961646
TCGA-A1-A0SK 15.5579366437603 10.1306671196809 11.905584571513 12.4168247398232 14.3385970802517 15.0387722993437 16.9796861864796 14.7833793082632 18.6931307179832 16.8423560170037 18.8323675943614 17.9581368491803 14.9839378145746
TCGA-A7-A3J0 14.4116013931882 15.7315577875257 13.2974997037645 12.7117601463718 14.0168721889755 14.7656493868928 17.1844581618144 14.5140040491705 14.9083398151891 17.7490718276705 18.6758038513927 18.7283066924787 15.2442823058064
TCGA-A2-A04N 13.2333295338955 16.4542355843623 16.054661924808 16.6777731547094 16.1262919657434 14.8957662488875 18.2834928399304 14.7423839540115 17.030494789259 18.2203450505088 19.129432582857 18.4128785705461 15.5416803001568
TCGA-A1-A0SE 12.6520393613785 17.7806388944753 14.0032324499225 17.0900326602275 16.504115408694 15.0692398666196 18.5849098158138 15.3567456584527 17.1467905284105 18.8868908039398 18.6587853701596 18.1135301040681 15.9668978610379
TCGA-A2-A3XW 14.8758792320309 16.3415885403163 13.8845247203747 16.3811440895154 16.3120609789333 13.8423933135459 19.0630856225589 16.0413430101838 17.162071039131 19.2588450619945 18.740782313122 18.1008175904247 14.9741274470511
TCGA-A2-A0CO 9.04086319601411 16.4020317062441 15.4467494829586 16.9230144147312 17.3354292123977 16.185554606849 21.0403165020428 17.4358881996033 17.4072722124701 20.6174308794234 18.8545239789928 18.5702403591523 16.0638082372507
TCGA-BH-A8FY 15.0363698586642 18.0335749813804 15.7811467620124 12.7704929196065 15.3604949080487 14.8640439781743 18.6090537504524 15.0944797045543 15.6301982352968 18.6733134030398 18.4963846238948 18.5662868318433 15.003628422774
TCGA-AC-A2FF 9.29864263043398 17.0115431140913 15.7410266973114 19.2174879947602 17.9862797742651 15.5209888239152 20.220791718029 16.8420781479356 17.899670019278 20.5083033819089 18.5460048427437 17.771081842375 16.0186728091018
TCGA-3C-AALK 12.833404232864 18.2216061014833 15.177274171938 16.9603484309908 16.052417587619 14.394364512556 18.4719767235181 15.1818452189926 17.1400301072283 18.7729244272269 18.4959484827536 18.8705947427793 15.5472252386729
TCGA-A7-A0CJ 15.1816614261763 16.571449823421 14.0878120469361 13.3824368884351 13.5640107853185 13.1825478370774 17.4719157657665 15.3899891816837 15.638686335994 17.9755987342531 21.4489733732804 18.2235493044876 15.412566898496
TCGA-A2-A0T5 13.1772216158379 17.5724168746309 12.0341111327429 15.7090000531021 16.2648515472837 15.4620577238395 18.3819544733186 14.8523195341226 17.2989946326534 18.2931918577381 18.3415200551993 18.3421890378119 15.897502559806
TCGA-AR-A0TT 13.2764394840563 15.3750439584134 16.3631384649484 15.6275117343343 15.2449113821197 14.6387361776838 18.1134340147802 16.16600209338 16.2576234108541 19.5376117104519 19.2002405074692 18.1776622043396 16.2113659928162
TCGA-BH-A209 12.1216076874127 11.4930178757043 16.2344294008472 14.6703700664892 15.0065218125837 13.9797232425677 18.3508397809147 16.4094403671629 16.0267591560188 19.2930209177245 18.9316851044812 17.7191924555593 16.0173848126148
TCGA-AC-A8OR 16.0839260805026 16.8822689582486 16.0799937119871 10.4854740573707 12.9879904622448 15.1585865087003 16.9742161972614 14.3581225667848 14.5489910837323 17.6874653237548 18.2856817494554 19.0670340968172 15.88413513072
TCGA-A2-A04U 14.1718492437105 13.8977113285261 16.6418103418485 13.8391006169667 15.0089599703951 14.7947041632284 16.9834302772215 16.4391398395781 15.672444997842 17.6912290085066 18.3937738227266 18.1901469640943 15.8650973826893
TCGA-A2-A3KD 11.9101016274587 15.4379566992075 16.6634302221488 17.0755212923395 16.1485162297671 14.8510080327524 18.7942639743262 15.0542469913883 16.3727089415666 18.8068402056209 18.4730107560646 19.118460640876 15.6009464706539
TCGA-A2-A0ST 11.3226483662368 15.0570537216351 17.0008377670014 15.2570024463954 16.5820589809911 14.1482576685579 19.616323851981 17.2556683423484 16.1101120733147 19.7550443431557 19.2096570034133 17.9560451660759 16.1279647831913
TCGA-BH-A1FU 17.1075748179788 15.9996713097922 14.9284465308507 17.7939626634897 17.0437101129435 15.2602520563119 19.1214476411447 15.7729106654048 17.4439482983482 19.5721091952854 18.4948807983825 18.9378568442776 15.949907173459
TCGA-A7-A26H 14.6274344699207 17.4097849324552 14.6020796410829 17.2649290138907 15.5038206024841 14.5964222325008 18.3233061518753 14.2415954599771 16.7989789777152 18.6602341905581 18.9649837121929 18.1098383992221 15.999041996017
TCGA-AC-A2BK 9.42160749521295 9.14878626429982 14.9012302281153 15.2045716020259 15.0522620696841 15.6781721139528 14.8094882761831 16.6136800455679 13.6679586293622 16.3843045242769 18.3899540202488 18.0834684733222 16.202322310564
TCGA-BH-A0B0 12.9893767804124 17.8904152775259 14.2278338214859 16.2305950505892 16.9049523927796 14.8909805932684 20.072625842494 16.3420967968683 17.1528523199978 20.0110430990138 18.3649740603515 18.8882336894242 16.2426624579286
TCGA-A7-A6VX 14.6307601940193 17.3266285814864 12.7264505551885 15.8575839263543 14.7463569233989 14.5734400527711 17.9237206438624 14.131855264758 16.8535912205468 17.6535279889828 18.519798287494 18.0027229486763 16.2509125563348
TCGA-AO-A03L 14.2879866911717 17.3924652581022 14.4362640029387 17.0666858972334 16.0688393201738 15.3398104286241 18.1274001679159 15.2026251913589 16.9141418884623 18.6028292306889 18.9471274196607 19.5621166647578 15.9362409772338
TCGA-A8-A07S 16.3338417636537 17.9288345698892 11.3342357058806 15.3169603950284 14.2982550619822 15.2299896979818 18.3995463658981 14.4182494182072 16.0079287727171 18.315178199834 19.0789048739429 18.7732303118479 16.0578415767118
TCGA-C8-A3M8 16.2182208763824 17.0082820800252 13.6963348780195 15.8468541854371 16.6093874628931 16.0266295095835 19.2613884470135 15.9154025277911 16.5956124575538 19.4358290956063 18.9295552092919 18.3275436297878 15.2950102004925
TCGA-A7-A0DA 16.6865336229845 14.45327288357 15.1214520996594 15.3335895144689 14.7121693764738 15.4518072379274 17.6000731036644 14.0850304974367 16.5865167147695 17.3749416258962 17.8587050091758 18.1122429127687 15.761307929994
TCGA-A2-A3XU 12.8711093625591 15.3782717181727 13.1543096968473 11.9646600658055 14.2286061827726 12.2896460071851 16.7584441501959 14.5324496494581 14.4250642577919 16.204595920083 16.9637513821617 17.7357251302773 14.9269085154193
TCGA-AN-A0FY 14.3129534856179 12.5795811050674 13.793072011188 15.3569733206864 14.9068770231704 14.0312951108655 17.8207765345509 14.127728490264 16.6245134692932 17.9047882156352 21.7824551585227 18.0841368328977 15.6818713266951
TCGA-4H-AAAK 12.7778473740719 17.0838044053875 17.7264485622699 17.4609828429873 15.6478486475629 14.1765291160404 17.9722376823511 14.2210883718505 17.454807598424 18.0159215233687 18.4708802776295 18.3301052896862 15.6872940064705
TCGA-A2-A0YM 17.7610016456985 15.8040184039607 17.0327016456218 15.0373181140595 13.8928717946301 13.7923754414874 17.6134905421677 17.6823814913287 14.7417565472324 17.7937696580603 18.3252947311681 18.4047967208751 16.0569721585547
TCGA-C8-A1HI 9.43599913327305 16.7319573912745 13.1957983270879 16.3844718687251 16.5980754052083 14.0789332786491 17.2513208003998 15.2272686047921 17.3699248686355 18.2584227983255 18.9767034884725 18.8675613032253 16.1287437529119
TCGA-AC-A3HN 15.0890644682342 17.2774493134182 14.8889553819545 18.0421611927589 16.7846975587597 15.7543314620881 20.0056053822565 16.0308433939183 17.3506647072255 19.8386029196335 18.5135313654549 18.2869325129016 15.8805917700666
TCGA-E9-A54X 14.7025571367633 17.1426677629609 17.2191881917514 9.10939663578746 11.4441228928748 13.8836197817212 14.5162387499492 12.6158101182299 14.4567381832448 15.4012704008369 18.5588385854566 19.005723162769 15.6129349906044
TCGA-BH-A0H7 17.8745890292412 16.2624669897982 14.5207280752911 17.3066375522005 14.9360342000286 13.9091699966484 18.6107691500096 14.8128729523735 17.3030696693718 18.2455097988466 19.0785068075885 18.6837410753004 16.1328111305188
TCGA-A2-A4S2 11.8224028846731 17.0650619455973 15.6495728536892 16.1980130519042 15.533544910511 15.3980627525794 19.393459327211 15.8873723279671 16.7280208198966 18.7209460417762 19.3006178700006 18.5167820790303 15.6939091941788
TCGA-OL-A66L 9.40742295529318 16.1396505953189 14.4502014610775 16.1337809999802 16.4753707746236 15.0496930754477 20.2081430308209 17.0748376483193 17.1028337329228 19.6166392416729 18.0876747246996 18.0209419555672 15.2596830172134
TCGA-AC-A6IV 15.674526060202 16.6921053076244 17.1936289918006 17.4065309329179 17.2712908382754 15.4803339376398 20.6484718694215 16.3070634225673 17.3766781695976 20.442678196044 18.8959375751276 18.5168696770944 16.01840250833
TCGA-D8-A1JH 15.7617314554124 18.5227233751598 18.2813498171672 17.4726790785033 16.7690967107309 14.9561622639785 19.0391369502308 15.2794140266589 17.3885699362167 19.4241410714845 18.9683412925096 18.218605821661 16.1731779972889
TCGA-E2-A1IF 16.2382548738352 16.8889649158169 12.7611774967839 16.1557279904734 16.7626184344898 15.9123294897247 18.6079410232963 16.230650474877 17.5714709966554 19.1165843025371 18.2245613012756 18.6234859088371 15.5402075045496
TCGA-BH-A1F8 12.851478433476 16.8626985766961 18.1678413121548 15.5355906008834 15.0403765626208 14.1413528653166 17.335251779813 13.7349764962819 16.2964611889468 18.2259056441562 19.6795706292993 16.7981041350202 16.8485006324403
TCGA-B6-A0IE 3 16.3590805982098 13.3859481543984 16.9164902228228 16.5314590537322 14.8942075585542 17.5551497634486 16.0134148503139 16.7429506390258 18.1909422940702 19.4719057375182 17.5498390279063 14.7239319611082
TCGA-A8-A09K 13.0351213500143 14.5943432581264 16.3882217733471 15.5103290551485 14.5534359343331 12.4315810811376 17.2174123504685 14.0360335479153 15.1101007772421 18.0913123028056 21.1087853393912 18.0404078940484 15.6596392661444
TCGA-A8-A08S 15.6155711009637 16.3665716938331 17.0609933666348 15.0091559910099 14.5906060809849 14.2320422267831 17.5572095012002 13.7308478061974 15.7478173260495 17.6239881162319 19.3248966498682 18.7485023876819 15.7455026172465
TCGA-A8-A08G 12.3773190750054 15.937451520261 14.2247114074751 15.3516540486174 14.8581051268794 13.4525889752455 17.7856523340727 14.3677877009257 16.0369801089014 18.1858192125435 19.6021767476211 18.7784632915698 15.6417736298267
TCGA-A2-A3XS 13.6032728901306 13.943850308389 17.1844361265114 15.5293997931172 15.6982733530213 14.8661784686872 18.036887646262 15.7260189840247 16.3747263095027 18.5524749558979 18.4852902589381 18.2620818784725 15.2472362117183
TCGA-A2-A0CQ 17.1562658796878 18.4972819948107 16.2037056684214 14.0773338664645 15.512087633861 15.4925537943999 17.1095530268991 15.3000117189717 15.7764790849963 18.1471960249309 18.7700406475066 18.4322891781754 15.1858268164745
TCGA-C8-A12Q 16.1119158793833 16.8302322435259 13.6080272877125 16.917137282081 16.16964887718 15.1414799931086 18.4417490966486 15.1341003560956 16.6440625745864 19.3754176200257 19.3284492704057 19.700945452994 16.1121592686474
TCGA-A8-A07Z 14.4155988976531 17.5787193818889 17.2999688424748 14.1933966470039 14.3791756270144 13.1273700899157 18.4502765719119 14.9774059859947 15.7490118632282 18.2521976146541 20.3691880163581 19.0620541254128 16.0636886249986
TCGA-BH-A18U 15.7580317424529 16.2483323521719 13.8921173480864 14.8613316222808 14.8455916159718 16.4002783328186 17.9399859189078 14.645477977786 16.6408717396217 18.4184791776148 19.8747555162079 17.7615225321315 15.81434179975
TCGA-BH-A0C3 10.7236554622693 17.3200973728239 16.9279950708746 18.6653375931221 17.2078180712584 15.146178887034 20.7197121526042 16.3578209295869 17.6714781436144 20.1789589890035 18.5502438900851 18.4036994981181 16.0106303679086
TCGA-AC-A2BM 13.6409238971783 13.2799217047771 18.1353499288651 15.8558728135747 14.990255931718 13.2545952619206 17.4623213724938 14.1124515375634 15.2504292694685 17.8043017263596 19.3530457190796 17.6989108770882 16.449191529061
TCGA-EW-A1IY 15.0205162315712 17.4939593638986 16.0397898431899 17.2774903722756 16.339648868039 15.8348893843472 17.3368955285397 14.8992905539595 16.978728817103 18.8984540298576 19.1251654062431 17.6199069215336 16.6465066935441
TCGA-A8-A07G 14.3956717004857 17.0883379032975 15.0158381630089 17.1184355131661 15.7374421840118 13.7299852192848 18.3820036630146 14.9512026746461 17.539148087538 18.5918868539292 19.2853004651927 18.462544702431 16.2405012551773
TCGA-A8-A09B 15.0339116538987 17.5567794276752 16.8093597936953 16.772320657443 15.6115807291565 15.0782181451762 18.6812736640874 14.560000294913 16.2132832380635 18.6151180249925 19.7954956443811 18.1235805242319 15.7847171242462
TCGA-BH-A1ET 14.6446327276243 16.3722351173431 17.3079088140789 17.7826981291296 16.3846699051136 16.9532358751256 18.9904100044076 15.1062353229582 17.0533941305324 19.242869672486 18.5861657175137 18.2805214598851 16.2210696203501
TCGA-A8-A08L 11.4751024578221 15.8750621891998 14.514344320962 15.2991627284413 15.2116103117771 14.5727440050814 18.906599167795 15.1109248661643 16.3124351033634 18.8514653379079 19.2091954504757 19.5195639776883 16.07095014576
TCGA-AR-A24P 15.1321530173408 15.6718895951335 14.0377995537115 17.0013831678482 15.9815895124596 15.2954541263846 18.2550107131197 14.7058035649157 17.0196525169019 18.527980486163 18.7523494259873 17.8911743099664 16.1845304488694
TCGA-AR-A2LH 8.49711136362721 16.2642555925678 15.3466138713692 16.4524100002066 16.7231394350817 14.8966528154386 19.7438332875368 16.6273556572952 17.0731770257827 20.0712720878579 18.5360483806221 19.5836654329246 16.1136118709812
TCGA-A1-A0SP 12.5791743883845 13.8277795164886 14.8731195657142 15.7176102156968 15.5480392129001 15.0460253173609 18.2457793596491 16.2613939134184 15.7192906009194 18.4027818410924 18.8430523498846 18.4278555245434 15.7528607752117
TCGA-AO-A0JL 17.1600724300692 17.6673693311718 16.4984174949844 13.230561446468 16.1576457676882 14.8929293454972 17.6543269047054 16.1895397465096 16.4961715130262 19.0767564152476 18.0069584294301 18.1002321715546 15.1638992738752
TCGA-AR-A2LE 16.6233683340948 16.6503822785263 13.6766886306066 15.9822894991438 15.9703976210643 16.7034860243104 19.3245670693313 15.1748733868763 16.4904122850053 18.9724587238165 18.4341020585895 18.4348785138811 16.1809682565179
TCGA-E2-A1IU 12.8409264893513 16.7112232703381 16.6946657478966 15.3349605575215 15.8080028470492 15.8087651070289 18.750189893977 15.2156520031487 16.1508135706198 18.8625763108078 18.9903491288152 18.5520427215924 16.0828805717532
TCGA-BH-A18H 13.9186957153782 16.9045619786953 16.3919829499986 16.3111518985467 16.0672871637062 15.3725723771155 18.8116330006976 16.127983348201 16.2935266922888 19.2788882892704 19.5178941849853 18.5986175651418 16.3472953915707
TCGA-BH-A18P 16.86007705163 17.3012080995236 13.489486847607 16.2473008669892 14.9708488183723 16.0040038852566 18.1906968936604 14.5292524368541 16.1796584461003 18.17520779063 18.509833172814 19.039840451946 16.3559063147757
TCGA-BH-A0BP 12.4156382776682 17.0872718975337 14.8223807672284 17.1329835775109 16.9811866769832 14.9332476855737 19.7712142680419 15.9959638877214 17.2185863075953 19.8047393580431 19.2480514118899 18.9698931784678 16.566981514341
TCGA-A8-A06Z 11.8052727044291 17.3829606480482 10.3459533842224 13.5833648033309 14.2645076761811 14.1824681238442 18.5579343333334 14.645169265226 15.6607472106277 18.4458789969002 19.1229227132983 18.1432153111226 15.4878547090262
TCGA-A8-A07L 15.962504854069 15.3732060763473 16.0326449682698 15.9457867262339 15.5948228522035 14.2976407060692 17.6677554228974 14.8117877081622 16.6538287381369 18.135497179835 19.9432921060071 17.6725539349378 15.4411604622109
TCGA-B6-A0IH 9.40225547799766 17.6074910029726 14.4935008710498 17.7706894674945 18.0383093395109 16.0208889168115 20.1387191064724 16.6783619259524 17.7483208814286 20.1567130473281 18.6924389758325 17.6736789543625 15.9171333065622
TCGA-A8-A09D 13.7635067946553 13.8951487526229 14.3311652693126 17.2983037565852 16.324279943754 14.3928894967259 19.550814331383 15.7351268170952 17.1817077737103 19.7999986437022 18.9317067165747 19.0772635471467 17.2926271500151
TCGA-GM-A2D9 14.4896124418805 17.5696027441747 13.6140948167921 15.5430273428867 16.2136207256971 14.7354101186247 17.7312997347968 15.5384009620198 16.879849260082 18.8099525385098 18.5285198570507 18.9258938719275 16.4209749616658
TCGA-AO-A03V 17.6368963891016 18.1584852724369 15.9908815049267 16.031104004833 15.7534107771486 16.1909904738303 18.7749372033418 15.2282763198768 16.1337162148002 18.8956972637101 18.7616556157356 19.2359213489967 15.6173720236532
TCGA-A2-A0SU 17.6951768877168 16.719584947138 15.3509354022549 16.0561694563339 16.6226043705309 15.5830525515365 19.8072758858776 16.2323796721545 17.1806645089703 19.7269988880713 18.7386070231294 19.1416349417028 16.4347983810555
TCGA-BH-A0BQ 11.8071315538857 19.286859414381 14.2172714302039 17.1729432536269 16.923983146156 15.4771910834755 18.8941259631516 15.7312262406879 17.3736202460412 19.203278488046 18.5086002567234 18.4593901292112 15.8729565035676
TCGA-A2-A1FW 3 13.2465802160447 12.9273590564043 17.2652645925814 15.7120729561027 16.151434766378 18.1379915570063 14.4646448611381 16.4333605427077 18.4168575507649 19.6872745618936 18.6513898867846 15.7102554436883
TCGA-A2-A3XZ 14.061406872018 16.3599382204241 15.1050354409392 14.8528227699692 15.4331763733834 13.1403050567537 18.233261368965 16.1974396371474 15.786190659493 18.7688773355862 18.7024926476666 19.459935232928 15.2734887034675
TCGA-A2-A0EM 15.6557255347033 17.6156094619834 16.1305774949984 16.4381776134803 15.197120661808 15.8531876382446 18.4912062808712 14.9090165310074 16.6508096759886 18.3568417846571 18.777748363941 18.2769926824202 16.0764554134301
TCGA-LL-A5YO 12.3353629038711 12.8359444914366 16.190224261413 15.369906538319 15.4091839751069 13.5212678635968 17.4844727290703 17.0569817200239 16.074281829894 18.7415006821301 18.7469574508088 19.4797507457477 15.9423289886202
TCGA-A7-A0CH 12.9444996043435 18.1321089781205 14.8528342830483 16.2790681235251 15.1369893567094 16.3329617325513 17.8416867513424 13.9274543983091 16.2666454231836 17.8994401237884 18.3661588379311 18.268045997142 16.0063771195278
TCGA-3C-AALJ 16.7781441063277 17.8880010630488 17.7872178952981 15.3568329284408 15.4339315150983 15.2481732964528 18.489899460184 15.5354663355099 16.4922762389571 18.7170984389714 19.3053206341475 18.9322159418948 15.3263782042167
TCGA-A2-A0ET 13.7753183313958 16.3054230655048 15.207839167055 13.7538093330576 14.6168014102395 15.7534815755801 17.4667616529234 14.2383171616967 14.7726129471143 18.1465188302125 20.8395958752573 17.9369551287337 15.9812073709203
TCGA-A8-A076 15.7305713121711 16.1639520823349 16.0676402219659 15.453772372129 14.9446036506938 14.1402275729434 18.3335826483419 14.8486925799716 16.2748025945181 18.8168199971569 19.1523109810131 19.2804213712998 15.9138902451995
TCGA-B6-A0IK 14.7497614870812 15.6947159557672 14.6485541570577 15.2681693444186 15.801345096113 13.8150732576507 18.2754115678553 15.3212933306084 16.108505011919 18.8927544784206 18.8312801370746 19.3657008124221 16.3860647795965
TCGA-BH-A0BL 17.2206795596504 17.8260582894617 15.8943029691343 15.7305938080754 16.0798246649253 14.708879119436 19.3574683381172 15.8337188250197 16.5372681812796 19.1219426953531 18.7319796960331 17.5444563138081 16.0349637929141
TCGA-A2-A0D3 10.3878455385676 17.229983423789 13.6797498017908 15.328429189545 14.860034330168 15.1837184293216 18.0665427930939 14.4402191834862 15.7280192085872 17.9044517342163 18.5325459537996 18.5229022980649 15.9964055406125
TCGA-A2-A4S1 26.0105764605267 11.7459210706732 12.72290017001 17.7372226459012 17.5251609452446 14.6732265886442 18.1557500990454 16.6962014953965 15.6667348194175 19.2786891413518 18.5659836875304 19.0921788814331 15.8908053531555
TCGA-AC-A3TM 12.1207467671754 17.6089437306742 13.7750058204506 15.4605937231391 15.0255586271114 14.3302006969509 18.0903269604556 15.7618532662536 16.7585365322999 18.1665218076876 17.8708493450873 18.4851966416549 14.9578310670127
TCGA-AN-A0XP 16.331417698166 17.3811216466758 17.7025832634705 14.9281887977962 14.4769080591753 15.1284373901761 18.172377921534 14.9419264123744 16.8409076633125 18.3374534744219 19.4027362817581 18.3903422854297 16.3875407167511
TCGA-A7-A4SB 11.3783233554368 16.9367780896041 16.8806343945206 16.5723859914474 16.3947231418701 15.4088561531767 18.4447861529468 15.7554341161682 16.6601491546848 19.1915104091386 19.0711195251516 18.3904131364845 16.4779896464717
TCGA-BH-A28O 9.89276136869437 17.1034148590537 14.3067210883954 17.9709845879811 17.4327669329547 15.4018945802997 19.263481125397 16.2339950270552 18.1317428616382 19.3929514633816 18.4203553474085 18.1480531330727 15.7777218867478
TCGA-E9-A22B 17.4256000073423 13.9976163199011 15.0515853349686 16.2501876936905 16.4845621048634 15.0298269279111 19.2711844948521 16.0601833313057 17.3699565901862 20.5093546150619 19.147423963407 17.9380163321928 15.9990671416044
TCGA-A8-A0A6 13.9888841945769 16.8370831573215 15.9115049654348 16.434695314403 16.2249811177526 16.0909253793242 18.9132835684796 15.6487135830865 16.8683151684807 19.3526803278311 18.5557224189204 17.926691874344 16.6268235712332
TCGA-AR-A1AU 13.5974291713881 16.4140128358721 16.3197371233962 17.8641896169574 16.5946786493637 14.7251882215862 19.1331977114934 15.2591865655321 17.7745052769712 19.0513349586172 19.210119256837 18.1708182370165 15.8066209547208
TCGA-C8-A8HP 15.5910790380255 14.8473614961156 14.676379790095 14.0111910045202 15.2947670851782 12.8379244598857 18.2706591772613 15.9191329225236 15.8116185274557 18.7406247788502 19.4535655847706 20.8545619111126 15.6149763804754
TCGA-A8-A075 15.6770574056314 15.0012525981819 14.4252093493439 14.5279217430313 14.9977326824258 14.0798142761542 17.72796887306 14.8405233114627 15.9449002097657 18.6195000202364 19.0445653853263 19.4018003655115 16.2041613632969
TCGA-A2-A0D0 13.8320617233285 13.5890990591579 15.5947862734938 10.8379219825069 13.1602431657207 12.203674257402 15.3750001994724 13.4342168549033 14.6658102980873 16.4601623084598 18.8541669332125 18.7870614796092 15.4502017972513
TCGA-BH-A0DS 15.2532937767161 16.1013565153783 13.9819717381458 15.399377134377 16.1758799314703 15.2782298267316 18.7773201460671 15.5858926523393 16.7056545708408 19.3046307178967 18.2614685380057 18.4328176445648 15.7291675281717
TCGA-A2-A04Y 15.9382290810108 13.2868673744874 15.3566621748568 14.8838315798747 15.9477998511171 14.0451211070586 18.264747310098 15.3623232293295 15.957499005838 18.9598980258314 21.6608778254417 18.6331606753788 15.5265542969497
TCGA-A7-A26G 12.5399983982223 16.5588208855024 16.3166685099675 17.4039958474934 16.3560024696415 15.1511411021464 18.4874600414137 15.4044415217886 17.1742743727463 19.2321357283203 18.9607792683462 17.0880420341804 16.1179763133108
TCGA-AC-A23H 15.020761509427 18.8523768170296 11.4772245619676 15.411444768455 14.3745818270267 18.1993097327921 17.7701483160752 14.3386945250109 16.2961617243136 18.0045888569864 19.593071570861 18.9829295269059 16.126340823001
TCGA-AR-A5QQ 13.2987431062419 17.576630669557 15.1221588227597 14.9667106877719 15.0193786432788 14.2518568983601 18.2961778721133 15.8748454075247 15.8768560753119 18.7115282659657 19.5443102309513 18.5897739947489 16.4890786579818
TCGA-BH-A0E0 3 13.8640612676475 14.2319264555168 13.18749737174 14.7755484169291 13.7096063588645 17.6547989283072 14.3311022021681 15.1167123767925 17.9218827948416 18.8496844843314 17.8861542518932 14.8623979846814
TCGA-E2-A1IN 14.8889048556327 17.1617009055998 17.1010919816453 16.821833418661 15.7436211636698 15.4235779533962 18.1611582526168 14.6766848588169 17.6770971592354 18.2931714857697 19.6092819927958 18.0975658680046 15.8702905857319
TCGA-E2-A1IO 14.4359713923052 17.1744512413994 14.8179989826878 18.1936649637186 16.8000925009546 15.2913330523549 18.7536537497675 15.0372997001102 17.5388276748998 18.7750857024118 19.3469764028602 18.5177912801439 16.2270851119628
TCGA-BH-A0C1 12.9831525963319 17.8275557941049 16.1965305778418 17.0840666366051 16.1101479093104 16.1728523294335 19.217599807734 14.7987002069521 17.0266418334813 18.7720649371835 18.7416543808103 18.4126072380084 16.0837679460714
TCGA-E2-A106 9.97317693134158 15.9866253524347 16.5174876049886 15.1574536062147 15.098571551364 14.9342772420317 17.7603546919739 14.9912462075528 15.9751542448011 17.8905742008003 19.0261937786503 18.5629655313289 15.5999852661672
TCGA-AR-A5QN 12.4130249404272 16.6750365181698 14.8442709521974 16.9386202292912 16.0547040981298 14.7459010748144 19.1721992505974 15.8820427829722 16.9028759656081 19.3412438299573 18.7120404287347 18.7528858888099 16.0227788859035
TCGA-AR-A254 17.2149098747501 15.5959327872612 14.9647625296059 16.7103848033255 15.3711002161672 14.0592604531247 18.4105648189098 14.7195419855986 16.5849444547232 19.0573510451056 18.8386461731294 17.7745488015607 15.9094748351799
TCGA-B6-A0RU 16.8882677023241 17.2558650859041 15.9102543494696 15.5705133878368 16.2688614260389 15.1637595289886 18.5660153184029 15.1369709206547 17.4158420509143 19.1486092823234 18.6648256596563 18.7527859256079 15.9080085938976
TCGA-A2-A3XY 15.497473295202 13.1243807319404 15.1786553371349 15.7590180715085 15.6026141963398 15.1028432368038 19.1999796962233 16.1181487487041 16.6084947137609 18.936407925181 19.5578701699246 18.6447600544336 15.7135304409184
TCGA-BH-A0AV 16.100741586663 15.8357720967721 15.3450299085883 15.6035037805416 16.478645994886 14.35497318313 18.9439697113997 15.9817604516445 17.4010296510169 19.009649233804 18.5427839653652 17.6449901393987 16.0080899554493
TCGA-A1-A0SG 13.9388080213956 16.4659610350241 16.4129452189016 16.7767370825173 15.9695748368902 12.7569496480986 18.6336174108868 15.0142912006712 16.9411606867083 18.7259753366604 19.945034547295 18.9399093647548 15.5524275664044
TCGA-AC-A5EH 14.6398827715335 17.9400313285049 12.9638794832056 15.6709334337827 15.144312722133 15.7974891644661 17.1513151775065 14.72307182179 17.1126765685291 18.042179032984 19.2808141480748 19.3829910363694 16.0224338791694
TCGA-C8-A138 12.6172604427904 18.8438880372369 15.0139933162653 15.3526284588425 16.9848260640706 14.4060411524241 18.1401675740575 16.3184380972704 17.2586716520095 19.5579717790968 19.115769441511 19.5878262727371 15.6594002135004
TCGA-AR-A251 13.766289936686 15.5683737098347 16.1396989719736 15.6015420257073 14.6277565108992 13.6215905938293 17.8728535223087 14.4192918628254 16.1038033937243 18.9120161962148 19.457946588632 16.1644801910748 16.2660110510826
TCGA-A2-A0EX 13.8613681770574 16.2077282447925 14.0871656611138 17.4167304052383 16.8584274046078 14.3721844716035 18.5417554829562 15.6489937802803 17.6282446068804 18.8725907805316 18.699335198801 18.3544787558984 15.8193051704454
TCGA-AC-A62X 11.205292706942 16.610891942162 15.9990904960666 13.3587958245358 13.6447805785157 13.4719865114608 17.8640276685391 16.8321462980944 14.8422403530888 17.3779527045188 17.5353842747506 18.0575391534078 15.9121267148601
TCGA-GM-A2DI 14.8439891295777 17.5651373165598 16.7620987205498 17.8621571253455 16.5853165906485 14.3019737572075 19.7615387439901 16.2868513282822 16.9361564876745 19.8961377196347 20.0159979235215 18.7630064401866 16.138702873066
TCGA-D8-A1J9 15.0893034877032 17.6309947954322 12.8968024855764 15.8241667125675 15.1057941627379 15.615311776967 18.3628707997564 14.5549996563888 17.0779223964155 18.6040057909576 18.8428297974596 19.2342845898789 16.1478457775707
TCGA-A2-A0EU 13.4185316172727 13.7939962515708 18.6418184510382 15.8883198420044 15.2775216684549 14.8344158841643 18.1478049034682 14.3915363345274 16.2961107808049 18.4340523866627 20.0563233748022 18.048392339551 16.4443567126316
TCGA-BH-AB28 11.2579004305359 16.5337107261814 14.8489204685825 16.4057890969995 15.8997783497871 14.7733252650882 18.4969549488519 15.2721455360502 16.6436816826353 18.7280331817161 18.4886839567159 18.3217498739533 15.7062942153969
TCGA-AN-A0AS 16.1101491829894 14.3359797190212 12.1138395367717 15.9342880879183 14.7402426065841 13.0338512959943 18.0741582455747 14.7542253268721 17.3451094931865 18.5238561946399 18.9179215537986 20.0880011420166 16.9994586437695
TCGA-A1-A0SI 13.9810445640639 18.3903967704405 14.6380255743496 17.5093458443026 16.0091616548504 15.3923021995956 17.9637174916519 14.7589773897588 17.2800973202831 18.2958362611512 18.8849880157559 18.9856678503607 16.1004271662563
TCGA-BH-A0B9 14.6656330258627 13.8358751960188 15.6208278277042 13.2356783476697 14.0087159692442 14.0731949003971 15.7875342240715 16.9812419384042 16.2999437148912 17.3911374148512 18.2662270790249 17.1412468251175 15.628935782264
TCGA-A7-A5ZV 13.349179797542 14.4961731417803 12.7292958971224 17.6510114448694 12.0569262310951 12.2940773256187 16.9820172835249 15.8166186240148 13.59242801158 17.3676139650102 18.9140961656611 17.7718612681879 15.6340156143257
TCGA-BH-A0HP 11.0721454489607 15.8085274872438 14.1753024146462 17.5351250878597 17.3905938877328 15.9598286005981 19.2519829439447 16.1539745835624 17.5356437293646 19.7249439361834 18.1732962086428 18.3233511424925 16.2132194002277
TCGA-B6-A408 12.9820265559538 15.5019848137766 14.9633333710333 15.1485004608676 15.3342566204105 13.7304855995612 18.312730004339 15.6904711023986 16.1727590375668 18.5758002528284 20.2855012507713 19.2222724882434 17.1315497776455
TCGA-A7-A3IY 18.6504550817845 16.6915170465076 17.7342264448017 14.0628603257651 15.4745382770667 15.3606530727763 18.7983617530411 16.0156876575208 16.8242782797172 19.1727151668859 18.4391503981869 18.3701892462492 15.9799804922914
TCGA-E2-A570 11.6391848253578 18.9741340263062 15.2442649985576 15.6527317001818 16.2377477925577 14.7013646751212 16.9551712661002 14.8818519960972 17.112283457051 17.9600459742711 18.911903576865 18.9466220012582 15.6412273434175
TCGA-A1-A0SD 16.5540588768359 17.1110898633998 17.5301374480749 16.9582674457238 16.8180504062121 16.7765379342387 19.207019676429 15.8735383625359 17.3081926352985 19.553115139625 19.1791681939234 18.3853235451796 15.7244713071137
TCGA-S3-AA14 13.3733789405077 17.2908498653084 16.1873022286004 18.0814902479845 15.9999300877735 15.2669599335458 18.6720831410667 14.7633488916372 17.1511118264091 18.1479132772293 18.9269799646115 19.0572697284166 15.5858986471479
TCGA-A2-A4RX 15.3616010499943 15.8609714238134 15.158500017383 16.0745476992176 15.6334857291118 15.1600493737578 18.4179504582115 15.5049396504706 17.226172851361 18.7022415484542 19.1423196630645 18.6974331427588 15.8106122117132
TCGA-Z7-A8R6 15.8869041097897 18.1743322446659 14.7240852762298 15.5171089880248 15.0373871707823 13.6228454438365 17.4139934168545 14.3699487831714 15.9785255506019 17.9179787047845 20.2792529898581 19.1991475245198 15.608706734938
TCGA-A2-A0EW 13.1713946035925 16.5855836679859 14.4578832724005 18.2717752850468 17.0842496497074 15.8043890799637 19.8845993630052 16.0156146138698 17.5115909726023 20.3431154355303 18.5098793433544 18.300903837766 16.0808899757936
TCGA-C8-A12W 14.4921648974971 15.9024762438026 14.6208158198049 16.6992524006559 16.2749055058843 13.0434535812198 18.3868315684166 15.9700497447043 17.2602799180742 19.1859999333726 20.3980908533294 18.0968095047655 15.5800852750624
TCGA-A2-A0CV 7.63889473619838 15.5681037774478 13.9318902847854 17.0597259575529 17.3164818043685 15.4233840868322 18.1380277963815 15.9929816562102 17.3226942252776 19.0878438776455 18.8912648532552 18.4309898453941 16.4006047378441
TCGA-A8-A09E 12.2358985991468 17.6306256814265 18.3986363066763 14.7601211415758 14.7891010649904 14.7657244664925 17.9485786488956 14.4382536722907 15.4057355248904 17.9193100454987 19.3271296715045 18.4688678761761 16.0686740606131
TCGA-AR-A24N 12.0733968341509 15.1114384490047 13.4844819007304 16.5555704829557 15.2393177557303 13.4998791276942 17.3507226847472 14.5145327870653 16.6475057398956 18.195010193348 18.9170975788579 18.1630185388424 16.2225231954996
TCGA-BH-A0HA 13.9247388739451 17.8899495167485 16.90800527125 17.0100535492975 16.7172365201517 15.2526961227853 19.0272946791414 16.2989576214304 17.7284137878855 19.4480565147736 18.7865366371533 18.502496821261 15.615911851267
TCGA-A2-A0YC 15.2047139405473 16.9860577041598 17.2060362544259 16.1104512668104 15.4497478303562 15.1686733407366 18.6360779051961 15.1249155986654 16.6363943993304 19.0439696134713 20.1083354979413 18.0254678194763 16.0816360747917
TCGA-OL-A5RZ 15.6517361084936 15.9028189875073 12.0152340809576 13.803772284171 15.3068796382707 14.3723498424238 17.7757760784108 14.3469791279613 15.1115210614961 17.594930057933 18.1935612051583 20.1472474965375 15.2209881411188
TCGA-A2-A0CR 9.24815981128956 15.6070395117114 15.5281885759811 16.8012995157129 17.1814530888665 14.068960520307 20.112428402586 17.6431297223541 17.4486849586674 20.0536229011095 18.1478434624821 18.7163908546688 15.4670604661997
TCGA-OL-A5RX 12.3485992383562 18.6418948887157 14.0503156733138 16.7639960018446 16.1227382663084 15.8153388131699 18.1288788336312 16.0466472061137 17.0042252494738 18.5455321370521 18.6603150628005 18.6648812682899 16.1686737410653
TCGA-AC-A3TN 14.3606334292647 16.4115441119285 15.0120074892674 15.1831777892577 15.2573627800208 15.1985596850557 18.2737849825697 15.5376129948099 16.4074797701839 17.9991455156687 18.8282737447558 18.608728479181 15.3309999466748
TCGA-AQ-A04H 19.2269876390225 14.3300864698104 15.8924709658977 15.502493650696 15.5204995831506 14.6185261785402 19.2310750352925 15.1377486908583 16.5201955811665 19.4468334156697 20.2158861151532 18.9705525368421 15.6025050375253
TCGA-AC-A6IX 10.5009787359186 17.0069416237434 14.299730319984 17.3455528610333 16.8897442606503 15.3595697428372 19.7813720856046 16.1500125394702 17.0164321898072 19.6734702722523 18.5832582826593 19.2190859603877 15.8309038509951
TCGA-AR-A0U2 15.225647683873 13.828990689688 14.6719499994985 16.1113635502396 14.9562304452207 14.7699894961601 18.1883065153637 14.5385506632739 16.0721391965331 18.5977347977473 19.3547636029654 19.3431519821503 15.7265181355525
TCGA-AC-A3W6 13.953010828982 17.8581874062415 15.2771154494182 17.7137711628543 16.8463808991306 15.3657179567877 19.7945870482281 16.5624760738618 17.7923139897336 19.817301048354 18.3511819085739 19.3038585882275 15.9170698511931
TCGA-A2-A0ES 11.3869914599438 17.6715736922326 15.9909856863366 17.2536356105478 17.4572993858969 15.1235491862472 19.4162232830986 16.1877650486567 17.7891859994021 19.8469641350502 18.8201850328474 18.2640522557461 16.3717630312721
TCGA-AO-A03U 14.6241225713413 16.51103240627 14.8117584547311 16.3046524259658 15.885268545333 13.7267861371201 18.4209701576411 15.049206033747 16.0525161075199 19.9310366509885 18.3950422635244 18.6444364622433 16.05003932298
TCGA-AN-A0AL 15.3760989146769 14.2182141682637 15.9953916847545 15.0819680932611 15.5310070486787 14.2924741309317 19.3889322677364 16.1671135807684 16.7536670814245 19.3260888791246 18.4448548822548 19.3875645817098 16.3231882936231
TCGA-AR-A1AP 15.0777528949373 16.9226557011697 13.9381307122408 16.2851416980226 15.0958001559495 14.2149024598142 18.3314975049589 14.7384051264034 16.0938250738235 18.4934780984408 19.509199910985 17.9471802965112 16.0080641761282
TCGA-AC-A4ZE 3 16.4580620828629 13.2682221769443 16.9257305684062 16.3539684068237 14.5756615929461 19.8144196588847 15.8043273724439 15.9683300342241 19.3831070296611 20.4419105056418 18.7481085619617 15.6834208735776
TCGA-E2-A15C 13.5854892433883 15.6360238074284 16.6041471020864 16.2715885368605 15.9571998750505 14.4326540993615 18.0162037011535 15.0436632718261 16.797983316817 18.6136769488465 20.578869455151 18.4199939047036 15.6663035816838
TCGA-B6-A1KI 16.991439772292 16.0889056589089 14.4810798135426 16.6328031518312 16.4970276108639 16.5837010304652 19.5626224315036 16.2101136900181 17.2960303957148 19.8421835572032 19.0862951486504 17.852116843431 16.11615196852
TCGA-AR-A24T 14.2251540230861 17.567150146735 16.5296939517543 18.2832364042536 17.2051229190316 16.4934481329848 18.9494222368676 16.2861057014473 17.9416325993053 19.9310836029382 18.5843629547013 17.5387637131239 16.5406283618247
TCGA-AN-A0XR 16.6266125800502 17.7439234453263 15.5182874911775 14.4131818613706 13.5894384795697 16.1108332272308 17.0900868462928 13.5627683346195 15.6434350398915 17.1454166920014 19.7295415928657 18.945376145666 15.6591836176053
TCGA-AC-A62Y 13.9583864803893 18.9863976842377 17.8924830291271 15.0900929417228 15.5964033033952 15.6875298556095 17.93737464637 15.4148600570638 16.2022055882469 18.9766376696942 18.787675181944 18.7275037745846 16.0001137658891
TCGA-A2-A1FV 11.8649290001232 16.9080252076069 14.0401713408659 16.9172897356711 17.2206524103813 16.8754267807516 18.8204023158187 15.9715595229199 17.0604502885685 19.7894179790868 18.9221129352047 16.4620545220952 15.9154035209916
TCGA-B6-A0RT 9.2963625700264 13.543858278605 17.3959896220234 16.5971816383196 16.2194423297948 13.850492130343 18.9604254486529 16.8434041573074 16.4373180746145 19.63298190695 19.243226663385 18.3106201768149 16.1373178177529
TCGA-AN-A0FN 15.2199680081411 16.2996668388338 16.4983355346206 17.7119892675021 17.8991857559336 16.0674805952194 20.0444904246274 17.1945807402572 18.3900710523853 20.8594410527165 18.4767062592223 18.0225081511632 16.5686204505364
TCGA-A2-A25C 12.3966985658571 19.5827236718931 16.9052561730711 16.9697517895537 15.8139383218052 15.9996375914885 18.5598558605222 14.8563066910602 16.6585564146247 18.890617199744 18.607739103494 19.1767828611079 16.0293162727908
TCGA-BH-A1FG 13.5057955835741 14.7426425935023 17.3466017586836 14.6863041077841 15.5510350122046 13.072043275243 17.3946623254558 15.1981616139455 15.7559260745961 18.4336625960072 21.9539977280176 17.79996454875 16.1531163087224
TCGA-BH-A18M 12.177866333619 18.0542059061615 15.712972993788 17.4394908131175 16.6843013990795 15.0998255767593 19.5152454225538 15.3903072512183 17.2788364140761 19.3508395786517 18.9395059234337 18.2287353219777 15.8123907313782
TCGA-AR-A24M 12.7727265007591 17.5011944094264 16.5964728672103 17.2361438351795 16.686516473422 15.9002971278746 17.9850829403566 15.3222972374108 17.1597720017479 18.9052987499198 18.6562813426897 18.3329622118966 17.1666250891832
TCGA-A2-A04T 13.2157445488496 14.646378561236 17.2611973837161 14.6760548440246 13.9618749853688 13.4407603630119 17.8050572007841 15.4714387820977 14.9582240939255 17.9664050441527 18.904937253067 18.4234080655937 15.8512984224841
TCGA-D8-A1XM 15.9624616512084 16.9512893142559 14.9926110950855 17.3994303277291 15.8191894451997 14.4111189317425 19.006513183529 15.4799822716317 16.714625704833 19.2187355342098 18.9870968747297 18.1110556685904 15.9755329940218
TCGA-A2-A0YI 18.7523556060599 17.4729884868393 19.6309427977444 17.2799814800139 16.6831757454114 15.4856856146188 18.8115381626565 15.6340598206503 16.8773982375911 19.5299937374583 19.4477246581376 17.8659112674721 16.003101192871
TCGA-BH-A0HY 16.6823769665866 17.683424931957 11.7518621541791 15.490921078538 15.0125714398801 14.617346933615 18.8698708646898 14.7536762123885 16.7918942958278 18.9164636687668 18.7349031796434 19.6968938044861 16.3097603507902
TCGA-A2-A04X 15.8735389106001 16.6001201655608 14.6614306747251 13.8733164678568 15.0683907223791 15.5475189354644 18.2265295659429 15.9267337702257 15.870169497201 18.9534983761172 19.2130844340024 18.6282288116389 15.6175236526061
TCGA-A8-A0A9 10.406064996543 17.0118562776412 17.3584617297256 16.0458550438608 14.8177752500283 14.1768056835954 16.440569336899 14.3228533684488 16.3525947697373 17.8165277578981 19.59674130032 18.335002571311 17.4228103510291
TCGA-AN-A0XN 17.5774369807548 15.5848820599558 13.462339683118 16.9981448725782 16.5495008789751 14.7951566160328 18.8260168484104 15.4937325356983 18.0407262811883 19.2609824974292 18.9758631677727 17.6216160629058 16.5483725431663
TCGA-D8-A1JF 10.2398024508066 14.1887777526707 14.3562523675407 16.8215021717136 15.1790586434267 13.8332122272728 17.4120605720756 14.6749478907063 16.5595695359787 18.5101023953638 19.1684413636154 17.9392579550588 15.9087068771597
TCGA-GM-A2DK 16.1732029561671 15.6987485418979 16.0659002431755 16.2130265066916 17.3303918590316 14.2557594334056 20.6796400403888 16.9082093765456 16.5305367586848 20.4928776760247 21.1701445793836 18.0276465436437 15.9951981373738
TCGA-GM-A2DH 15.5807427330227 17.9690202495712 15.6522989148011 15.2045432864674 14.8540488991809 14.4281659578299 17.9605598075868 14.6938649715757 15.5659638498181 18.1371721762972 18.6456297628129 18.9136554938099 15.4079561805066
TCGA-BH-A0BO 13.0473671420338 17.6333992944076 14.249240021639 18.0470499921487 17.2783458827453 16.2877531991391 19.7598747657046 16.7846715717333 17.5977619327801 20.2621103575581 19.6977787315715 18.2866775200432 16.6127857905818
TCGA-B6-A0WX 10.803970433946 16.5676488654728 14.5540977507522 17.0785708836232 16.3308346292558 14.2693862439926 16.9783371065669 16.2834450681057 17.7045746527247 18.1433925335775 18.2523678069043 17.2876636966971 15.7621709522707
TCGA-A1-A0SF 12.9748264540215 17.9314698613233 14.1870968048374 17.2078397903577 16.711752516185 14.043710357635 19.4728673697329 15.7663405054062 17.0196844681102 19.2216197791995 18.6931557676289 18.5697022248252 15.8568978981695
TCGA-A2-A0CT 14.491778642697 15.5868140469231 13.5664413279847 15.1761511403158 15.5558540318685 14.0967385148836 17.8436990898248 14.7041031096307 16.3411988243076 18.0592675188118 19.7119809831682 17.9525672462879 15.5956003231494
TCGA-A2-A04Q 14.1645379445693 14.6477060607871 16.6187405838618 15.1229831800293 16.0180945524076 14.0576073130361 18.0576624339396 16.2332356800271 16.2297547674764 18.8762170456533 18.986938226955 17.6931272941089 15.8393972034721
TCGA-C8-A3M7 7.79975107239537 15.6684202811392 14.0442497602766 16.7201422779725 18.2404025051639 16.2834535453168 20.1731364221522 17.6619743984972 17.8159103827615 21.2031087528433 18.1170091217124 18.7548699572019 16.2257437656341
TCGA-AO-A0JG 11.6493074176497 17.405285081055 15.8135559182119 17.2619522296458 16.7147244382253 17.0983976860279 19.4128270728032 15.815525981282 16.998994116323 19.4507345647562 18.7375753450109 18.3961108367132 16.0483136791536
TCGA-BH-A0BC 13.9676714821788 16.9874091250264 15.5461517398142 16.3334538862497 16.5751261788566 14.9825573799017 19.88257387833 16.7562474553769 17.4095641407969 20.0597532295188 19.6330127437675 18.8043636306608 16.3128389558899
TCGA-B6-A0IQ 13.4276687657413 18.0573674826719 14.9068690832167 15.5004067705986 14.3660917427922 14.0035241402441 17.2690933105494 14.8176635760548 15.0013097004791 17.2472964375827 18.2945010717919 17.4222081553728 15.326056788715
TCGA-A2-A0EN 15.1807002225438 16.1842819885291 16.8592223042431 17.608137869233 17.0275841717656 15.5910343652408 19.9714267439617 16.5044440002757 17.3455050581341 19.9689733246069 18.7960871311225 18.1634061472282 16.3178150356351
TCGA-AC-A2FO 9.95332163529577 16.6204040306343 15.4878454857476 17.6663000401917 17.0742974254814 14.2839464774835 19.5786527931925 16.2283454466592 17.3416793016512 20.0695757950804 19.2347395526312 18.1017911347014 16.1553539938682
TCGA-BH-A0B5 12.5048345230439 19.7719140852141 16.5886967024904 17.4275409879277 15.9778422436373 15.802745647758 18.6539015922716 14.8743123420776 16.9614262980193 18.6789285293034 18.587627064935 18.3760432719308 16.1309680843239
TCGA-5L-AAT0 14.8205072182845 17.7574150205781 16.6986385619017 17.1251516891654 16.6079228272541 14.358462776833 18.1889234355029 15.8577133554845 17.3459995521262 19.023530980916 18.4169627979453 18.4704360509802 15.7605487175971
TCGA-A7-A4SC 11.1541274909908 16.9511162479545 14.236182219444 17.775747825965 16.4489578645443 15.2326760692728 19.9511701104691 15.6754325116285 17.0442589323778 19.3881117022847 18.6151801807733 18.42531271227 15.7369326031046
TCGA-AC-A3BB 12.922972213526 18.4925392012806 16.1672903461839 16.5755647946304 16.7774061931404 15.0895220240763 19.5677763878032 16.6745809160997 17.0986474026115 19.6508066283045 18.6688043079666 18.7071726926458 15.981892583566
TCGA-AR-A1AY 15.6529084104533 15.4404514901084 15.6004259617071 16.639038689778 14.211981282786 14.8629498523052 17.645042225371 14.3335609697148 15.5411054100558 17.6678492973013 19.3977459839866 17.9263488238319 15.9570188589597
TCGA-A8-A06Q 8.49191967991416 16.1733894895379 12.7008435746309 13.5927522355785 13.6129568918293 13.0885559389139 16.5366526809179 12.9000164268903 14.5990862830913 17.1841354706102 18.6253047563766 18.6635891203819 16.9378144337254
TCGA-A2-A0T0 15.4787259363535 15.3678506426928 14.0433028665532 13.1274505821159 14.9237450007419 13.8804154299016 18.3080042146819 14.1256008261966 16.2646160396833 17.9776410921365 18.269422445653 19.2431944173418 16.3175507330666
TCGA-A7-A4SA 14.9004951271934 17.6052851370995 18.0533148332639 17.2241058150064 15.8896970309655 14.1170717546939 18.7603362441898 15.6776365398674 16.8981485407725 18.9096891723548 19.3368753071318 18.810185526661 15.594169691101
TCGA-A2-A3KC 7.92365746247948 16.9264371144963 16.9292788255173 18.365380421196 17.311297461176 15.4873980545783 19.5021983461984 15.7638433521122 17.4470379008877 19.4948226993821 19.1756705536938 18.4472752986667 15.7691586504741
TCGA-BH-A0H0 7.58246087526705 16.7210001919952 13.7710367653332 15.3161858112357 14.7978811071294 14.5923837627868 17.8731038356774 14.5663807209509 15.4813003230692 18.3419734817239 19.258110965772 18.5759821919823 16.3429318641762
TCGA-A8-A07O 18.2210904762744 14.1743624385536 16.5061874829447 14.3519207034263 14.4209546217339 13.6288594285658 18.1945555490491 14.4295834317652 15.2008225805872 17.6957220497699 19.0855918331672 17.3564067120391 16.386469702952
TCGA-A2-A25A 11.6841696795548 17.7993734084106 14.8904439373299 18.4782343048694 18.4133561442211 15.91862849523 20.1482698248468 17.1409553115359 18.1698678978504 21.1468299141666 18.4899163348506 18.4393308838224 16.0039183312644
TCGA-LL-A441 14.8388966711902 15.994813545278 16.2131477861771 15.5578988427546 15.8924872574857 14.0249877751174 19.096651936005 16.8801331822259 16.3291520957734 18.8231785896787 19.366703255087 17.9741200709085 15.8999294660974
TCGA-A2-A0YT 13.634113346468 12.9732281270788 15.0320941159212 16.5368144121466 15.9094892348938 13.5363116735711 18.8481685589043 14.8037867987286 16.2207675740039 19.2300074912655 20.3379327248577 18.6458004029349 16.5949474084937
TCGA-E2-A14U 3 18.16635665053 15.129439250925 14.9355533857964 15.4835394372599 14.609374381397 18.0402791204579 15.5193013471614 17.0333574529914 18.4955236492613 18.8343986818204 18.5870573168325 15.2877112695936
TCGA-A8-A083 13.215657613465 17.290273815483 15.6920098676431 13.5828463535694 14.1019162073871 14.1951565379053 17.840977275997 14.3882682479071 15.0473036010762 17.8839062153344 19.8456278465393 18.2914133896401 15.3294191744866
