X2864 X114 X111 X9495 X11069 X196883 X54331 X5575 X2791 X784 X5576 X60559 X5908 X10554 X5566
TCGA-BH-A0HW 9.89701646856003 3 12.6852486311008 13.0992406620699 14.8124737182569 14.4766206207418 14.6327375627311 16.0748031179277 16.4774931884556 17.3480329370207 17.4286332536239 18.5627831390535 15.3433194299674 19.2287966394428 18.6187042554512
TCGA-BH-A18S 3 11.2656892744342 13.8347579408801 15.9656668056311 16.2919135021116 14.1776554936116 14.762837733813 14.2085413298883 16.5266677847611 16.3105927584576 18.079908292943 19.0609798027903 15.9159944985183 18.7018587951943 18.4718681754503
TCGA-D8-A27E 7.12850714364171 10.892073566505 15.1541919947944 17.2770234747368 17.1791864687828 14.3621378980192 14.7110455430559 15.9525125023995 16.4675919404428 15.8389528536021 18.5434744480116 19.3197052058787 16.2808368165409 18.5926493407471 18.7199024879425
TCGA-E2-A1IH 3 3 13.4849468839542 14.7341110969892 15.8258986740274 15.6604350895837 17.1949021176884 14.8393389233858 18.9770243926935 16.2819197562719 17.9865672127818 19.1548706418256 16.6546113389728 18.8794647687211 19.3662660399495
TCGA-A8-A091 10.162353623316 7.70414187409255 18.6532768621625 15.293918973921 16.1019080469192 14.9664763999006 15.6162493142996 15.7540953721929 16.8515456800278 16.6963421340194 18.0163813168802 18.4146709690664 15.5367194654282 19.1811757019475 18.6931627950941
TCGA-A2-A04W 3 6.74266179726588 14.5410803327678 12.0810312863797 13.9506605518829 13.7185884315695 15.1405219132566 17.0863724418787 17.378095896124 16.7908715744395 18.248150677142 17.9063356169877 15.7632182669649 18.7365681782176 19.33313595392
TCGA-D8-A1X5 3 3 18.5542064010153 18.5082148304208 13.8820774031688 13.5449566906913 14.861915720857 15.9266726882878 16.2669250443413 16.3731846350265 17.9367979797621 18.7872307810114 15.366579294569 18.9209452260331 18.4089870635851
TCGA-BH-A5J0 8.78529049052021 6.52313870618241 16.3524270918135 13.636546544558 13.7119976798728 15.1180918774359 15.8217542415279 17.2619243930031 18.399980081025 18.2881364963345 16.9752263497118 18.028640036411 15.3889706855079 19.1123353215071 18.9404763767419
TCGA-A2-A1G1 10.2763414314936 3 11.0320622067339 14.598009377979 14.462512795612 13.8147883873154 15.8951384980923 15.3726918791386 16.6523644673666 15.5513002683278 18.9465962569149 19.4979381290069 16.6040206331694 18.8683177932728 18.871086021287
TCGA-A8-A097 8.46839420557992 7.54653045189876 13.8674423848339 13.128362251516 14.2426939308324 14.3984313437531 15.9940912592225 14.6066613583801 16.8887817744787 16.7278468945797 18.729443525717 18.8470115140504 15.8225387922266 18.8316428777464 19.1804551259893
TCGA-C8-A130 9.01033400500861 3 13.1566615729758 13.9172004279614 15.0019858561833 15.5317582755369 15.6931072196799 16.5239026735287 17.7659120162051 17.4108332219264 17.4141353464249 18.1518743396322 15.8848922227625 19.021866172079 19.3135360539366
TCGA-A8-A0AD 8.69255251817151 3 16.2953745064563 16.2573222531057 16.768074863299 13.7134765652971 16.2536436464815 16.0189203783188 16.6691064624656 16.0060708127933 18.5009033782872 19.305392485183 16.567742166187 17.8494216206461 18.4846746560628
TCGA-A2-A0YL 8.77968834962297 7.45354325003665 14.941930210531 14.2722572973118 15.8100276579352 15.1414600632413 16.104452905235 16.7605539474322 17.8662781911967 17.3496352856458 17.6959511531517 18.3576852648534 15.8737158093823 18.7231088188448 18.4920909571929
TCGA-A8-A09G 3 6.8187630498853 16.5275317578839 17.3567854339189 16.2523857006476 14.1867559101127 15.6207993839265 15.7508052702237 16.4700211057517 16.6427496214345 19.0645350061441 19.0101816134041 15.9670595915188 18.2097166955642 18.1983227049013
TCGA-A2-A25E 8.15989114216679 8.37214773696432 13.339042320323 14.5761011783356 14.2290897423505 14.3874474467297 15.4439410231683 16.1662234880544 17.1300147257891 17.2613183087214 17.6598883300102 19.6646551412714 16.6861844960012 18.6260655090705 18.6980769058058
TCGA-LL-A73Y 3 9.51032375515347 13.8441598421685 12.6650461088681 14.8756880805872 15.4969738596611 16.5208784390719 16.4538033107946 17.8273483679995 15.7446960199324 17.6793010703685 18.6014873933567 15.6357170114912 18.9120824390072 18.4368980162612
TCGA-AR-A1AK 7.48585215907191 11.1455136812917 17.0149279162968 13.1717666885773 14.8258662312052 16.4699058142121 16.2973890571548 16.2897451911184 18.006767297466 15.6834737765619 17.8564998471057 18.2806070980066 15.936859439566 19.0104372309056 19.1321712210009
TCGA-LL-A740 3 7.24512045384381 12.1348217046752 12.8122047079005 15.1594303092179 15.2699349083869 15.9148628073892 15.7875718417597 17.9037054683041 16.4315753548136 18.4054958885003 19.0385473243384 16.0916468021749 17.7792897118516 18.279773402801
TCGA-A7-A425 9.93506842047774 8.58653319522621 15.5837121266708 15.7172867906435 14.3966149017444 16.3113275299364 15.8176343087685 17.1774874870685 18.2331393986663 18.2690833830162 17.6932213560824 17.7984930084641 15.531930516819 18.817656773991 18.4199934561384
TCGA-AN-A0XO 3 5.87427915478252 14.5426317839924 14.7325384129008 14.4711971450199 13.1223798136542 15.1389362534704 15.8995880050486 16.9902553312611 17.7293201668868 18.5289924392934 18.1315787417447 16.1353526802543 18.8569791514349 18.5581792941473
TCGA-AC-A3W7 10.1903610799378 6.75454584410486 16.558081497796 14.9193957514776 15.5974629491124 15.6656379865368 15.2585327552056 17.0882612912488 17.4201123052934 18.6902809576852 17.983887795679 17.9885698151279 15.8714114403334 18.7225622973119 18.6360652958727
TCGA-BH-A0H5 7.45605329034205 9.73578090976983 17.3000841642953 16.0795084872879 14.3971257904547 15.2455560457781 17.4929337314492 16.5952820632955 17.320466706491 16.2417037514218 17.9764236346099 19.1165334137346 16.1050459208743 18.6053940489827 18.4987669076571
TCGA-C8-A1HL 8.94574927134275 3 13.9819601820578 16.4659629488075 15.5616502071975 15.6599559655402 16.6778268103793 16.9930076598948 18.6894485921464 18.788999486236 17.9266285625751 19.0225963119311 15.9671797909576 18.8282688227932 18.8167222083532
TCGA-A2-A0YF 3 6.68310606124205 12.437333244637 17.4245823587094 16.7711461892777 16.9242057193111 15.9321080034935 14.8698958541571 17.5913112994758 15.3492170439492 18.5686321176476 19.476129487372 16.0889949239316 18.8207884755325 19.0131731118139
TCGA-E2-A15J 7.40801153354745 7.61637788924084 12.8828423933526 13.4779383685071 16.3751338774303 13.7977929534277 14.2877945183734 16.2333423585924 15.6536476640317 16.7772523036656 18.2648266943805 18.7275907512595 16.1378565632572 18.4314192628428 18.9639376749251
TCGA-BH-A0BW 8.3270350701744 3 12.5995235539737 15.3232569677333 13.4079866592493 13.0430818405631 17.0517217834194 13.9401852044595 15.5990237731636 14.8158270683855 17.553434720617 18.9328766842067 16.4621711150121 18.4803861408864 17.44037667576
TCGA-A1-A0SJ 8.41980954228912 7.10504225651548 15.9665841414674 13.0614185841637 13.9311897456373 14.9179564001314 15.9722836219089 17.3030094270627 17.8191533053199 15.9774429982953 18.383071292615 19.8567678248543 18.481111196713 18.6321103713907 18.4729307651209
TCGA-A2-A0EY 11.1332079593651 9.55406642718453 17.0380979177538 15.5946734247761 13.6093360713547 14.2659691945051 15.5107756160785 15.2572983983709 16.5291970970032 17.3059152451108 18.3912954266336 18.2417342652457 15.4076818861288 18.9244976571257 19.3405143620118
TCGA-A8-A07R 3 3 14.7296215277156 12.5927794949387 13.8838666525668 12.3438106321253 13.5726277544387 15.6944754573858 15.4027789203356 17.2987046694765 17.8121976491113 17.0168121870311 16.4359338508734 19.2619617457738 18.5114213698996
TCGA-BH-A18G 3 11.8377013413036 10.6091221824642 12.1511399246105 13.6129446877952 12.1085019738147 14.8801094595554 15.9100063198359 16.2541274652617 17.3220488445977 16.7341582044998 18.6061218767263 15.5895823071724 19.1038297143298 18.7224729398465
TCGA-BH-A0BR 7.66489357672406 8.59198540090571 12.7550984642029 14.4025780584827 14.9535946958118 14.6803114331797 15.9366566972952 16.9407637423615 17.5574213644184 17.2518730645655 17.8252729793234 18.6910008305676 16.2580334141761 19.1190045150988 19.1137877697081
TCGA-A8-A06N 11.7840645949872 3 18.4229453233658 15.1248255456709 14.1968624075807 12.8153765503578 13.6633154403935 17.8044978451093 15.3835463699218 15.9285496272822 17.6681537899806 18.1868188510837 15.5082079230228 19.3751192144079 17.9949407439065
TCGA-AO-A03M 3 10.2285724101007 13.4451754858817 16.0376329023891 13.2068834800884 13.6233171950308 15.8963844596216 17.225044751608 17.1797690678106 17.6070360232368 17.9981624344244 18.7744834377506 15.7003896687764 18.9721715099279 18.5039129692723
TCGA-A8-A09X 7.60373220355738 3 11.8532877891824 14.4686803960298 14.1474146055634 14.4440487023638 15.9687734526587 17.7757334048954 17.3991199087257 17.0635772679899 17.4280025987605 18.6297453556612 16.1795523703638 18.5000405348366 18.4228210028821
TCGA-E2-A1LS 3 3 10.0104778343124 11.0642973563016 16.2610740958838 12.9210252370856 14.543175190137 16.4353939809226 17.4944880931193 16.6801462022237 18.2103037930691 19.0276431861293 16.0827812892655 19.2449080282825 19.0234832816529
TCGA-AC-A5XS 10.0497589180256 6.48484964668406 15.8476539730536 14.5751144129526 14.7141993908177 15.7417327199179 16.0596114763223 17.5841936878184 18.7644516265209 16.4156763571967 16.6457195777402 18.2983336762727 15.8730552196997 18.9280987601417 18.1623153680293
TCGA-AC-A23E 3 5.93053066305973 14.3317943446397 15.0346287357084 15.3215681493243 13.2112853956307 16.3287515731181 15.7730309825503 17.5010909681644 17.0534880014408 18.5801681105826 18.8145429855201 16.5039172145969 19.1845670397948 18.9287430119105
TCGA-A8-A06Y 3 3 11.202888214266 14.0441744379346 16.0226855374769 13.4612883342585 13.8549752914049 16.1843557879374 16.6974528665343 16.7175878283144 18.3499536293352 19.7379812167307 15.7280015808098 18.4604475129202 18.4639774039295
TCGA-BH-A0H3 7.20353173821582 7.41043696017499 14.2964334471033 13.5422513466784 16.5680795526142 14.9887472858431 16.6241078100448 15.9145591078161 18.1571181825663 17.2218374502182 18.4465771151434 19.1166873961472 16.2307246179168 18.8726095301544 18.7192400644105
TCGA-AR-A2LJ 10.9274430125693 3 15.2919547202074 13.5933177986026 14.0140108409649 15.4275004877649 16.2538522684097 18.0886983100709 18.421558944689 17.5503351118571 17.2124680380459 18.2199802521956 15.381362634014 19.5464923230485 18.9333520203658
TCGA-A8-A06U 7.54326713722985 3 13.2545484136496 15.5949628296179 14.0891257336487 13.7107951921151 14.8357868065591 15.0992643306627 16.3087343765501 16.8500926451118 17.3472669052142 18.7926052115411 16.0240368224776 18.8464011220381 18.9225029825248
TCGA-D8-A1X6 9.52809751935918 3 19.4056995389958 12.7519737505879 13.0517876990248 13.922307603071 15.3439959327127 15.5370968334995 16.3766470371761 15.8683836662698 18.3806595756128 18.6396997018472 16.1353790584849 19.4738752003938 18.9645080583894
TCGA-A7-A6VY 3 7.56050651165988 11.7349106440002 13.3354325493475 12.3985315644287 12.7262246295516 14.7757082509365 17.8447092102494 16.4625430040574 17.8445747479486 17.4215304157454 18.2595968791605 15.9594232047201 19.0587318307574 18.9047849830938
TCGA-E2-A15O 9.84689577256661 6.29982309498683 14.0397662589204 14.24692213931 13.6362970602879 14.3018935534112 14.4056508290815 17.7499001639106 15.8581120190568 17.2768841586534 18.1949822285044 18.2580293579115 15.6158747137315 18.9127820746063 18.6532149578201
TCGA-A2-A0CY 9.72482964821508 6.8619272367126 11.097425792768 11.2376255134212 13.1887174707204 13.0105475710051 14.2469059802781 17.0549486625234 17.3817866876986 18.8930275875623 17.0713357813695 20.4490499686509 16.0434814930998 18.3416265566835 19.6713471134332
TCGA-OL-A6VO 7.31044672870077 6.96432182902543 10.550578001254 14.0075356787654 15.3456436942998 13.9605254996745 16.4931050511402 17.3306370117471 16.2384749551619 17.7657312723676 18.2594768253321 17.2307555486961 15.0221670806966 18.8277834930191 18.1212746865394
TCGA-A2-A0CL 7.38356101387216 6.1217561373363 16.3312452523855 14.9047506055432 14.2117203801077 15.4416915761226 17.1012581174399 16.2476628740544 17.7828034090835 15.6913480454661 17.6205621713448 18.7321730143002 16.2070543355124 18.2751689074628 18.4441684143115
TCGA-AR-A0TQ 7.98719323509493 9.58900184484269 18.3946999746703 14.0386422341177 13.5928509048622 14.7744960195787 16.0452383448183 17.26039712454 17.0442163587789 17.3824732566516 17.9105914474933 19.2292603953547 15.8688607359559 18.1350469831471 18.2678087564678
TCGA-E2-A573 3 6.32805141719669 11.7959336086137 14.1058340097443 13.0696719478412 14.5480859973649 15.8104710657447 17.5732784488412 17.2259927620981 17.7929841629194 17.1858419472433 18.6082033397466 15.6818948134316 19.275096987361 18.5281322944382
TCGA-A2-A0CW 3 3 17.6029678463056 14.8253128332515 13.9051781171684 13.6317543412549 14.2670144641222 17.5696443643453 16.1994027439189 18.04030749963 17.6694099979633 18.0787703750861 15.1513211552153 18.495114260826 18.3013220307418
TCGA-AC-A3EH 3 9.3125050199229 18.6229248514066 14.5845808782653 13.8129987938429 13.7654797352106 14.9110822713652 16.6686507285636 16.4564564999283 19.0762053027974 18.3499064059775 17.5859960848839 15.9131188994475 19.379693842929 19.5091956568429
TCGA-A2-A3XX 8.90343642114012 12.0996876806679 15.4685612658706 11.7261816857606 13.8694290178015 15.7136624537832 14.7722817467455 17.6451809536849 16.7924811261385 17.8788071487457 17.3429288845676 18.3608896341205 15.1728458598459 19.4531066089756 17.9034920319361
TCGA-AO-A1KQ 7.8328035134553 8.44767438500349 10.4922566134228 13.2213506082894 13.5664302537464 14.2957416742637 15.4941266816725 15.3660557392399 17.887447709769 17.2025243508797 17.635002487433 18.6455552830545 16.0100618232622 19.1245010577898 18.7693786328085
TCGA-BH-A0HN 8.91214644635309 6.64145401190871 17.1051434270427 15.6304790491162 15.4553550788885 13.7291791654178 13.7990241951255 16.8823051453413 15.4799387011651 17.1536110816745 17.7400882363112 17.2559582609533 14.4698087466589 18.4685908921094 19.4761093887164
TCGA-AR-A1AR 6.88401322707206 7.08817332465661 12.8378555470621 12.9904592096842 13.8863298736518 14.2537010580708 16.8779673432568 15.7493320748224 17.3474698379533 15.7379720091529 19.0109651826094 19.160317262423 16.229765198965 19.1317041817394 18.9522142566076
TCGA-AO-A0JD 7.48258329303823 3 14.1237627368865 13.7774006731739 13.8200841042523 12.8044861659564 14.6421987285722 17.4997643100025 16.2855147491264 15.3452291649228 18.8699736893274 18.9976631048664 16.3803105552111 18.435843948437 18.9020681094902
TCGA-A7-A0CG 8.46956987626954 3 16.3032308865505 17.1815680001657 15.4929441910197 14.8814328984315 16.9648534870621 16.2129800457455 18.012736920245 15.858010037055 18.5490780166881 18.9085683133145 16.1875730137696 18.7107404361614 18.4738667904532
TCGA-A2-A0T4 7.83918805803626 3 14.2139112599284 15.2038562576084 15.8441384259607 15.2746812971366 17.178019459854 16.8888063717861 18.849290729902 17.2132134732476 17.7406440522387 18.5272617418875 16.1350144668912 18.6208881139511 18.8292338610481
TCGA-B6-A400 7.10671384752437 8.49315540929047 12.7033244016829 14.3118553631201 14.5880247683709 14.288969764369 15.8709748499503 16.8556268806012 16.57065041657 17.5162124249845 17.1694145369247 17.9809627068086 15.7074568619303 18.4357267737011 18.6131557552085
TCGA-E2-A576 10.3512723341816 3 13.0467259820726 13.7014903928871 13.5761537243459 15.8382999071511 14.8590768067229 18.125959432768 18.1758079222679 17.7600090646684 16.5113235200932 17.8081678580519 15.0091958387907 19.2290912825862 17.8491698775314
TCGA-BH-A0WA 3 7.95230084196111 13.9016742377439 14.0190677978126 14.8590632667881 13.8912785646576 15.7717031838675 16.5242433557828 16.463766200763 16.4670239878322 18.4358424337033 18.4614292281426 15.9919890263884 19.843831686437 18.7608797867333
TCGA-A1-A0SN 8.23930040853254 6.02295120314648 17.3160574171597 14.2419753503563 13.4893032464239 14.1691934749709 16.0657439725075 15.7301253020191 16.786724032231 16.4999441440801 18.4330209178005 18.764871909545 16.1737908265974 18.4909219573271 18.5144760967853
TCGA-A2-A0T3 3 5.95575978016336 12.9324848451623 15.7406631838781 15.7275685248866 16.0190830437758 14.8976894423553 14.9857348309768 17.2824247929245 16.6166312419123 17.5164990095505 19.5426140274082 15.6417109170986 17.8534615828005 18.4962927130006
TCGA-BH-A0AZ 3 6.5404040043093 14.2340895098003 13.3819728907802 15.0777542032278 15.2153701264692 16.9259385572483 15.5677014289703 18.3560232681347 16.5010304711512 17.4267485862342 18.8553837822416 16.1654397001108 19.0381030082851 19.0779567155965
TCGA-A7-A4SE 3 8.27503783126371 12.9867724304201 14.1072408641105 16.9010792678395 15.3607815454163 15.1132973330777 17.1483868131781 17.0048139131213 17.4675472918163 17.6538635867988 17.7550446456182 15.4742774413507 19.6252110660799 18.5556392564578
TCGA-AQ-A1H2 3 5.74220567714289 16.7979215847431 15.3589305307062 14.0520973404697 13.1714689145427 13.9814566049502 16.3456795897907 15.8994987477332 16.3936440591246 17.9467690345208 18.4422410246395 15.9240836106128 17.9833672746918 19.5465378389453
TCGA-A2-A1G6 3 7.87478415470122 15.9146319566499 14.0729823290053 15.2725332499332 15.4505806047402 16.68998385797 16.345850325811 18.6599144525062 15.7104523718714 18.0760975061558 19.275576349742 16.0196900458277 19.0232756496906 18.6142472477604
TCGA-A7-A13H 8.75010867597683 3 17.5643853425904 15.5949891471855 14.8904969234557 15.9234741641665 15.5576856245193 16.9642944564743 17.2620063611393 17.4868309228832 17.7361403769107 18.0520570616255 15.6926518925397 18.75743637419 18.4386971042641
TCGA-B6-A0IP 8.55902002502837 6.69225137578995 15.3412365385515 14.3278167585534 15.810999741539 14.8525289932203 15.2150192022287 15.597708609529 16.9210257650957 17.4852734629343 18.1085387619987 18.5619714520799 15.6055904922355 18.5781531308271 18.6614546384272
TCGA-A2-A0CZ 7.78569152528018 3 15.6262100311082 13.3547659298243 14.7406498606791 15.06622804872 17.0066267937238 16.4796547044161 18.4915534149104 16.4289446034094 18.1389187119929 18.7282396116948 16.2652834668796 19.1815760008206 18.8878323522453
TCGA-AR-A2LK 9.0726637244299 5.89268045363607 14.1276165652364 15.0354805594706 14.1544390969547 13.7758531299227 15.2249923238711 14.6126456033068 16.1080079521948 16.0432595931958 18.3878779274331 18.759123443334 15.7120572478858 18.9095114769279 17.8871952887035
TCGA-A8-A06R 3 3 13.6508495917405 15.4326750747694 14.825894030727 13.7832947925419 16.4500424119019 16.2383463757167 17.9068823120696 17.2954000562657 17.9358631302854 18.5406960880222 15.6826510935398 18.2349949870898 18.1099382870999
TCGA-AC-A3YJ 3 3 11.3203888478177 15.1635661933553 15.4535107818781 14.7856254158436 15.3911036457667 17.1860831360093 17.4194410602783 17.3748467642064 17.0834898181632 18.4791529180492 15.0269601486019 18.7645861880589 18.4950236207768
TCGA-5T-A9QA 3 6.76996531331549 14.652768024177 12.0571221329586 15.12682456667 14.0252478493081 12.8858113679853 15.5364995029568 16.1983161265916 17.6078685012105 17.5731447006621 18.2953300039694 15.4526209433982 18.7767594657163 18.271629520363
TCGA-A2-A0CM 8.70253770517682 3 11.7370448258968 13.4667575405161 14.9015081712073 13.8202148226862 16.1800127674575 16.4559539779833 16.522330354503 17.2943111181289 17.9047112753762 18.7160281540022 16.3533563621457 18.3401621590589 18.0424340925597
TCGA-A2-A0D2 3 3 11.6994319089416 13.9272730759192 13.57822067394 14.2525781616829 15.2358510509739 15.9634320820133 17.0982275882724 16.4291946141978 17.7854263891665 18.3589656060733 15.4568693174659 19.1274459166263 19.4610504267755
TCGA-A2-A4RW 11.9652760960047 7.7433523787487 17.3440805543841 16.1132024430236 16.9964560538891 16.5293906291452 15.845907728501 18.4368592683821 17.1803957955826 18.0779035960173 17.2777083515062 18.2972933275962 16.0847759189524 19.0007899628305 18.6762193953247
TCGA-A8-A095 3 3 13.6193273475667 15.8723737595853 15.5433318476744 13.7791282375347 15.6194758589021 16.0278655624473 17.4713739411247 16.8961056959932 17.9302624850846 18.8891271754622 16.0312467729966 18.4533722480974 18.5892256716153
TCGA-A8-A09R 3 3 16.702005511849 15.5628592718438 14.8258857462558 13.7999682846327 15.5335888753618 14.6071422147518 16.4785111881524 17.1323356306845 18.5823214341539 18.2266236008679 15.6174131384376 18.6274788489882 18.5653874610954
TCGA-A2-A1FX 11.4960236430711 5.71882010297424 16.0437824799503 17.0871482980774 14.6950939213575 15.430774718711 15.4999460219158 15.8671195666752 17.2203735139453 16.9580060778825 18.3281841597685 18.5445069953343 15.6352650170006 19.4426277719521 18.5073214047473
TCGA-A2-A0T6 3 5.92116667508023 14.7037974310693 14.6004674832964 15.8043612329236 14.5145346330989 16.838995733242 15.4453481013787 18.0328160734572 16.1431894488182 18.4550623717409 18.5951968196289 16.1500268943096 18.5261953340156 18.6244068954486
TCGA-E2-A15F 8.58613862247919 11.7770078861413 16.1512910800617 13.0756162637134 13.8079294516458 14.0521625950594 14.8328394982557 15.7724024263868 15.9379535734134 16.7468404469568 18.9371009226446 18.8375291118623 16.092921358559 18.5024892060189 18.8969059267082
TCGA-A7-A3IZ 12.4474443150246 3 18.3190004953817 15.1103733404125 14.5932505081143 14.8166323758859 15.5740874091113 15.3805976429359 16.3385020214348 16.8707240194931 18.0063986193975 18.1441926565184 15.5212714754162 18.8038469831506 18.5609185112317
TCGA-BH-A1EU 3 7.16428505063954 15.491579575617 14.863278685971 15.5318104699989 15.2909589099547 17.5209943024921 15.2233251535735 18.287593792668 15.3743158979599 18.4510350553827 18.8516581074935 16.5173333344913 17.9797375360335 18.4292771572954
TCGA-AN-A04A 3 3 13.739265337474 15.1610896069863 15.5746771554324 13.9242860202016 16.3137489088904 16.4944890122963 17.3850707470875 17.3602191728132 18.1657230580633 19.0426665923476 16.1916768768959 18.8889757819387 18.8184833233876
TCGA-A7-A0CD 3 3 12.7042691921298 14.2667563126968 14.8870450636073 13.3422343791151 15.3837474072327 14.6249449986061 17.1756005259057 16.2626542894236 18.5133134399092 18.5346101377125 16.2229449415657 18.7987097593005 18.2509697302814
TCGA-E2-A156 3 3 18.155243995558 15.5229669241782 15.4127382134106 13.6500766512117 14.5095413107218 16.4063278240102 16.1253013669837 16.8227619500282 18.4589640508396 19.1517666828147 16.1582818484794 18.6050777697698 18.8308068197185
TCGA-A2-A0D4 3 6.65038569897188 17.1261696388686 14.7190436159532 14.2982250711657 15.4662115981161 15.1594155170282 17.4235605831985 17.8271260293679 17.0280542735513 17.3582912166027 19.4926618797374 14.8990390875391 18.5995725630099 18.3124258085013
TCGA-A2-A04R 3 3 12.4365477574125 15.2954701832456 15.1859777095341 14.6115363583906 14.795721175839 15.5421488385886 17.0461605304295 17.0438736526189 18.2490488627835 18.8376729279472 16.2672855278539 18.5870031964989 19.1630856471381
TCGA-AO-A0J4 3 7.82086258236713 12.8346800741807 13.4407900686749 14.3314865802632 14.2083135977513 15.7964750583234 15.3172447494063 16.3930483233195 15.7330046997463 17.5223497178459 18.0986953297743 15.5138808957139 19.1980016374582 18.6083995219262
TCGA-A7-A6VW 9.71603356629644 6.47150914838889 12.0120647611515 11.4650850874377 12.3081588035848 13.2574610515928 13.9863360994614 17.7709919741308 16.330397035167 17.2440904068304 16.8334449980884 17.3913979828028 14.6678771731417 19.6568144540669 18.461854011556
TCGA-E2-A14Z 8.68017121418801 8.32126239190002 17.0930179967516 13.6384826131781 14.4575397307263 15.103597981719 15.8453510706205 16.2130252894788 17.3694074782394 17.079800416214 18.7514435309856 18.5086945819248 15.4191535605522 18.9764933846853 19.0132257548858
TCGA-A7-A5ZX 3 3 15.6474418998006 14.5666323110154 15.5143235094289 15.1588768527863 15.9631759785899 17.1675945949134 18.2122573412533 16.878897406817 17.4241476560032 18.2568567389879 15.8142712379566 18.7842230946627 18.2419357882184
TCGA-3C-AALI 3 6.68188553224045 16.8821034587383 14.52171822071 15.3622624290158 15.3332241749033 15.0931144886355 17.6546633062159 16.8714042363532 18.1011799069317 16.6857504963754 17.8211147580522 15.4418370105631 18.9275203252539 18.8383820146179
TCGA-AC-A2B8 8.37489988991113 7.0617548082755 16.5200268909932 13.5508817661766 15.7924338050571 15.4572976352161 16.5140564971666 15.6309235715974 17.9162855434883 17.3256822011454 18.5051819822683 18.4513816595904 16.1142122831918 18.3949623140095 18.4867007280324
TCGA-A1-A0SB 3 3 14.7513381898474 14.7106993357588 16.4084476689222 13.3520168141183 16.7940527568891 18.1173232412412 15.5825699611468 16.6078403118251 18.6856747359335 18.8772736430719 15.6326652361683 18.5845548294333 18.2581816039499
TCGA-E9-A229 3 5.75560998441476 12.9632157010288 14.0892751397046 14.1556404907621 14.1944564202218 16.1648835038627 15.6525406082439 17.5277721115595 17.5808647298445 17.7241424867415 18.7311725301214 15.993815102123 18.8348796584652 18.3103462631803
TCGA-D8-A1JC 6.84749908307041 7.75303613354481 15.357585180831 14.1363445098636 14.1770585915725 13.222090260092 15.6486351348746 15.3740930829558 16.3731527008391 17.2754294291237 17.9155837925823 18.5140712949032 15.9805991169393 18.4210450694143 18.1849480866468
TCGA-A2-A0D1 7.81959894854645 3 11.2907242990728 11.4286482682542 15.2328127417339 14.2361292619115 14.4428396950646 14.6233021342758 16.3846535298951 17.1348115226168 17.2850950744316 18.9894781324159 14.5324910103502 19.2219879872103 19.1162064207801
TCGA-AC-A2QJ 3 6.99322217451582 11.3745398392254 8.91210452290148 11.4529921408628 15.9207488444518 17.9078393168915 17.1010498273055 19.4007913382803 16.4016706217224 17.0572634157876 18.5201316863778 15.5401290353245 19.6365354274982 19.2111307017721
TCGA-A2-A0CK 9.80615105330934 7.18577135877067 15.400999836314 12.6912026892039 16.2777334737568 16.1446635767014 15.9373813054913 17.5414108710552 18.2926555509001 17.8419952640481 17.4067238704879 17.9221092330108 15.5237990210522 19.0310290807579 18.7636764173939
TCGA-AQ-A7U7 12.350363971054 7.66970767021694 15.416211022311 14.2407666960186 15.6683518557071 16.6163873048527 17.0226469828804 15.8343775281308 17.8555354407413 16.8172716436578 17.294659016317 18.6972958994807 16.0269170243383 19.2538771961286 18.1641756526761
TCGA-D8-A1XU 10.7643301596508 3 17.7603879347549 15.7154254890953 14.0571381757809 14.9863687602544 15.7734297936172 15.9577705354127 17.1261226177436 15.927808651052 18.1021260651346 18.6951110524239 16.301960909561 18.5082636012338 19.1380849056968
TCGA-D8-A1X8 8.21892312765245 6.00460782992167 16.4268538216809 16.2904958160957 15.6381801208223 14.9311002798539 16.2743666165924 15.9165523654871 18.2069696922742 16.1927340640982 18.1899770990349 18.755494944845 16.475693549036 18.2793875924655 18.6845293277295
TCGA-A2-A0SY 8.34445115478097 3 14.9954807392841 14.245037537456 14.7817576182153 14.9232072379285 16.6931992018425 16.2281800002217 18.3268910317474 18.1073914348002 18.1091847468648 18.6636233835757 16.5852998378935 19.0221724707547 18.4450051124711
TCGA-BH-A42V 7.07928360526825 8.81996289619695 14.8370673238478 13.3085745384476 14.9037205356195 16.7984577871189 16.1732099051101 17.3194168866465 18.7441299158003 16.6496784402374 17.5486509338643 18.2944637687362 15.6859431389096 18.9178543436205 18.3482454146168
TCGA-A8-A08R 9.10059904954453 6.81844879694199 11.4281126731022 13.723889940934 14.1237697527562 13.9241066701614 15.5426273283266 15.2734773679861 16.3026170750559 16.5832913336078 18.7115214753197 18.1622140653221 16.1318622599678 18.8562170952054 19.6933069133498
TCGA-A1-A0SH 3 3 14.2429879820686 14.3140731884218 15.6845432189362 13.6448032449932 16.8684654829622 15.8045040569501 17.8614330156691 16.8901925926725 18.0544466305851 18.9941121443649 16.385146783491 18.9488467763073 18.7469930170182
TCGA-AC-A2QI 7.25018189589979 3 13.52699865562 15.2100215158782 15.6493223200456 15.1405985471306 16.4840504564547 17.4110679797544 17.7851155560562 16.9059545784137 17.9097361152572 18.138683512748 16.0707717576901 18.7811060306379 18.6572467678443
TCGA-AC-A2FM 10.909988465127 6.93411162132992 16.6356116195806 14.8541870186877 14.4275022672099 15.1568951935027 15.1356503172962 15.5716849361512 17.483062552954 17.7384664312506 17.9622679843183 18.5495065714069 15.2789103672344 18.8677109874816 17.9974922000211
TCGA-AQ-A0Y5 7.39051861321227 7.04327238155669 15.598535731297 14.0209333795184 14.4300893869757 13.4948043840803 16.2412376682089 15.2475129194417 17.5070972723635 17.3047892360469 19.028946976271 18.9284415060231 16.4461535264634 18.9935171837925 18.6309332251494
TCGA-BH-A1EV 9.79040751045921 6.24872100718853 15.4454780739913 16.9812083739507 15.3481504266281 13.5835495948238 15.4563968807028 15.0479548405122 16.7909257019673 18.9365142648397 18.7524559758291 18.1873278802001 16.5533944975099 19.0284647762645 18.8363203866248
TCGA-AC-A2FK 3 3 15.9466039461974 14.0696224560717 14.6234461687802 15.4688707068948 15.9995028081145 16.7473045394929 17.9374846390411 16.5265328795807 18.295181773965 18.8916414905481 15.8400463605908 18.5583203928619 18.4683622761501
TCGA-A8-A07B 3 3 13.0175110974868 14.5310060162224 15.821654710241 12.5365423562219 15.4193557017267 15.600377366086 16.5998947917788 17.5274100595414 17.8298440522838 18.3702250490731 16.4722537136451 18.3455298133715 18.030033743685
TCGA-B6-A40B 10.5288830553353 3 12.6862341423496 12.8575499988075 15.8338802840659 15.639007050999 14.9562590770523 16.2137340579079 17.3917913427206 18.2868031977769 17.4305398915061 17.9986260339132 16.0378054020764 18.4916495429152 18.6588535157032
TCGA-AC-A2FB 7.21213094636326 3 18.426058944471 14.6167684522628 14.8065418303746 15.16811575607 16.9289002491717 16.6300622029497 17.6639419498692 16.2335510979608 18.2429731437981 18.7170372862977 16.0828257465809 18.9499283906084 18.4275494992807
TCGA-A2-A0CP 3 6.96490990783501 13.9183604073697 13.2512175751003 14.4383536309836 15.4472314835168 15.763383990356 16.9055760867524 18.3156473380344 17.0913420182217 17.7470964473746 18.4152305707736 15.7069643178277 18.8654129167084 19.3530565558557
TCGA-BH-A0BG 9.1147783908525 3 13.6456577709257 13.7905482598929 15.3377273709349 13.5104514454138 16.061706171075 16.3951662650951 16.7191664011343 16.1460532892078 17.6102785730831 19.3817997642366 16.0473066567313 18.3885333098307 17.8680711739694
TCGA-BH-A18K 9.63500863696027 7.02304058265154 14.5179499935859 17.232243787859 14.7016480654105 14.4612723724914 16.1647522984458 15.9251198683578 17.872448427136 17.3515237431084 18.0493772123335 18.6352409263197 15.8159199768661 19.1165581094516 18.6454568720112
TCGA-A2-A0SX 3 5.95333218042098 13.3758707178676 13.9717179703029 13.9802800512656 14.2368785614549 16.6133365701485 15.0934804572125 16.6623684943229 17.9709789781553 17.5818748980976 18.8488358545487 16.0894332702147 18.5284577373347 18.7741978200324
TCGA-A8-A07F 9.25532724352955 8.57787641492361 11.420643927811 15.6008814305603 15.6403714371529 13.2968963678368 15.6905852994265 16.0448282414999 16.6411295577 18.0583632021442 18.218035962832 18.6557588163934 15.7983829139478 18.7539172442344 18.0177455402763
TCGA-BH-A1F2 7.1276780139167 6.78435442723443 15.6585162913091 16.360349353787 15.7862200398651 14.6103257136882 16.9066476389617 13.7216515472939 18.4210193489282 15.343675529235 18.6339037346699 19.1444680870874 16.6241182443242 19.3940253749934 18.6406627659016
TCGA-E2-A1BC 8.5063284252497 3 15.1073037399009 17.6120281363738 15.8936355056969 15.1588748145509 16.1894847641932 15.0317592188381 18.2639086123457 15.9581265426038 18.4791851324637 18.9686689378662 16.0412595433191 17.9568562649291 18.8701470032589
TCGA-LL-A440 7.22190166563583 10.177719032729 15.7997895472385 12.8779219423462 15.1451093897877 17.1551871768897 16.6840620913322 17.584858097351 18.7708220057765 16.284042346531 17.5367103157501 18.4504123656734 16.2636315571206 18.5360385056769 18.6081324286998
TCGA-BH-A0W7 9.10542103813743 7.21232078801837 14.5645474727368 15.2126033501122 14.5040222061568 14.7379178365643 16.3270002481848 16.5812392072648 17.7744672332693 16.0728355043978 17.9165437187649 18.2809359307619 15.8811461994956 19.2784948851771 18.6490511881204
TCGA-A7-A3RF 14.1414045914455 9.49216428558641 12.2620841249549 16.764560914056 16.8085903703966 13.726922246573 14.2285393027349 16.8183562958947 16.8097643892646 17.2868215206559 17.8812043985249 19.0781333536262 15.0926597769154 19.757302621135 19.705456267987
TCGA-AN-A0FK 7.49639477245822 9.25294722329074 9.59260214642593 16.9337777179636 16.0118027981808 14.2391240930062 15.0109480247463 15.050266889463 16.9562309362208 17.0956892977245 17.9357799710965 18.7520160682371 16.3535853903019 18.6433819855162 19.146596737019
TCGA-AC-A2FE 8.71551434875998 5.9375810539152 16.8317966111097 13.4530297957699 15.4821216743008 15.4632216747981 16.6542422099171 17.2178598909768 17.8980546138019 17.7234481408889 17.9130578597715 18.3863429821169 16.3556585661339 18.707512342748 18.7171637934951
TCGA-GM-A2DD 7.80634936284734 8.73606031774229 13.329761254326 12.7827241447934 14.1572000774431 15.1029425337371 16.7679047152472 16.7187597216546 18.588428808636 15.571133825755 17.7573501712434 19.0010595932926 15.4221570880253 18.5918721884211 19.0213653781771
TCGA-D8-A1XD 3 7.31315934431401 13.1974388410514 15.964578040162 13.5739542190526 13.0889453593073 15.1774049767794 17.4769994226668 16.4296207162528 16.4083763022155 18.5280194397657 18.5791584870577 15.5206817199958 18.5791649051179 18.7033889522018
TCGA-AN-A0FZ 9.63965531822735 3 18.3443664890774 13.8626873559157 14.4025622529753 14.5712235883921 15.3948723723866 17.4028206892992 17.1750693886656 17.7201365285015 17.7139740885648 21.5524778620918 17.7954454896867 18.3947608395571 18.6777122395046
TCGA-A2-A04P 3 10.9112014851465 13.3495078133334 12.8532215464307 14.9693382861454 14.9502091495095 15.9563805226548 17.8843396447991 18.0575611518026 16.9356011341096 17.0920192252612 17.8603828182882 15.0682824838535 19.3512344178409 20.1748965797898
TCGA-AN-A0XT 9.63858522859237 3 18.2030477801474 13.3838642800217 16.2982011072797 15.6053836998032 15.5773078968126 17.7701632418917 18.1814179559312 16.0151553561081 17.5419460157324 18.8575306055943 15.7167370729498 18.5786173422467 18.163237390985
TCGA-A8-A0A1 3 8.49654550207765 14.3625861084882 15.9121346981127 13.8434951377579 14.3814403157876 16.1561462858965 15.1676824988564 17.4934178012655 16.2112171754253 18.0993438033732 18.618379742211 16.3940981386829 17.9932433621008 18.6017879185834
TCGA-A8-A084 9.06542300007363 3 14.9632268282164 17.8452558438222 16.2044131304489 12.1655494529956 14.5680647393452 16.8368410314627 16.3346893243025 17.6405566911107 18.0922928927684 18.0299660915159 16.3140778253927 18.6504622455529 18.8325494665976
TCGA-A8-A0AB 3 3 15.9398358138675 13.3950271830129 15.8624070327557 12.7309400188568 14.7507212403301 16.9699118689638 15.7758109360845 17.9596016004633 18.6853066588445 18.4132583963732 16.4334704918454 18.9350752386016 18.5214598779134
TCGA-AR-A1AM 9.28189676119473 3 17.0111055985973 14.4085765490052 15.1813954995447 15.4627911081817 15.7672962265518 17.2421643098163 17.7286843732252 17.0710402187615 18.1720206645771 18.0938919332037 15.8681830634003 18.8746790433057 18.9413857107554
TCGA-BH-A0B4 8.31373838394414 3 14.9101192922867 14.0608133990412 14.7711733340739 15.4652639021821 16.1184128154871 17.4695625727425 18.2848342739219 16.9208593437164 16.9678762507026 17.8498215703711 15.9519908623864 18.7251840902815 18.6933138252582
TCGA-A8-A09I 10.2971045928905 3 16.7876718742695 16.629386198056 13.924885146565 13.3327871691209 14.6528067743168 15.9505700197254 16.1373965106538 18.5178799580402 17.4031282326117 18.5740921955949 16.0400279474611 18.8102897683589 18.3515608992865
TCGA-A7-A5ZW 3 7.87906761115638 14.2101267666076 14.6252860433753 14.9260311247654 14.7359495640185 16.5527756210559 16.6793775274443 18.7593812483614 16.5969784666868 17.8789395310377 18.9269075172777 16.2687761875538 18.4878994088957 18.0055841476576
TCGA-E9-A1R4 9.44111590856951 3 16.3117895670352 15.981302360838 13.5416686207275 14.7350663561405 15.2908077115278 17.563988087758 16.1408615921045 16.9996551261489 17.9449793608977 17.9837088934298 15.7973441561117 19.1608723433231 19.0338882884907
TCGA-A8-A085 3 5.60967304355024 12.9032914250209 14.4192939770748 15.0951229906177 14.5503446402237 15.7062115970456 17.5041029611791 17.1079708821834 17.7387432744835 18.4672568688871 19.3166099213336 15.9775523335859 18.5480428206961 18.4900217954002
TCGA-B6-A0RN 3 3 13.397374059454 14.9103785603413 16.486032195455 13.3135379574002 16.0232478926631 15.4994973209703 18.1713310249391 17.3752520718645 17.9070111897883 18.3977956770376 16.4387114666345 18.5392568145109 18.7124994335067
TCGA-AC-A2FG 6.91283287651788 7.51137055061507 15.2273662853512 15.7856705866128 16.0381148849658 15.3603142158864 15.8309051530974 15.9025136003233 18.0281170023754 15.5805298714133 18.1005977659323 19.0374530604851 15.7684456829811 18.3889188641415 18.3483552707362
TCGA-A8-A06O 3 3 14.6039834843006 13.2643744649751 12.9642763767942 13.5829469253036 15.364152341446 15.7049986592432 16.8388994905184 16.2382399586157 19.0552120830623 18.7891735079744 15.6353581700183 18.8587375273487 18.5464091349022
TCGA-BH-A0BZ 3 3 15.8298001248673 14.7577112337064 14.0465989810792 14.1021287407883 16.1364898485247 16.8325881242879 17.6734024457077 17.8318895556163 16.8275378039212 18.1396605064687 15.7424029943477 19.3210499054264 19.081488937557
TCGA-AO-A0J9 3 6.28514823397497 15.2349118324773 13.7269461218094 14.9480354363639 16.329286918479 17.3882934679875 16.427912845666 19.7379274897811 17.9581476733501 17.326821891571 18.2941631698849 16.1801198214612 18.6897047929775 19.329162714615
TCGA-D8-A27P 3 6.21403064174684 15.8767289047015 16.6213840310942 15.7428750823631 14.179723452261 14.9408010334994 15.5589443280882 16.5198416115014 16.2775273387382 18.1839491112691 18.8383157343077 15.6414632247563 18.3303258292881 18.7081010245376
TCGA-A8-A07J 3 3 14.3572246455007 13.3097916202933 15.0386718279643 14.8603844100328 16.8366465540217 16.0135146594051 18.6716913910541 16.7673134936802 17.4074780260234 18.6012507872186 16.0318628122937 18.5088249439927 18.7737528212659
TCGA-A8-A07I 7.73819771993578 7.38673600238012 12.5385565283633 15.8483532599898 17.2410111990194 13.5099355054138 15.4133124907066 14.5259738972061 16.4201320045961 16.5904083373848 18.473334399426 18.6750999628392 15.5906827366041 19.1187375949497 18.6184314684019
TCGA-A8-A08B 3 3 13.6948966502951 14.5528605902051 14.6283334492804 13.4211539201495 14.0422178174919 16.2763542512395 15.561137125186 17.2710326929463 17.7440774496226 17.9872055558823 15.7846919019881 18.906305360493 18.1960745507139
TCGA-E9-A247 7.09312712110965 3 11.9868225136854 14.01684062439 14.9028123531811 14.7897498893102 14.6158057710508 16.7200303574665 17.2337044530944 17.6556528567908 17.5242031279825 18.5570236848087 16.1058635561051 18.7728369071113 18.5492193742193
TCGA-BH-A1FJ 9.25880448925829 5.77818659463708 11.2671002290282 17.0803402402319 16.9581561505414 14.0575885885942 14.8110525942734 14.8301535833371 16.6420742520715 17.2168450714563 17.5343090973147 18.2231927850581 16.2344887333239 18.9444653178514 18.199032962544
TCGA-A7-A4SD 9.39398023419837 3 11.378757816866 13.3775670527915 13.1901805242976 13.1188258600971 15.017292782727 16.2700978932049 15.5082933678522 16.8579239248579 17.9393695945021 18.0595297240942 15.7237019066283 18.4096543595387 18.4069636826814
TCGA-A2-A0CU 3 3 17.416124835045 14.2006851228398 13.9415422219116 15.1759648972197 15.1810558762043 17.2138349357087 17.3228267722539 16.6460147106455 18.5848924517802 18.8848261767292 15.7676389728719 18.2838909274682 19.2719690530332
TCGA-BH-A0B8 3 6.50725422214882 13.2447123788842 15.0241442156482 16.1485061860026 14.1865156879181 15.2224167750353 15.5008899137442 16.7756433241182 16.6899347089301 17.6162159221105 17.999722513898 16.2157955168859 19.2182920929169 18.7730148084547
TCGA-AR-A2LR 7.77598934675984 13.3106426416731 14.845229573888 13.4573219708536 15.5320364154352 14.9163848111075 17.9901697870183 17.2223096735509 16.9851168084132 16.2268926683512 18.132174221486 18.7656612420159 17.1227910369594 19.4479951958879 18.5855110243128
TCGA-BH-A0HI 3 7.63974357289312 16.254885785725 16.1848095549463 15.7903421432512 14.5709394345016 15.819980330228 15.712787370593 17.6571211294656 16.6389737944436 17.9704769130057 19.0332638138744 16.1150657919377 18.5552466366265 18.8631335391124
TCGA-AN-A0FW 8.16621246733894 12.5931862124326 13.8648135097901 17.5274774466013 13.5673221223921 14.5938791109235 15.7797974888304 16.5985587221245 17.7319909557705 17.5439803583623 18.2116079524371 19.4760988062093 15.8846352212183 18.7000538937737 18.2415842963729
TCGA-AC-A23C 3 3 14.4029750396895 16.2685614005108 14.9189177798129 14.5839571414894 15.7907897728756 15.6841913429578 16.9218236352971 18.5225995555437 18.4495366676108 18.9473740464099 16.0511363240183 18.9219633820636 18.5805550726037
TCGA-B6-A0RI 9.20300400951519 8.84162905924508 12.222079644315 14.7684226782623 14.6273385774753 14.5325435878537 15.1196772903672 16.0719920862485 16.0569252465677 16.892086753129 18.2738078730087 18.7637539225996 15.7503501887676 18.8303834859945 19.2941214089067
TCGA-E2-A152 3 7.21546353389658 15.1508002064486 17.0176131676378 15.5885312069084 13.3223370314729 16.0052617017256 16.1386381066607 17.0234319860958 18.7414906889257 17.8618296712056 18.6585101635216 16.3187971247397 18.6678346481894 18.1631784701035
TCGA-A2-A3XV 3 3 10.9436693259693 12.9424501439656 11.9399864982678 14.6858670626045 14.8973502920705 17.9692511394112 18.7054755393245 14.7971393712518 17.6540149234988 19.003129940862 14.8014751927271 19.0275779483908 17.9457838875637
TCGA-B6-A0RO 3 5.9650128004408 16.0390934285419 12.177617370393 13.4290642674314 13.0936938065901 14.4448283405119 16.6707834267336 17.2523741596251 19.4189873788238 17.7694632058544 19.4611324208484 16.8929573608693 18.6430169454675 18.4267468607882
TCGA-A8-A06T 7.93695803359173 3 11.5219551307063 14.6109204368755 14.2868370428464 16.8620890746826 15.1040689728961 16.0496659182462 16.5075228521974 17.6798476915035 18.9446423925357 18.817122210505 16.5204972507931 18.9702622709071 18.3911490158986
TCGA-AO-A0JB 11.3245465661579 3 14.7194124820805 13.5272280141175 14.2803994527474 16.4265484125521 15.2649103687945 19.5654944021832 18.5080021759351 17.6558482787443 16.5614954003174 18.8825427508372 15.3104944472504 18.2151220045629 19.2898574017866
TCGA-A2-A25D 9.03527301173925 9.08255336825632 18.1907483412617 14.7502502896315 15.0200542257209 16.2237622197303 16.1106984466755 17.118961231645 18.3463234890894 16.4239523648932 17.9924471791957 18.6813750301102 15.6576395022777 18.8004198185421 18.7164309301234
TCGA-A8-A07P 3 3 15.2237172993563 12.8972468909533 14.4512152633295 13.024581382403 15.589583252131 16.4715594189665 17.3461770186757 16.4468093123589 18.0554754332167 19.0960417111864 16.7451553961646 18.8744147665183 17.8823215961722
TCGA-A1-A0SK 3 9.48186526516687 11.5527247150687 14.5918893657609 15.0387722993437 13.1373518099151 15.6305408943999 17.6167118389089 15.0106956897235 17.9142864347733 20.5533236287618 17.0715664463141 14.9839378145746 18.8932388531859 18.9436324712837
TCGA-A7-A3J0 3 12.5008157786327 12.079627490312 14.0558570435069 14.7656493868928 13.491209393565 14.7438600726206 16.4028848425984 16.2492856775255 18.0605017007009 17.8589494456274 18.9967849765498 15.2442823058064 18.8688411111368 19.2414615412812
TCGA-A2-A04N 8.43789758882834 3 14.6658892817715 13.6113594017981 14.8957662488875 14.3223737704141 15.8298755124489 16.9366495143526 17.4184343840168 16.9498356316747 17.9051854186998 18.7143097481372 15.5416803001568 18.5978955597821 18.8766141808561
TCGA-A1-A0SE 8.82296263141468 3 17.3189177991943 14.6567124929164 15.0692398666196 14.5741523092101 15.808371195707 16.3360562426075 17.3974763893769 17.8213075514342 18.2281910941553 18.5353872007516 15.9668978610379 19.1524470453252 18.7151034469472
TCGA-A2-A3XW 8.43445353824318 7.67618812243232 14.7199669044811 12.9303188574792 13.8423933135459 16.0288558532153 15.4037594064362 18.0564732153975 18.2944240768448 17.2928323801307 16.8842884770643 17.864384332531 14.9741274470511 18.6288454939298 18.8637002073889
TCGA-A2-A0CO 9.45534077121033 7.15510701075523 16.5587163499321 14.5903427529758 16.185554606849 16.9085971908832 16.6421039285966 17.3622333099019 19.2035877019177 16.5495187544433 17.5031103941353 18.3174273320623 16.0638082372507 18.6581189743108 18.5994522806289
TCGA-BH-A8FY 8.0571046435595 3 13.6505278521769 16.7750313169483 14.8640439781743 15.6733361849316 14.5599980695966 15.9065234193586 17.2935172396071 17.3256595167469 17.2742787727541 18.9191914963301 15.003628422774 18.5287049239861 18.7547559083592
TCGA-AC-A2FF 8.72770602863002 8.11246738153863 15.0264488638402 14.4972270653955 15.5209888239152 16.2225373463061 17.4594738634379 16.4213133208629 18.9974497004832 16.3087369152279 18.5783064915966 18.9796689751678 16.0186728091018 19.002104932202 18.6473235845015
TCGA-3C-AALK 7.61165643631617 3 15.3181423359837 15.2604105824569 14.394364512556 15.4641077163105 15.5645887887686 16.4067999421962 17.6204827392013 17.815484068079 17.3005718360627 18.5359556189616 15.5472252386729 18.723347644944 18.9396441345067
TCGA-A7-A0CJ 3 3 12.1078711720755 16.7308752164119 13.1825478370774 13.5830710103134 13.825412159678 15.9345931775 16.1608082862968 16.8294228275887 18.2624756827995 18.6922587519286 15.412566898496 18.8940159791141 18.4413069843224
TCGA-A2-A0T5 7.45392184150183 3 15.4288952795079 13.2644671544336 15.4620577238395 14.1573087489416 15.1770718721831 16.8225875629117 17.1811839874198 16.8078231141732 17.8933796242397 19.0827292681003 15.897502559806 18.6382286778404 19.0096727751452
TCGA-AR-A0TT 3 3 16.8860606440653 15.0658219431738 14.6387361776838 14.3408007052429 16.4764291983499 16.1613364905427 16.8301769334585 16.3143910458555 17.8637497788498 19.4112175000106 16.2113659928162 18.4117462213968 18.5003368458138
TCGA-BH-A209 7.1020335210256 5.86193287415726 11.9104630859646 14.6550940926563 13.9797232425677 14.0860693925809 16.3836884655347 16.0113280710771 16.3761694220719 16.1653217042806 18.6439377133862 18.8072732038743 16.0173848126148 18.1072398723054 19.3171452347306
TCGA-AC-A8OR 7.95127337846379 3 10.7246895196215 11.2523234906779 15.1585865087003 14.1010120896972 14.5428285463281 17.1862193946428 16.0091846537562 17.602571868575 17.4089984140179 18.8086852209142 15.88413513072 18.8398225755011 18.5657065289514
TCGA-A2-A04U 8.02164774315548 10.7038987864051 11.5630139008954 11.9791585047112 14.7947041632284 13.1285076916696 15.0473402369222 16.364668041301 17.343789098145 16.8672210343984 17.1801494534649 17.4817987902322 15.8650973826893 18.822564049985 19.827983278268
TCGA-A2-A3KD 8.12125217476265 3 16.5194153899357 14.2151726350431 14.8510080327524 14.8055137857913 15.6146121564805 15.8989416881209 16.9985562403632 17.0384326479579 18.3642565402645 19.0365012343044 15.6009464706539 18.6334724448638 18.5887301761792
TCGA-A2-A0ST 10.5758149192052 6.35010239779199 15.7962034547685 14.2257079481848 14.1482576685579 14.9173760760079 17.0850704789915 16.8612930934911 17.6664754394534 16.350909958327 17.8367245119516 19.2217214594865 16.1279647831913 18.7209446448978 18.4974534346225
TCGA-BH-A1FU 3 7.86793539802678 13.7785960676907 13.9166132194046 15.2602520563119 15.1715753809791 16.4969937338739 16.3895460157232 17.9899176960203 17.030489151226 18.2759120803417 19.4798950378378 15.949907173459 18.7496230595566 17.8615510335425
TCGA-A7-A26H 8.41817689499284 5.67729351693726 15.6633293199231 15.9027135664357 14.5964222325008 14.0863350384451 15.981897693225 15.3286750010193 16.782383616022 17.1617058233832 17.6947636944802 18.5324410553045 15.999041996017 18.3859612429589 18.1273899731527
TCGA-AC-A2BK 3 3 13.7874911473655 13.1769309830903 15.6781721139528 11.848747912351 17.3528961224414 16.7096877519731 16.566823874999 17.9939965068745 17.5621462158274 18.0980028192565 16.202322310564 19.280087389865 18.7892868559902
TCGA-BH-A0B0 10.1451894946246 7.81992808397869 17.5209219829539 15.2483592889279 14.8909805932684 14.9947649132638 16.5518923049178 16.285110884061 18.7565485302657 15.8073895635387 18.0205072368512 17.9619542810771 16.2426624579286 18.6256727857492 19.081139947774
TCGA-A7-A6VX 8.5124298384411 7.75292146177571 12.6075076698706 13.417472702581 14.5734400527711 14.1853718982873 14.8006989027208 16.3878210329557 17.2123198266654 16.2726519953168 17.3096040878844 17.6579944714629 16.2509125563348 18.3497671426959 18.3118302833837
TCGA-AO-A03L 7.30651558138323 3 16.262484903128 16.4954852250215 15.3398104286241 15.3187309460054 15.7037404281812 16.3461208601513 17.1533038426986 17.6206209467445 16.9274255439142 18.3954355055483 15.9362409772338 18.9297067701936 18.4716730517647
TCGA-A8-A07S 13.4002602618515 3 12.0596312625916 15.8800336813768 15.2299896979818 14.0369367195522 14.6478962857484 14.7212081529703 16.4523454065908 17.182987515894 18.4254474660775 19.0163962219755 16.0578415767118 18.9684688819028 19.0871858004711
TCGA-C8-A3M8 7.00307661444784 6.66187309868866 17.4882291445095 14.6001260295721 16.0266295095835 15.8466335745783 15.5197462214013 16.2220989389974 17.7871785721641 17.2539121157938 17.3459840577116 18.6815915576697 15.2950102004925 18.7735551998847 18.715222609093
TCGA-A7-A0DA 3 9.5907102247174 12.246248479994 12.5435158605341 15.4518072379274 13.7794171663259 15.1375178828104 16.4525424632255 16.3012283667683 17.5646667149875 18.2481939185435 17.380921884625 15.761307929994 18.6966743646503 18.3249904214543
TCGA-A2-A3XU 3 11.0913521398296 11.0677691301073 9.76572955400898 12.2896460071851 12.3363065482207 12.6745414395748 17.8609410210027 16.2262238772183 17.9098103967301 17.8252881356043 18.3964887814885 14.9269085154193 19.5706205409356 18.3889761855849
TCGA-AN-A0FY 12.9633370789452 9.33275696960895 14.1338381780786 14.4150683142453 14.0312951108655 13.5272185354421 15.0859042814304 17.0990061249511 16.551378209662 18.0447331295841 18.1145615745214 18.7869876573793 15.6818713266951 18.8485402490464 19.0525032756184
TCGA-4H-AAAK 8.64047892552381 3 13.2639896707476 13.781768203972 14.1765291160404 14.6661735627171 16.1592328094087 17.0246073242809 17.548518662827 17.2215029703128 17.6708668387765 18.2461662043886 15.6872940064705 18.5533018455203 19.6025632394092
TCGA-A2-A0YM 3 5.91120017949335 11.4025996729037 14.3438671924897 13.7923754414874 14.6003149003979 16.300393784296 16.3137428665841 15.4382374665474 18.2449706230903 18.0572457753311 19.088441112676 16.0569721585547 19.1906623059449 18.309056419166
TCGA-C8-A1HI 9.66094540818541 5.71127258884684 14.4706188939577 15.9732331723808 14.0789332786491 13.8694089116674 15.2756072950831 15.8057570535033 17.5333833819332 17.4381150098323 18.1907476157467 18.6865591363507 16.1287437529119 18.2066942038146 18.5379728425676
TCGA-AC-A3HN 6.95393780933186 8.52240219400971 16.9582075179227 14.1855504155505 15.7543314620881 16.089841607096 16.8229209452405 16.3951741492897 18.2997910759895 16.5952048151915 18.1135195217507 18.3943281619156 15.8805917700666 18.4332027021484 18.6887563104982
TCGA-E9-A54X 3 14.2203831931927 9.66712996982938 14.6525285996993 13.8836197817212 12.1367728778699 12.6003003991825 17.6422246643486 14.813002569775 17.5083176936175 18.3211137182701 19.1235757403022 15.6129349906044 19.2090844753356 18.924078850979
TCGA-BH-A0H7 8.84018888787511 3 14.947493392986 11.9071890520909 13.9091699966484 13.5253176159283 15.7003901027649 16.0112571965326 17.4647605337481 16.6271190307714 18.3427192509735 18.7505780669786 16.1328111305188 19.0443243967125 18.1195534278809
TCGA-A2-A4S2 10.7863538030827 3 17.1849362644436 14.9651813534232 15.3980627525794 15.1811707490554 15.6858972652977 16.2434979845407 17.4580304247283 16.9377672308356 17.6204610328655 17.9458908357026 15.6939091941788 18.8990545929925 18.776701988132
TCGA-OL-A66L 10.4038558725887 9.7784422203266 15.4751772682939 12.2819137272571 15.0496930754477 16.4998132311591 16.141735287111 17.9479314800499 19.6847043715001 16.8607743782442 17.1046792597577 18.027352493291 15.2596830172134 18.5270364025647 18.2846578928373
TCGA-AC-A6IV 11.4229729703247 6.06534793804666 16.3045497549742 13.1787604197093 15.4803339376398 17.121802191591 17.4849614269278 17.2833296022132 18.9099388042765 16.5496648479672 17.4898232289461 18.4261264342879 16.01840250833 18.5785854659309 18.4937394071439
TCGA-D8-A1JH 8.81087330066651 6.54694233530777 13.844821924536 15.4199158324427 14.9561622639785 15.48451055909 16.5663946717674 15.6484212294008 17.7714319717178 16.6408530601101 18.5498707913131 19.070201939606 16.1731779972889 18.8095153211891 18.6492695715635
TCGA-E2-A1IF 3 7.25496205314925 15.7922739936691 15.882816669106 15.9123294897247 15.3279918721657 15.8611270715836 16.3965724212137 18.8811139505813 17.5938937185993 17.5764584683332 18.600368193931 15.5402075045496 18.7246622772423 19.1169175647234
TCGA-BH-A1F8 3 3 11.2578064719229 13.7604223407655 14.1413528653166 13.7132628296944 15.4313769602527 14.4102517908503 16.4873942889315 16.0341576946953 18.3139569663475 19.0995779295365 16.8485006324403 19.4359911875324 18.3358773997673
TCGA-B6-A0IE 10.6218697570281 3 14.5761682994874 13.2513145679431 14.8942075585542 14.3319938482096 15.1204314203538 17.3509566257287 18.3509459212807 17.437007893636 16.7859743725751 19.4668106277776 14.7239319611082 18.1867175398445 18.6328824946401
TCGA-A8-A09K 10.5545726388981 8.53326315845019 17.5507456263652 15.1974447407705 12.4315810811376 13.2602398270808 14.85394440989 16.2872076920702 15.3924189181483 17.5526251343495 18.6633900783273 18.0277359372363 15.6596392661444 17.786103745008 18.2825038483205
TCGA-A8-A08S 9.4907810190774 3 17.5641954104141 16.304713501121 14.2320422267831 13.1706374392669 14.5401417589258 13.6869302690755 16.1121728072476 16.3643911828183 18.1355340563784 18.3534257432726 15.7455026172465 19.3797057425349 18.4209133185878
TCGA-A8-A08G 7.0284244120925 9.28915975175291 14.6224519915972 13.5503557342016 13.4525889752455 13.5775630967927 14.6502456427825 16.4382323420439 16.7306285167588 17.7506729686809 18.2400425344959 18.83792577653 15.6417736298267 19.0512694162802 18.8919185392189
TCGA-A2-A3XS 7.26645820320202 3 12.9224862772366 12.5887053675765 14.8661784686872 15.3155047021477 15.3615639963737 17.150646330769 17.4855906654042 18.0766660486784 17.580387437858 17.895072724671 15.2472362117183 19.3308429194982 18.7357643153801
TCGA-A2-A0CQ 8.29819981380185 3 12.3883991546771 13.3880060914147 15.4925537943999 15.3173628463228 15.1252452363948 15.4346584777334 16.872521902087 16.9479676525824 17.3234973643587 18.7756573519905 15.1858268164745 17.7475349371515 19.8752047888265
TCGA-C8-A12Q 3 7.75170368011323 13.4774248278056 15.2706732034893 15.1414799931086 14.7648957765021 15.7236920089828 16.6803543785736 17.0667408341839 17.1928559088005 17.8659893700758 18.6705435449809 16.1121592686474 19.1034304213226 18.8442846308623
TCGA-A8-A07Z 3 8.54509430571318 10.5913492146572 14.8740889721741 13.1273700899157 14.1812916266445 14.2870265937099 15.5736663325963 16.7143638351153 17.3089290493531 17.7694547834419 18.4588184818966 16.0636886249986 18.7836621816418 19.2559117057841
TCGA-BH-A18U 7.38444447853935 7.0372811749747 16.7060189762662 13.5268480998141 16.4002783328186 13.4060268142682 14.5635695941086 14.1039893612587 16.2642987160645 16.1493543956823 19.0404453831545 18.4527186128427 15.81434179975 18.9100582227723 18.651429975899
TCGA-BH-A0C3 7.61210639371297 9.01468057218772 15.7262263803338 15.63605621519 15.146178887034 16.3896425476515 17.1586027457702 16.0007988372846 18.7417027590734 15.9177969292479 18.2655862843836 18.9175766963806 16.0106303679086 18.8054370388451 18.5538133950554
TCGA-AC-A2BM 8.3153776685026 10.8720141379477 11.7334896162321 15.0960026088629 13.2545952619206 13.6658813005459 15.2797269969124 15.4263346160586 16.0310188044084 16.267184106089 18.4392722051337 18.3932973886915 16.449191529061 18.8151385462052 17.8571107340967
TCGA-EW-A1IY 3 6.6823548236408 12.2699558513367 16.314008270822 15.8348893843472 14.5429938655087 17.1475837166987 14.203308566612 17.6218958775132 15.5903125232521 18.3244036727919 19.78463838446 16.6465066935441 18.7851439801115 18.579080755411
TCGA-A8-A07G 3 6.04894598244961 13.8253626653019 14.9707455341271 13.7299852192848 13.3761348755891 15.944231584444 15.510329268224 17.5841566290341 16.6453551574572 18.1715019508865 18.723112203392 16.2405012551773 18.7401351211184 18.5883696323109
TCGA-A8-A09B 3 6.06982192633896 16.5509412681164 13.8893896160198 15.0782181451762 14.6257855730938 15.0373760378993 15.7632119147529 16.9012060182606 17.4927722411937 18.3331172915667 18.2048444603543 15.7847171242462 19.3885592808279 18.9444351903872
TCGA-BH-A1ET 3 3 13.3973889665302 14.8262658783054 16.9532358751256 15.0557336991464 16.0597211457326 15.347124804594 17.299051489274 16.2934037292486 18.5193797055519 19.1630564866276 16.2210696203501 18.4046032336135 18.7003921126324
TCGA-A8-A08L 7.16638147507724 3 15.0694375954468 14.4306774386046 14.5727440050814 13.812379564713 15.7263275698002 15.1311373400995 16.8783679777943 17.5794746768828 17.2602554608704 17.5363036250923 16.07095014576 19.0958842918275 19.2210474978362
TCGA-AR-A24P 7.07768818819017 5.83965396915967 12.9081907485249 14.2054228823225 15.2954541263846 14.2146104271138 16.3136592455686 15.3075018058024 17.3234294102428 16.435858768918 18.514254493771 19.1410493834896 16.1845304488694 18.0901845630356 18.6480934274131
TCGA-AR-A2LH 8.90904331614195 3 14.9638794441861 13.2621432951023 14.8966528154386 15.8562988608578 16.5286657510751 16.8242576883921 18.2586469430747 16.8585245232216 17.6421246097117 18.7470193542662 16.1136118709812 18.7422890462527 18.2931887433694
TCGA-A1-A0SP 7.42235757824531 14.9811271890961 11.7014213008694 13.511743647209 15.0460253173609 13.8034119042259 15.8632491675425 17.5409271708594 16.6754229715103 16.194235590456 18.9517991572279 18.7916598931985 15.7528607752117 18.9132118248809 18.3394325858607
TCGA-AO-A0JL 8.14956928313227 3 12.1242206831965 12.5181550055459 14.8929293454972 14.9309048595462 15.9429196944358 16.158408430851 18.7336188198664 17.465638062341 17.7765342028928 18.4891393349265 15.1638992738752 19.1857070092459 19.2601798357671
TCGA-AR-A2LE 7.81470230809371 10.4909742543537 13.6679786443997 14.0681231496499 16.7034860243104 15.0886055942968 15.73253350332 17.215573657385 17.4327189489738 17.0197825885893 18.4079901065386 19.2385499408006 16.1809682565179 18.5864193793196 18.0440676200539
TCGA-E2-A1IU 7.56668841826179 6.29273454905708 15.9795037740648 16.2323183672624 15.8087651070289 14.8561803811981 14.857047638894 16.110281260059 16.8144600970244 15.8098228800355 18.1358114414667 18.5836665630889 16.0828805717532 18.4920104170586 18.489392614806
TCGA-BH-A18H 8.90285768135396 6.63276711151673 13.7586488965884 16.779735251821 15.3725723771155 15.0001914075873 16.4110406007931 16.421990859563 16.9333596630848 15.6324420236607 18.4756004298576 19.015640380485 16.3472953915707 18.2580854254761 18.4597888385948
TCGA-BH-A18P 8.42226214893918 3 15.6036295625849 14.8875927343867 16.0040038852566 15.3247662450523 15.1086084208237 15.8071117662863 16.5874522587113 17.5097941031965 17.3971073619822 18.1278900911721 16.3559063147757 19.0347402169031 18.2961370926653
TCGA-BH-A0BP 7.88327810376874 8.09433375565996 16.6061448525896 14.144732139257 14.9332476855737 15.2201593114798 16.7417047109564 16.4084903056545 18.3043719921041 16.6974802157935 18.162971442961 18.2770314164579 16.566981514341 18.4496869975891 18.9903893520834
TCGA-A8-A06Z 3 3 17.8843066266533 15.7494993204312 14.1824681238442 13.335690649472 14.7316832515358 15.1821535737194 16.5769598426457 16.9534441616591 18.2788721167395 18.9593531125238 15.4878547090262 18.4300068313122 18.5163287480956
TCGA-A8-A07L 3 3 16.1009246120191 12.8771776111514 14.2976407060692 13.6774733930653 15.1257268028389 17.2043924342431 17.0587594195786 16.8723869577549 19.0116522174595 19.1842378142278 15.4411604622109 18.8480452472217 17.2915552259595
TCGA-B6-A0IH 8.83069419872351 10.6153838280283 15.7683038083314 13.6131560739834 16.0208889168115 16.1297601608944 16.4199232724848 17.1052482991336 18.7775298607014 16.7944931781058 18.0539420380633 18.6136179328675 15.9171333065622 18.9313704109152 18.7727795339604
TCGA-A8-A09D 3 6.2727904553574 18.1698399472557 13.7539594003393 14.3928894967259 14.52472476634 17.0849643408446 17.0473876834093 18.2476872078348 16.5096709472892 18.3894726610625 19.1859254029693 17.2926271500151 17.9337442128475 19.0675637956271
TCGA-GM-A2D9 3 7.07570841688076 15.259424472703 15.1738135735861 14.7354101186247 15.6753717307672 15.9011476972312 15.8638244917834 18.4010717154073 17.1072194434102 17.2709138999263 18.886056440347 16.4209749616658 18.2735360393951 19.2255430197386
TCGA-AO-A03V 10.5904366978669 7.13076843759541 14.4355189037536 13.6615850050104 16.1909904738303 14.4648705002082 15.4443075211239 16.0930881967694 17.5398426334023 14.9074723592322 18.7515541008417 18.3992451499284 15.6173720236532 18.3056741034078 19.2296795475312
TCGA-A2-A0SU 10.2440898792397 3 14.031292032614 13.1100766638189 15.5830525515365 14.8771148831478 15.9094675178163 17.360899150063 18.2769377201025 16.8682673914278 17.8747045418118 19.03219639198 16.4347983810555 19.0560806860449 18.8751136454294
TCGA-BH-A0BQ 3 3 14.1817670747039 13.6940465287424 15.4771910834755 14.7196346487251 16.1855368145998 16.7660846223347 18.0889544273505 17.0689793994477 17.8708238773545 18.5343843762724 15.8729565035676 18.9404115148102 18.8432084198361
TCGA-A2-A1FW 3 7.72849230407397 15.6297860025323 15.5672306031579 16.151434766378 13.9061786844607 15.1108452927385 15.5816185283513 16.4513116056508 17.5875036834012 18.292168149702 18.3667756148537 15.7102554436883 19.1452001878521 18.1277866736147
TCGA-A2-A3XZ 9.57002027364276 3 17.4919640862008 14.8248667392974 13.1403050567537 14.9765646706504 15.9013449541682 17.8023238464498 16.8358952692511 17.7639797289457 17.9863335468561 17.9590236781473 15.2734887034675 19.1111603381035 17.9264836764342
TCGA-A2-A0EM 8.38260760934247 3 15.7523141972045 15.5969843396133 15.8531876382446 14.3487738423748 15.6041224525344 15.6862202072903 17.1678227182593 17.0801484715232 18.3825242216075 18.1130210881867 16.0764554134301 18.4865420522329 18.6887241583907
TCGA-LL-A5YO 10.9516354502293 9.40326045529017 12.7614419630635 14.5584775540525 13.5212678635968 15.0614818005683 16.8041385985021 17.3903557380518 17.4665320865864 16.8107208004968 17.2377191568015 19.1685056767819 15.9423289886202 18.6310390920445 18.1059803856122
TCGA-A7-A0CH 7.66614279122248 3 11.399464881212 16.5460470133972 16.3329617325513 15.1865077757125 15.4632848826176 14.8149582224246 16.5499313659277 16.5115923686875 18.3245674477245 18.7699828252497 16.0063771195278 18.469092879828 18.5462676285769
TCGA-3C-AALJ 3 7.43965831289219 15.3754285140735 12.7120994665032 15.2481732964528 14.9298411112711 16.0748869435823 17.4003999302587 17.9671998268946 17.5391148208504 17.5155121973451 18.4998275650652 15.3263782042167 18.8121745131956 19.548062921584
TCGA-A2-A0ET 7.07341032251513 3 12.0692160127418 15.8247117484323 15.7534815755801 13.8441127748786 15.0184512420263 14.2939064359641 15.8470479374857 16.3310214334547 17.8823273521704 18.2730753990767 15.9812073709203 19.2026351561245 18.7606986937632
TCGA-A8-A076 7.13182901552551 7.33817042997234 16.1737800617837 16.8498410473649 14.1402275729434 13.5019623421233 15.3457708091696 16.0327268991049 17.157258582736 16.5464666986312 18.3682993358334 19.1180057809336 15.9138902451995 18.626194219381 18.4000940369107
TCGA-B6-A0IK 3 3 16.4528749877467 13.4802652965993 13.8150732576507 13.7221854985626 15.1872546814751 17.1868556911911 17.8137240085215 16.8949097380573 17.4787839421985 19.7900907161587 16.3860647795965 18.9229308838751 18.5466372986948
TCGA-BH-A0BL 8.62396760044409 7.30241055440751 14.5984411765805 15.1002616924488 14.708879119436 14.5836156727215 16.6874916107053 15.7147032724688 17.6236603142476 16.8047355383406 17.6887058570194 18.8443714865112 16.0349637929141 18.2968480484291 18.3171431896629
TCGA-A2-A0D3 3 7.89649832713883 12.1214440951646 13.6437713805504 15.1837184293216 13.5097730778751 15.198908664522 16.1092195197287 16.3720799425421 17.5608587828166 18.3294285396523 18.7799952725086 15.9964055406125 18.5958686096114 19.0094203112691
TCGA-A2-A4S1 3 10.3034674861633 11.8528446384422 11.6646620036008 14.6732265886442 15.4279450532717 18.7487445476755 17.0449831649924 18.8835068057378 15.7763509162824 16.961265485552 19.2554442413791 15.8908053531555 19.3774705901672 19.0648845786001
TCGA-AC-A3TM 10.3248105742867 3 16.1498246436472 13.0202158749728 14.3302006969509 15.3412120392849 15.0607616258535 18.5541010807631 17.6228438564172 18.1872965240173 16.9928271959312 18.0068828138632 14.9578310670127 19.209882677432 19.034641768399
TCGA-AN-A0XP 3 3 14.7723344173739 17.578232778482 15.1284373901761 14.7073908161139 14.9906596373501 15.3223475813632 17.2430340009384 16.1053585585076 18.3053570808341 18.2721612532612 16.3875407167511 18.3639344260822 18.7117042142658
TCGA-A7-A4SB 9.99798060341282 3 14.1859154226133 14.7822342682264 15.4088561531767 16.6074162692007 15.2191065091245 17.8193427061469 17.7589719746868 18.2060614654513 17.8152080354309 18.5280266831704 16.4779896464717 18.1590023511767 18.6104723548317
TCGA-BH-A28O 11.3051606259293 6.11101585805525 17.4581127933288 14.3009241203529 15.4018945802997 16.5388576546459 16.6544733218421 17.5655307276722 18.539116051523 16.3667958443055 17.6870052406352 18.2608564459289 15.7777218867478 18.7355687322576 18.4039388681495
TCGA-E9-A22B 7.2392926316782 6.89421697823782 14.3953655426799 13.6309641485669 15.0298269279111 14.0162021141454 15.839575917551 17.2426535691786 18.0470624543549 16.5477064745084 17.5080859928472 19.4476277002007 15.9990671416044 18.7251254058644 18.2810781443063
TCGA-A8-A0A6 8.90884959942862 6.63837036909842 14.6990520117646 16.3689671485004 16.0909253793242 14.4653348489654 16.421361920321 15.9652151800146 17.7192435613041 17.2255042685178 18.2740261680744 19.1424510378562 16.6268235712332 17.9935497363771 18.7703427747862
TCGA-AR-A1AU 10.3813436607122 3 14.4684426916324 13.2730640120155 14.7251882215862 15.5192220638907 15.6861476036218 16.9240129295201 17.4629279536278 18.4465692660879 17.893912767637 18.7122405850421 15.8066209547208 19.1128842933471 18.9120360507949
TCGA-C8-A8HP 3 3 17.6281860936993 13.04851698271 12.8379244598857 15.2694217097974 15.4564049883875 17.1981030105318 16.8961740257413 18.027618968255 17.7948127274518 18.1624892881401 15.6149763804754 19.0923935768987 18.8453090829904
TCGA-A8-A075 7.43712477926269 6.17161631424199 12.25058438895 15.8960651194864 14.0798142761542 13.6695985234868 15.0643349172216 16.1968435232405 16.3758112465566 18.1395611289817 18.5109937735904 18.6233716767261 16.2041613632969 18.5731560237434 18.8601126845346
TCGA-A2-A0D0 3 3 11.1271128514312 12.8681853478813 12.203674257402 12.227793951771 14.6275535553818 16.1580019679302 16.4796072090812 15.5954998935745 17.1032344430884 18.0716361088043 15.4502017972513 18.6077294829471 18.9211739015191
TCGA-BH-A0DS 3 6.52975015434274 16.2123182588395 13.7873666285196 15.2782298267316 14.9797812320271 16.2658050382712 16.0341954305962 18.1780969655463 17.1578524970323 18.087735282749 18.4445666741344 15.7291675281717 18.4646996804641 18.637428079244
TCGA-A2-A04Y 9.43467670960842 7.78233868513822 17.5552075908972 12.8725669081074 14.0451211070586 14.9456692299894 15.9678471005508 16.0248477355785 17.5629717983015 16.6534063317295 17.941809198344 18.9196267924996 15.5265542969497 18.2177130061029 19.4199327520911
TCGA-A7-A26G 6.96602260653032 8.98595791306592 12.6729500623821 14.0255001807363 15.1511411021464 14.2199941196227 16.7170941124833 14.8954721847933 17.3017164036499 15.2549038302172 18.7165723456621 19.5442648597153 16.1179763133108 19.5748236856075 18.8983840224909
TCGA-AC-A23H 3 3 16.4284048176554 17.2075375442518 18.1993097327921 12.7554061600176 15.0145615434571 15.6939359801832 16.5531270958822 16.9358027600931 18.2965777049104 18.3270110286245 16.126340823001 18.27505929806 18.8343597745789
TCGA-AR-A5QQ 9.8720089091285 8.52429481526872 11.8990397501085 12.7456035935411 14.2518568983601 14.2266515081432 17.0557983191338 17.4927048162125 17.596593815945 15.4514528940611 17.7343667278512 19.0553450488042 16.4890786579818 18.8713718513074 18.3388973752329
TCGA-BH-A0E0 3 3 11.5894177234011 13.105187481902 13.7096063588645 13.741821774187 14.1413492878569 16.8828446983102 16.5232106478243 18.401988876429 18.3619425128882 18.1294470277429 14.8623979846814 19.5055511160985 18.5514031287478
TCGA-E2-A1IN 7.00072884173585 3 12.2637329648113 15.5030057054856 15.4235779533962 13.6247032946721 16.0595728349257 16.0314699133252 17.5912075695268 17.1603586754488 18.439448102733 18.5509802757496 15.8702905857319 18.803942978747 18.4908613245553
TCGA-E2-A1IO 11.490257338251 3 17.7105750959821 14.8591973889016 15.2913330523549 14.6705893989562 16.5407472788807 16.2283104256191 17.369055108656 17.2187152408113 17.7331465845598 18.4038202644099 16.2270851119628 18.417296884301 18.579654851447
TCGA-BH-A0C1 9.56902817540791 7.91347064207214 16.0173119895628 14.637506126273 16.1728523294335 14.7928508400148 15.9948042000001 16.0824355704325 17.084281029195 17.3856774971177 18.387583520511 18.5697072582039 16.0837679460714 18.867999861376 18.7381890060536
TCGA-E2-A106 3 11.6033111833081 13.8761627835371 16.3945121741589 14.9342772420317 14.3795979561294 14.3054458882343 17.1132314006121 17.0193929637201 17.8301742450659 18.1243779713586 20.0988729965193 15.5999852661672 19.9379152115191 19.0042833874599
TCGA-AR-A5QN 8.11819039501146 8.90324005845096 15.0662117600055 13.6616559896423 14.7459010748144 15.6575347362528 16.0101482306869 16.3197881368182 17.9925393831691 17.4597471309195 17.8428638485467 18.3228691383783 16.0227788859035 18.5535060167197 17.9921363420443
TCGA-AR-A254 3 5.82238636937704 17.4565172125178 13.6833468769157 14.0592604531247 13.6825840575221 15.8961409857014 15.3241660067685 16.5399669439215 16.52881887065 18.9308323225945 18.8750986389307 15.9094748351799 18.5718439433841 18.9482454641351
TCGA-B6-A0RU 3 11.3836058328826 14.2210540094514 13.2691988796378 15.1637595289886 14.2164266595313 16.4148391997812 16.818695600264 17.7707765833364 15.8142808592927 18.650671496551 19.0624873753238 15.9080085938976 18.8388450101468 19.114691873718
TCGA-A2-A3XY 6.95792305632664 5.73053103857549 15.1822896749195 12.0708604017208 15.1028432368038 15.7248865350436 16.149690793552 17.4604938931755 18.1357472446949 16.6098014241743 17.5890826344136 18.874302621016 15.7135304409184 19.0719980155405 18.4636107199039
TCGA-BH-A0AV 7.33197907633514 9.08283626380971 13.3243510528699 13.320505647147 14.35497318313 14.4861607031876 16.0008828738811 16.3742634349279 17.8360393440832 16.3893287886715 18.7074390752569 18.5708969548655 16.0080899554493 20.1886898866339 18.3591374240733
TCGA-A1-A0SG 3 6.16198002456202 15.1403183652119 12.9717365540641 12.7569496480986 14.2932481770371 15.6299124719697 16.5264032171786 17.0886658319058 16.589268716966 18.5098875365172 18.2380153428044 15.5524275664044 18.8967119273006 18.9032900192521
TCGA-AC-A5EH 3 7.83691028527915 12.6397327898832 13.2604148794694 15.7974891644661 12.955364026316 15.8103475573318 16.4872576675834 17.3950328586842 16.0265305468028 18.3103021846773 18.3346927827474 16.0224338791694 17.9263253488332 18.6568134350044
TCGA-C8-A138 8.81340336773926 8.04967275654147 13.6548632187518 15.5465108883695 14.4060411524241 15.1839853269944 16.5200443867316 15.9429238291363 18.2835003370178 18.473799949669 17.4826093401036 18.4710075474633 15.6594002135004 18.0804219283078 18.8957795961918
TCGA-AR-A251 3 6.12386933329847 13.3119882930687 13.6678950232231 13.6215905938293 14.6074641784659 15.9655307296478 16.7954935773951 16.5885387519485 16.560573350697 18.7266844546249 19.1005654356629 16.2660110510826 18.3620089721677 18.30163428977
TCGA-A2-A0EX 3 7.3703643772991 13.6024461697201 13.7474250698193 14.3721844716035 14.1298212009478 16.2753796520505 16.8160107229836 18.1895851735748 16.4727129650916 18.2152113403731 18.9022384062794 15.8193051704454 18.7793677726532 18.4984498858179
TCGA-AC-A62X 7.67791143872362 3 11.438566490471 13.1970935228416 13.4719865114608 13.8289250260625 13.3166094508547 17.8913671181443 16.9148252399775 18.5849754705469 17.545061263496 17.9528392723729 15.9121267148601 19.1965056852405 18.2048571313396
TCGA-GM-A2DI 9.5244893171066 7.22119722495073 16.5206914879068 15.2800177111426 14.3019737572075 15.1233930912636 17.4796525810756 17.3495634571386 17.4614921150091 16.1244152815638 18.2941410867499 18.8498117072091 16.138702873066 18.697687587851 18.8732939961642
TCGA-D8-A1J9 3 6.60072851447738 11.7390252684557 16.887488320711 15.615311776967 13.3220427434059 15.7799310764925 14.8742090984589 16.8984797495968 17.1591510277783 17.8147803749733 18.977830118101 16.1478457775707 19.1972781566727 18.1603202835523
TCGA-A2-A0EU 3 3 12.7538774918432 13.2375515421391 14.8344158841643 13.6481915754621 15.2935401043546 16.5311792918559 17.0718986468345 16.1190944951202 18.3201597169732 19.0369172904754 16.4443567126316 18.357040428408 18.8185680954989
TCGA-BH-AB28 9.10929061093602 3 14.1290713867298 12.4046409765885 14.7733252650882 15.2981017597013 15.6311492104431 16.4336319423324 17.0343992762859 16.4611520264331 17.9138490775492 18.2262936243303 15.7062942153969 18.6287118787478 18.2641430413506
TCGA-AN-A0AS 3 10.0478082724323 11.2907321708757 13.0154026274863 13.0338512959943 12.9126704161931 15.998712023968 17.9556578651323 17.2909813980616 16.2891065365423 18.3645254177956 19.2546178902266 16.9994586437695 18.3078551671001 18.225790166728
TCGA-A1-A0SI 3 3 13.1530131884487 16.3387346334096 15.3923021995956 13.9369902916981 16.3870875137086 16.2926603634399 17.2822706665514 17.2645928462965 17.8041414017183 18.3401499150377 16.1004271662563 18.5924925580643 18.7828656067229
TCGA-BH-A0B9 6.76111775389492 6.42458184117874 11.1410634013451 14.0849945097782 14.0731949003971 12.6880225516232 15.209829611686 17.9844303777312 15.7319564412105 17.0426589812742 17.2178986556901 19.25114393906 15.628935782264 18.5629133249788 18.9622192345062
TCGA-A7-A5ZV 3 7.92576063938231 15.1145267654375 10.551565236558 12.2940773256187 11.8703701885818 15.101977758462 16.3656364736344 16.3927602712684 15.4758434711675 13.7771044526064 16.8584716019375 15.6340156143257 18.8088494807097 19.2135416085414
TCGA-BH-A0HP 8.20453501435066 7.84878815092787 17.629163477375 16.4308260893627 15.9598286005981 15.0109605680902 15.9338608312767 17.2113490636911 18.0302148695276 17.0570143224082 18.25216611276 18.5300241677673 16.2132194002277 18.7920756824699 18.6665645839455
TCGA-B6-A408 7.30556435809018 6.04938616998687 12.8535952846811 15.0964010911085 13.7304855995612 15.0749752169151 15.354874421985 16.9535072557183 17.5259397582397 16.7961398133838 17.703336993961 18.4092498555315 17.1315497776455 19.3779438434957 18.6274198309411
TCGA-A7-A3IY 8.33354023946843 7.02193277859607 12.2291767960414 13.2125573124512 15.3606530727763 14.0336430680959 16.2356594676589 16.2533243122339 18.185289374602 16.5772908248902 17.2751884552789 19.6229643896805 15.9799804922914 18.7408845827781 18.1660095593882
TCGA-E2-A570 9.74714983616475 3 12.4386887499854 14.3464141367952 14.7013646751212 15.0978891114372 15.7548818388255 16.5082764907482 18.3118907642065 17.4705577636258 17.6041066025637 18.2848318063892 15.6412273434175 18.3735874037216 18.7316174811066
TCGA-A1-A0SD 8.25080714949474 3 16.8603176871471 14.5511307865587 16.7765379342387 15.4912953816878 15.7435752637551 16.3599370275993 17.9570059147661 16.8256529212566 18.0527793597932 18.6765920130574 15.7244713071137 18.8022716148652 18.1516235209445
TCGA-S3-AA14 9.00755945384969 3 13.9396068472887 15.7843296551314 15.2669599335458 15.4601495676086 15.6393132536867 15.9000724532451 16.8975480306824 15.6101872001996 18.6824345218846 18.3298071689195 15.5858986471479 18.8557152402705 18.7237543434997
TCGA-A2-A4RX 8.1639514876162 8.37622404557915 14.2052127407655 13.4008061188741 15.1600493737578 15.3085925790544 15.8309509746062 15.9395897174168 17.0151912314036 16.1389256693582 18.4560612777535 18.097789009747 15.8106122117132 18.5706662517146 18.5886399883997
TCGA-Z7-A8R6 3 6.16222299052185 14.0976033541476 14.7322552223608 13.6228454438365 14.6160100910759 14.0790987901962 16.7662757503594 16.6735011788771 16.8737297194405 17.6807716071492 17.8984528166335 15.608706734938 18.8454560045446 19.2407676279139
TCGA-A2-A0EW 7.34122978237866 7.5491416781825 17.4544245594909 13.092442157216 15.8043890799637 15.8550866530099 17.0377294052339 16.2331958173681 18.4076805729168 16.0403241694349 18.2403456503806 18.5554612493302 16.0808899757936 18.2530498561218 18.5697037199405
TCGA-C8-A12W 7.70144387827732 6.41942887489189 15.1820645544162 13.5598865821668 13.0434535812198 13.5218471963667 15.6397451837839 15.6695960660707 16.9410417794112 16.2534218065918 18.6933825128935 18.546662419946 15.5800852750624 18.8471644854013 18.1851986215511
TCGA-A2-A0CV 8.04421667351997 7.29326732714081 13.9544572798135 13.5144429698663 15.4233840868322 15.0358494175314 15.9832984671667 16.6924582183725 18.398903639705 16.310975402087 18.3599144097432 18.0704097803504 16.4006047378441 18.8209368951516 18.8271376818679
TCGA-A8-A09E 9.08990173137822 3 12.4274370508551 11.6933021759445 14.7657244664925 13.8153141423983 14.1174705157981 15.9928650319874 16.2560199936086 16.3345006418694 18.0126788302973 17.8905353573258 16.0686740606131 18.700987614068 18.987161446926
TCGA-AR-A24N 3 5.87559680649486 11.0956866221452 13.7660848908186 13.4998791276942 14.2562886967543 15.4781396416881 14.9527355742975 16.4616705714964 15.8119286058633 18.7056309716825 18.8674308597889 16.2225231954996 18.6202780943926 18.6162660684403
TCGA-BH-A0HA 9.30350791593453 8.68340478252751 12.6314434978529 14.6183280505283 15.2526961227853 14.8714480787499 16.3788690252053 16.9979407975215 18.7116918303918 18.2980847396386 16.9824615812339 19.1619161521134 15.615911851267 19.0448085468381 19.0823135188457
TCGA-A2-A0YC 8.04670159293582 3 13.3617796467665 13.6776202467457 15.1686733407366 14.5678462985169 15.7026898601497 15.6734375434446 17.2481561262981 16.6773801364427 18.050165851268 18.4905500845987 16.0816360747917 18.8974479479998 18.8210129504736
TCGA-OL-A5RZ 3 8.61529198895604 15.1283554103948 12.1851319668145 14.3723498424238 14.199541014959 14.2631550299543 17.9159620284681 16.6188317295363 18.752780001841 17.2604398281174 18.3985264992167 15.2209881411188 19.1265182127707 18.9802273021936
TCGA-A2-A0CR 10.8253768574906 7.35435400817088 14.9493286256879 13.5343329722309 14.068960520307 16.3613990793739 17.0188220925125 17.9777375815396 19.4306938522416 16.8005067934446 16.9176123852796 18.6709573175784 15.4670604661997 18.8497814136476 19.0469995268915
TCGA-OL-A5RX 3 6.30530503115433 14.9486278980273 13.3811249860033 15.8153388131699 15.7999758720524 15.2413172193852 16.8558269501103 17.7452341972 17.6504717774695 17.6797489437536 18.1741081761657 16.1686737410653 18.5709961036549 18.6643530440923
TCGA-AC-A3TN 8.45580701085732 8.09826138353595 17.8425472262489 15.5955531696482 15.1985596850557 14.627925291443 14.7230411441672 16.8543026547613 17.6808428252289 17.1179111655571 17.0889282842998 18.0144705330101 15.3309999466748 18.8746735166585 18.5945363981481
TCGA-AQ-A04H 7.17323272110546 5.92726892519131 14.9202703132965 15.4552847788213 14.6185261785402 14.9513723455779 15.7465996963265 16.8957524576922 17.3948727669473 16.5244512374217 18.8459040368803 18.8805561039119 15.6025050375253 19.1426062144304 18.8387804616917
TCGA-AC-A6IX 9.34589924773489 6.13532466082495 16.3276020254839 16.0869704273887 15.3595697428372 16.3360520147757 16.6699000966602 16.6305666244496 18.3102169344371 17.6124643415592 17.2583766554536 18.4142115680531 15.8309038509951 18.6940826703792 18.250863754981
TCGA-AR-A0U2 3 3 12.0087767297313 14.758020734278 14.7699894961601 14.1216922704277 15.5027331727467 15.5480269120402 15.9712558374148 17.5101962709085 17.7213988920728 19.3094821990326 15.7265181355525 18.9469840904394 18.1071788799175
TCGA-AC-A3W6 10.7162178843938 6.32413671440358 15.3113221032187 13.4907907741314 15.3657179567877 16.7239820815304 16.4530264210604 16.8790547919107 18.8087692140704 17.9387179120517 17.5757952348878 18.0993522920944 15.9170698511931 19.1304627354524 18.6481736068517
TCGA-A2-A0ES 3 9.98764275752832 16.553498666146 13.9875936400727 15.1235491862472 14.9195026862381 16.3942876573702 16.6794780878956 18.3145997724493 16.0621325045423 18.1229824014336 19.0400402330064 16.3717630312721 18.6647835580522 18.4262439518092
TCGA-AO-A03U 7.21656304884972 3 12.0565861285368 13.4978121269968 13.7267861371201 14.3700017142976 16.3060307583696 15.4145569186074 17.0288498544424 15.2468441995613 18.0908097576041 19.4951678886987 16.05003932298 19.1285991287495 18.7238723612762
TCGA-AN-A0AL 3 6.31482175405105 11.3205994096815 12.7842176330733 14.2924741309317 15.0273908521846 16.5612241338506 16.7764406204537 17.9664450301815 15.2458436330777 17.2499670860501 18.5742309083858 16.3231882936231 18.395900962914 19.0824036389451
TCGA-AR-A1AP 7.72034515648435 3 15.7912853509824 12.6935361915068 14.2149024598142 14.1378019809839 15.1715954530325 15.8736430879503 16.6987170923293 17.6096451529594 18.284436711642 18.3733448023639 16.0080641761282 18.0330310234726 18.4667233984725
TCGA-AC-A4ZE 12.2870746820993 3 17.1668218527881 12.9757512786439 14.5756615929461 16.1129742714524 15.9876222943318 16.7040227944951 17.899132669018 16.0882621331156 17.7792693655244 18.3023061027718 15.6834208735776 18.4320808773952 18.6267904574641
TCGA-E2-A15C 9.05678326711726 3 14.4164980134023 14.738411420376 14.4326540993615 13.8664107506624 15.7519092934078 16.880653945756 17.1255606390811 16.6489951938849 18.2993502584583 18.3598910980714 15.6663035816838 18.9167745740452 18.3844849973296
TCGA-B6-A1KI 9.59141569012493 5.84120424205909 17.2563763333245 16.2201438724906 16.5837010304652 15.1307353232509 16.2580673565387 15.3707889304706 18.6769121836011 16.3551666362441 18.2676021939854 18.7910365384711 16.11615196852 18.4730594675759 18.6290981575826
TCGA-AR-A24T 7.23163431607554 7.43875292328473 13.8528417350783 13.0156781571639 16.4934481329848 15.0447760009987 17.0317352501202 15.5342949763967 18.3844571178505 17.0010420525665 17.6150858235425 18.8750013383338 16.5406283618247 18.8745763850136 18.4485885322644
TCGA-AN-A0XR 9.19597122088239 3 11.2987346074217 16.0718343684398 16.1108332272308 14.4570775856489 13.3658797700138 16.75948339289 16.4694371993731 16.8704025490228 17.7930766118753 18.367777210907 15.6591836176053 18.4678306238635 18.7542066831057
TCGA-AC-A62Y 8.55081240863337 6.3064044879497 12.9725526782168 12.8866375524093 15.6875298556095 14.9162339800679 16.1385296104155 16.4651932652846 18.0179584778404 15.4823813018272 17.7987354777843 18.2968442687554 16.0001137658891 18.5247559646749 18.6074218568105
TCGA-A2-A1FV 3 8.03355213378654 17.3252135655683 13.5338928731 16.8754267807516 14.8307208757132 15.943249728707 15.4221840594233 18.2850486975566 16.7259302991957 18.2831552222908 18.0983782824852 15.9154035209916 19.2908631115814 18.1179121368834
TCGA-B6-A0RT 8.15404745285954 7.40083919166587 14.1355819401247 15.2375269675049 13.850492130343 15.221128437764 17.4307903129365 17.1152370765185 17.2962672860242 16.3966892722836 17.8652962802661 18.9780139522222 16.1373178177529 18.1189051563958 18.3031660881874
TCGA-AN-A0FN 3 6.04159819151571 15.6098371468311 15.4402791510965 16.0674805952194 16.4177483416304 17.9610280283208 15.7412856299136 19.361746383791 16.5749167350062 17.5105404144475 19.1195004691743 16.5686204505364 18.5154610766884 18.8083797756264
TCGA-A2-A25C 10.9647560708674 6.34867648456013 12.6331899010831 17.8684840308923 15.9996375914885 14.9959113590335 15.9739237170555 15.1858712069727 17.1392084591098 16.8074716160679 18.3827227985702 18.3362628568003 16.0293162727908 19.1152616975031 18.594292427314
TCGA-BH-A1FG 3 9.50958033011251 16.8940396111235 13.4631578993924 13.072043275243 13.5175968391939 14.8346915831421 16.0576237161418 17.2044786597091 15.922435316572 18.3713686391119 19.3381704542319 16.1531163087224 19.0614675938236 18.8466640358351
TCGA-BH-A18M 8.95586296441113 8.02542269842399 14.4542022731715 15.3749810766457 15.0998255767593 14.8274391811894 15.9421835620197 16.5311782635719 17.6625457308521 17.2366571384593 18.4054032152902 18.3947169231398 15.8123907313782 18.9945629647327 18.9716292544925
TCGA-AR-A24M 6.93135157494562 3 12.8071432600696 17.6698985567173 15.9002971278746 13.7313209608299 16.250761054954 14.8640996347059 17.680653219948 16.8352466812098 18.1073096222599 19.3547103865675 17.1666250891832 18.4105494902025 18.4955526996079
TCGA-A2-A04T 3 11.8438454195159 13.3030239025656 14.0768360462565 13.4407603630119 12.8500903399034 15.3438478988255 16.2164794760398 15.6493584226566 16.5472033093339 17.898491151076 18.59724027694 15.8512984224841 19.3541528245756 18.5207839019265
TCGA-D8-A1XM 6.92232289117509 3 15.1882093693458 14.0546191971942 14.4111189317425 14.0012118361208 16.4974667678317 15.0678236791934 17.4554034798126 17.0784875806524 18.5112028303752 18.6646747667917 15.9755329940218 19.0352733928711 18.7672219674735
TCGA-A2-A0YI 10.3711643972417 5.88353612255971 14.8142370550679 16.5359245345357 15.4856856146188 15.0446770149449 16.8530674489006 16.1775288568536 17.3768449444701 16.3928791245064 18.5675193695204 19.0225055529125 16.003101192871 18.4787899113787 18.4733948587747
TCGA-BH-A0HY 3 7.16346046927092 17.4826605303322 16.1691958454599 14.617346933615 14.2704322492125 15.371130873225 15.9113868347992 17.3993152806331 17.9957095589094 17.633690854492 19.1454550104457 16.3097603507902 18.1908416693866 18.694562260594
TCGA-A2-A04X 8.33520336186641 3 11.1445784544346 16.2251088009385 15.5475189354644 14.5727905611753 15.5926600552682 14.4071173413288 17.0899692504015 16.6377650795644 17.610800043944 18.9218837801556 15.6175236526061 19.4468691173493 18.6728133054221
TCGA-A8-A0A9 10.1900409094746 3 11.612147639152 12.7868896381928 14.1768056835954 13.777364763689 14.7698037984445 17.0030550553106 16.3322005593746 17.1628381677008 17.8739247473445 18.5149276665103 17.4228103510291 18.5714861079125 18.6555291601711
TCGA-AN-A0XN 7.87741292039003 8.49283801463323 11.9119373637461 13.6590701860921 14.7951566160328 13.7113223037356 16.853611347458 16.1429116740362 17.7229368249313 16.5866556412042 18.2726444533462 19.1883572066084 16.5483725431663 19.1482670827746 18.6990618865807
TCGA-D8-A1JF 3 5.90499230478298 11.2583837286851 13.3023873382442 13.8332122272728 12.9356704980219 15.6613919021489 14.2054099804226 16.7777775267006 15.081246496451 19.0264701175598 19.1934695122162 15.9087068771597 18.1708657239142 18.2375102915525
TCGA-GM-A2DK 3 7.41276421302111 16.4403081061519 13.3945234519342 14.2557594334056 15.9958766383504 16.8353636013665 17.7227855656102 19.4811522521374 17.368176191796 18.0138812142007 18.6826360468198 15.9951981373738 18.3329902069983 19.0376683378633
TCGA-GM-A2DH 6.88264494901095 5.66236473176406 15.5051525181133 15.9113844339696 14.4281659578299 13.8643172438899 16.037819485114 15.9078384165833 15.7582932442879 17.9474158410703 18.0522852653171 18.2272985751138 15.4079561805066 19.1807404437031 18.6432129774911
TCGA-BH-A0BO 3 9.41554970205563 15.8435418948696 14.3070621482682 16.2877531991391 15.9836923017725 16.4599318457917 15.6735364593527 18.4137200133027 15.9247309898264 18.2869371800912 18.7432912131356 16.6127857905818 18.3883427157865 18.3610520598907
TCGA-B6-A0WX 3 3 13.9974465131211 12.9683172773094 14.2693862439926 14.0039608199821 15.8479261509164 16.298849405207 17.895542701416 17.6252922197297 17.2563046112601 18.0149911221611 15.7621709522707 18.7962341225536 19.0291612994664
TCGA-A1-A0SF 3 3 16.8607854673344 13.1994908074296 14.043710357635 14.4730507691082 15.6645012343809 17.395791989688 17.4963504559167 16.9001033015251 17.3093370457663 18.5340166678807 15.8568978981695 18.7351368773082 18.8513806767865
TCGA-A2-A0CT 9.21207532858555 9.25943875042857 17.5903725648362 13.4470327689414 14.0967385148836 13.6058308724956 15.1260232560358 15.6207730720229 17.530231214704 15.3679306388937 17.7883720475937 19.2896596287229 15.5956003231494 19.5422906121194 18.1067929196453
TCGA-A2-A04Q 3 3 13.3831044908532 15.1110421270413 14.0576073130361 14.314231501455 16.6160458356815 15.9042141577562 17.0760077729513 16.4616003966572 17.5923864803517 19.0293947275503 15.8393972034721 18.8491219383029 18.6139061790783
TCGA-C8-A3M7 3 5.99355530639524 15.2557018779042 17.2518709329332 16.2834535453168 17.2723501123258 15.8971572874616 16.5350558860229 19.1413284778512 17.0844527494637 18.2256691377431 18.6859538798236 16.2257437656341 18.3504700975713 18.1037488731101
TCGA-AO-A0JG 7.14941086628777 5.90537927530277 15.1709007197532 17.3021304024803 17.0983976860279 15.5559291195469 16.614357558096 16.0157802233496 17.8292903811432 17.4591735743195 17.5170326492359 19.0087307394253 16.0483136791536 19.1706675368775 18.5377452815986
TCGA-BH-A0BC 8.71427858739204 3 16.200424823447 16.3925479452268 14.9825573799017 15.4016112104919 16.593977441352 16.6459966279099 18.3950482707853 17.1568063415454 17.435305517819 19.0053649526451 16.3128389558899 18.6588986639702 18.7216046178558
TCGA-B6-A0IQ 3 3 11.8429964948804 13.7782228530553 14.0035241402441 13.1853808346684 15.0136168600868 16.6345123513084 15.7941840164802 17.1562710446641 17.1722572690255 18.1774881101347 15.326056788715 19.2593630313469 19.0692587649324
TCGA-A2-A0EN 7.25990024318999 3 16.7770334218942 13.6775181879124 15.5910343652408 15.5150007707398 17.1493239630819 15.8352627398092 18.2857525289811 15.5127776112905 18.0360074295034 18.5307773920992 16.3178150356351 18.5190706810311 18.7157226504171
TCGA-AC-A2FO 8.96982248785594 6.16514258284465 17.8426020317538 15.4988531834125 14.2839464774835 16.0299884922454 16.7274643328667 16.4270216633247 18.1195429306914 17.0113225450818 17.8416880097052 18.6541406215353 16.1553539938682 18.644630860984 18.1659602518798
TCGA-BH-A0B5 3 3 15.7693494079858 13.9837155666201 15.802745647758 14.7678937049862 15.631175290704 15.6296513032596 17.0929630044369 17.9048673520335 17.9106958569705 17.8621343097929 16.1309680843239 18.3861462697473 18.4560587240497
TCGA-5L-AAT0 9.09151952608691 7.75751600629907 14.9208366519242 13.3479138676031 14.358462776833 15.1281005765813 16.1582202415957 16.6235538403827 18.2009192528937 17.1029255245406 17.0426120447564 18.2510772101396 15.7605487175971 18.9399800550182 18.7350509816081
TCGA-A7-A4SC 9.58419213228353 8.64617654465486 17.8465828065153 13.1302127409849 15.2326760692728 16.3074464211133 15.6894450363205 16.3611226388619 17.7413835168734 16.2982065914672 18.1116722542549 18.3278364225058 15.7369326031046 18.2233268616261 18.721956946801
TCGA-AC-A3BB 8.37665784882978 7.06344834766944 15.8856171979221 12.4242896115557 15.0895220240763 15.8668614384923 16.8753817719408 17.1807281112638 18.5540530395943 17.2138876808679 17.8991712815663 18.2961260397942 15.981892583566 18.7237964931176 18.9045682877708
TCGA-AR-A1AY 3 6.14414131323974 12.0722011635879 12.1156544889742 14.8629498523052 13.1430895553841 14.621835501144 15.4431325341773 15.6971112014516 17.3822264696979 19.191963967143 18.3518816155312 15.9570188589597 19.1113844324246 19.136200886396
TCGA-A8-A06Q 3 5.74545751564864 12.3245741954364 11.4866512983203 13.0885559389139 11.6494606217854 13.7239020569156 14.3561819751472 15.696253572409 16.1060807566385 18.568666014674 18.2493021042579 16.9378144337254 18.8140688417031 18.7535674675405
TCGA-A2-A0T0 3 14.9003755916887 10.484543079299 12.2216086286789 13.8804154299016 12.9048668500279 14.6317091727183 15.6793139841822 16.3840831696094 18.011383701285 18.5672716620505 18.2995304033314 16.3175507330666 19.2832073346235 18.9277461294569
TCGA-A7-A4SA 8.95132936294794 3 18.8526762864108 14.0092033850855 14.1170717546939 15.1744690308709 16.3670287289377 17.7358856633786 17.380104268068 16.9199370641409 17.5200438887869 18.0494731516748 15.594169691101 18.1440643708989 18.6435724012346
TCGA-A2-A3KC 8.33162375227943 7.97492826886718 15.8594540502943 13.3705430541194 15.4873980545783 16.537711614197 16.0726832263289 17.0155134208083 18.0207282289626 17.5445751355546 17.4482732403764 18.2361259248219 15.7691586504741 18.6111113098147 18.5350936915569
TCGA-BH-A0H0 9.54150836344292 3 17.556396238774 17.5225757166813 14.5923837627868 15.0295883439634 15.0387468582245 16.6336202716745 16.5923620974786 17.000592619473 18.3352196246786 18.9524842085263 16.3429318641762 18.3894922850195 17.3280452426202
TCGA-A8-A07O 3 3 12.439032230588 12.45978227602 13.6288594285658 14.1119621853596 15.1514727405221 17.2982969117784 15.9189816291721 16.2431674921546 18.9411569862665 19.0719754443633 16.386469702952 18.3467002952823 17.646775535796
TCGA-A2-A25A 8.60702700216743 7.59305966781344 14.7134597234944 14.703420520044 15.91862849523 16.7599057577706 16.5672383565089 16.6257411075111 19.2217772733665 16.7199218570384 17.9891621233869 18.8811318667863 16.0039183312644 18.7241729135637 18.6431060462029
TCGA-LL-A441 12.151942447706 6.7634337835295 14.4151351427859 13.5635688869549 14.0249877751174 15.8997894828085 16.748938243536 17.3325508670997 17.157672964349 17.324588280022 17.2722694852354 18.1489788366564 15.8999294660974 18.6845803601183 18.2887563502822
TCGA-A2-A0YT 7.05526476633801 12.4462879437693 14.541044838746 15.0582143063655 13.5363116735711 15.0049518882452 15.3838654758015 15.9411201353731 17.1148999425109 17.0323533219961 18.1784600774161 18.9057867705048 16.5949474084937 18.933241826296 18.8147257215127
TCGA-E2-A14U 3 3 15.7049286428715 14.0679373874252 14.609374381397 15.3602097541115 13.8128525243111 17.4424411057136 16.964383574519 16.5686384701999 17.7090172901927 18.2072667470494 15.2877112695936 18.8073051476823 18.6284444630817
TCGA-A8-A083 3 3 12.587455994369 16.5655029319847 14.1951565379053 13.6627838515807 13.7964550581808 15.1153842549966 16.7397118878682 16.1433592476173 17.7836805536602 18.6272745380621 15.3294191744866 18.2107339302588 19.0237318485272
