X359 X89872 X114 X111 X554 X196883 X54331 X5575 X2791 X5576 X5566
TCGA-BH-A0HW 3 3 3 12.6852486311008 9.94742411366225 14.4766206207418 14.6327375627311 16.0748031179277 16.4774931884556 17.4286332536239 18.6187042554512
TCGA-BH-A18S 10.5936336408549 7.32163967315058 11.2656892744342 13.8347579408801 11.291153433544 14.1776554936116 14.762837733813 14.2085413298883 16.5266677847611 18.079908292943 18.4718681754503
TCGA-D8-A27E 9.85899706229156 3 10.892073566505 15.1541919947944 12.3061321516285 14.3621378980192 14.7110455430559 15.9525125023995 16.4675919404428 18.5434744480116 18.7199024879425
TCGA-E2-A1IH 3 3 3 13.4849468839542 13.5601505285143 15.6604350895837 17.1949021176884 14.8393389233858 18.9770243926935 17.9865672127818 19.3662660399495
TCGA-A8-A091 7.44794523053921 3 7.70414187409255 18.6532768621625 12.9929859561364 14.9664763999006 15.6162493142996 15.7540953721929 16.8515456800278 18.0163813168802 18.6931627950941
TCGA-A2-A04W 10.8070850244996 8.05369955669633 6.74266179726588 14.5410803327678 12.6352895490526 13.7185884315695 15.1405219132566 17.0863724418787 17.378095896124 18.248150677142 19.33313595392
TCGA-D8-A1X5 6.86600973884062 3 3 18.5542064010153 11.0392547194007 13.5449566906913 14.861915720857 15.9266726882878 16.2669250443413 17.9367979797621 18.4089870635851
TCGA-BH-A5J0 7.91019092323369 8.7969856190157 6.52313870618241 16.3524270918135 13.6435099136858 15.1180918774359 15.8217542415279 17.2619243930031 18.399980081025 16.9752263497118 18.9404763767419
TCGA-A2-A1G1 7.13228788851386 3 3 11.0320622067339 9.81611889195997 13.8147883873154 15.8951384980923 15.3726918791386 16.6523644673666 18.9465962569149 18.871086021287
TCGA-A8-A097 6.12820278461735 7.91114591673316 7.54653045189876 13.8674423848339 12.1517655090777 14.3984313437531 15.9940912592225 14.6066613583801 16.8887817744787 18.729443525717 19.1804551259893
TCGA-C8-A130 8.13202110936168 10.0109172582522 3 13.1566615729758 12.2109656006839 15.5317582755369 15.6931072196799 16.5239026735287 17.7659120162051 17.4141353464249 19.3135360539366
TCGA-A8-A0AD 3 7.73164261586913 3 16.2953745064563 11.3047419853859 13.7134765652971 16.2536436464815 16.0189203783188 16.6691064624656 18.5009033782872 18.4846746560628
TCGA-A2-A0YL 3 3 7.45354325003665 14.941930210531 14.0399137584287 15.1414600632413 16.104452905235 16.7605539474322 17.8662781911967 17.6959511531517 18.4920909571929
TCGA-A8-A09G 10.8324624054436 3 6.8187630498853 16.5275317578839 12.5248626990087 14.1867559101127 15.6207993839265 15.7508052702237 16.4700211057517 19.0645350061441 18.1983227049013
TCGA-A2-A25E 3 7.21095618434968 8.37214773696432 13.339042320323 12.2596066797072 14.3874474467297 15.4439410231683 16.1662234880544 17.1300147257891 17.6598883300102 18.6980769058058
TCGA-LL-A73Y 13.0242311942567 3 9.51032375515347 13.8441598421685 12.8834287540713 15.4969738596611 16.5208784390719 16.4538033107946 17.8273483679995 17.6793010703685 18.4368980162612
TCGA-AR-A1AK 3 9.44850846962411 11.1455136812917 17.0149279162968 14.0564509110276 16.4699058142121 16.2973890571548 16.2897451911184 18.006767297466 17.8564998471057 19.1321712210009
TCGA-LL-A740 3 7.60638545257462 7.24512045384381 12.1348217046752 12.2310846011843 15.2699349083869 15.9148628073892 15.7875718417597 17.9037054683041 18.4054958885003 18.279773402801
TCGA-A7-A425 6.56786671826378 9.94688170151242 8.58653319522621 15.5837121266708 15.8891303830058 16.3113275299364 15.8176343087685 17.1774874870685 18.2331393986663 17.6932213560824 18.4199934561384
TCGA-AN-A0XO 6.28809766065027 3 5.87427915478252 14.5426317839924 10.2599772235193 13.1223798136542 15.1389362534704 15.8995880050486 16.9902553312611 18.5289924392934 18.5581792941473
TCGA-AC-A3W7 3 8.6366899913955 6.75454584410486 16.558081497796 14.6691244517013 15.6656379865368 15.2585327552056 17.0882612912488 17.4201123052934 17.983887795679 18.6360652958727
TCGA-BH-A0H5 6.61418541897484 3 9.73578090976983 17.3000841642953 13.7258591028472 15.2455560457781 17.4929337314492 16.5952820632955 17.320466706491 17.9764236346099 18.4987669076571
TCGA-C8-A1HL 3 3 3 13.9819601820578 12.0631406232274 15.6599559655402 16.6778268103793 16.9930076598948 18.6894485921464 17.9266285625751 18.8167222083532
TCGA-A2-A0YF 3 7.03587163616842 6.68310606124205 12.437333244637 12.1564941117942 16.9242057193111 15.9321080034935 14.8698958541571 17.5913112994758 18.5686321176476 19.0131731118139
TCGA-E2-A15J 7.50584721407443 3 7.61637788924084 12.8828423933526 7.45648390710685 13.7977929534277 14.2877945183734 16.2333423585924 15.6536476640317 18.2648266943805 18.9639376749251
TCGA-BH-A0BW 9.57824668021432 3 3 12.5995235539737 10.3503348898162 13.0430818405631 17.0517217834194 13.9401852044595 15.5990237731636 17.553434720617 17.44037667576
TCGA-A1-A0SJ 3 9.0052182773652 7.10504225651548 15.9665841414674 14.3559486696954 14.9179564001314 15.9722836219089 17.3030094270627 17.8191533053199 18.383071292615 18.4729307651209
TCGA-A2-A0EY 7.48893367560961 9.66879355475549 9.55406642718453 17.0380979177538 12.6952015882578 14.2659691945051 15.5107756160785 15.2572983983709 16.5291970970032 18.3912954266336 19.3405143620118
TCGA-A8-A07R 3 3 3 14.7296215277156 10.1725427605361 12.3438106321253 13.5726277544387 15.6944754573858 15.4027789203356 17.8121976491113 18.5114213698996
TCGA-BH-A18G 3 3 11.8377013413036 10.6091221824642 8.38057099756574 12.1085019738147 14.8801094595554 15.9100063198359 16.2541274652617 16.7341582044998 18.7224729398465
TCGA-BH-A0BR 7.76349172042048 8.64784509299695 8.59198540090571 12.7550984642029 11.9086292051512 14.6803114331797 15.9366566972952 16.9407637423615 17.5574213644184 17.8252729793234 19.1137877697081
TCGA-A8-A06N 3 8.28584102583077 3 18.4229453233658 8.32377299848614 12.8153765503578 13.6633154403935 17.8044978451093 15.3835463699218 17.6681537899806 17.9949407439065
TCGA-AO-A03M 6.20964192519282 7.99982118469929 10.2285724101007 13.4451754858817 12.6385955396914 13.6233171950308 15.8963844596216 17.225044751608 17.1797690678106 17.9981624344244 18.5039129692723
TCGA-A8-A09X 3 10.1502074388888 3 11.8532877891824 12.5500910287462 14.4440487023638 15.9687734526587 17.7757334048954 17.3991199087257 17.4280025987605 18.4228210028821
TCGA-E2-A1LS 10.423053272212 3 3 10.0104778343124 12.2981242940252 12.9210252370856 14.543175190137 16.4353939809226 17.4944880931193 18.2103037930691 19.0234832816529
TCGA-AC-A5XS 6.91814008850658 8.75576136182923 6.48484964668406 15.8476539730536 15.0254612706439 15.7417327199179 16.0596114763223 17.5841936878184 18.7644516265209 16.6457195777402 18.1623153680293
TCGA-AC-A23E 6.34652006655726 8.14790597484434 5.93053066305973 14.3317943446397 8.75742809661638 13.2112853956307 16.3287515731181 15.7730309825503 17.5010909681644 18.5801681105826 18.9287430119105
TCGA-A8-A06Y 3 3 3 11.202888214266 12.8845808390747 13.4612883342585 13.8549752914049 16.1843557879374 16.6974528665343 18.3499536293352 18.4639774039295
TCGA-BH-A0H3 6.37206470506256 3 7.41043696017499 14.2964334471033 14.1631629572973 14.9887472858431 16.6241078100448 15.9145591078161 18.1571181825663 18.4465771151434 18.7192400644105
TCGA-AR-A2LJ 8.72953032836751 9.62616609571549 3 15.2919547202074 15.8937668209642 15.4275004877649 16.2538522684097 18.0886983100709 18.421558944689 17.2124680380459 18.9333520203658
TCGA-A8-A06U 6.69819461579135 7.5546685552997 3 13.2545484136496 10.5386330657305 13.7107951921151 14.8357868065591 15.0992643306627 16.3087343765501 17.3472669052142 18.9225029825248
TCGA-D8-A1X6 3 3 3 19.4056995389958 11.2309815128953 13.922307603071 15.3439959327127 15.5370968334995 16.3766470371761 18.3806595756128 18.9645080583894
TCGA-A7-A6VY 3 7.36384579556744 7.56050651165988 11.7349106440002 11.8576099293573 12.7262246295516 14.7757082509365 17.8447092102494 16.4625430040574 17.4215304157454 18.9047849830938
TCGA-E2-A15O 3 3 6.29982309498683 14.0397662589204 11.9584271954588 14.3018935534112 14.4056508290815 17.7499001639106 15.8581120190568 18.1949822285044 18.6532149578201
TCGA-A2-A0CY 10.4071167334716 8.17847149943335 6.8619272367126 11.097425792768 12.7636126626979 13.0105475710051 14.2469059802781 17.0549486625234 17.3817866876986 17.0713357813695 19.6713471134332
TCGA-OL-A6VO 10.6673857374302 3 6.96432182902543 10.550578001254 12.1471937694792 13.9605254996745 16.4931050511402 17.3306370117471 16.2384749551619 18.2594768253321 18.1212746865394
TCGA-A2-A0CL 3 8.36020044402627 6.1217561373363 16.3312452523855 13.2227480295303 15.4416915761226 17.1012581174399 16.2476628740544 17.7828034090835 17.6205621713448 18.4441684143115
TCGA-AR-A0TQ 3 7.99872943519693 9.58900184484269 18.3946999746703 13.6220735839397 14.7744960195787 16.0452383448183 17.26039712454 17.0442163587789 17.9105914474933 18.2678087564678
TCGA-E2-A573 8.9910587704513 3 6.32805141719669 11.7959336086137 12.5034705897185 14.5480859973649 15.8104710657447 17.5732784488412 17.2259927620981 17.1858419472433 18.5281322944382
TCGA-A2-A0CW 6.29525630606817 3 3 17.6029678463056 11.9494838621348 13.6317543412549 14.2670144641222 17.5696443643453 16.1994027439189 17.6694099979633 18.3013220307418
TCGA-AC-A3EH 3 8.38617284606184 9.3125050199229 18.6229248514066 12.713820881577 13.7654797352106 14.9110822713652 16.6686507285636 16.4564564999283 18.3499064059775 19.5091956568429
TCGA-A2-A3XX 10.7954976164719 3 12.0996876806679 15.4685612658706 11.7406884769899 15.7136624537832 14.7722817467455 17.6451809536849 16.7924811261385 17.3429288845676 17.9034920319361
TCGA-AO-A1KQ 3 8.81896525694936 8.44767438500349 10.4922566134228 11.2961255289681 14.2957416742637 15.4941266816725 15.3660557392399 17.887447709769 17.635002487433 18.7693786328085
TCGA-BH-A0HN 11.5792312531484 3 6.64145401190871 17.1051434270427 12.3333701252351 13.7291791654178 13.7990241951255 16.8823051453413 15.4799387011651 17.7400882363112 19.4761093887164
TCGA-AR-A1AR 3 3 7.08817332465661 12.8378555470621 11.4815542787301 14.2537010580708 16.8779673432568 15.7493320748224 17.3474698379533 19.0109651826094 18.9522142566076
TCGA-AO-A0JD 3 9.03559712576344 3 14.1237627368865 11.2793948186039 12.8044861659564 14.6421987285722 17.4997643100025 16.2855147491264 18.8699736893274 18.9020681094902
TCGA-A7-A0CG 8.16489054755532 9.46497271148108 3 16.3032308865505 13.7362382032549 14.8814328984315 16.9648534870621 16.2129800457455 18.012736920245 18.5490780166881 18.4738667904532
TCGA-A2-A0T4 3 10.6145318409466 3 14.2139112599284 15.1244383745449 15.2746812971366 17.178019459854 16.8888063717861 18.849290729902 17.7406440522387 18.8292338610481
TCGA-B6-A400 8.47762432000965 7.1179354302973 8.49315540929047 12.7033244016829 11.1637748446689 14.288969764369 15.8709748499503 16.8556268806012 16.57065041657 17.1694145369247 18.6131557552085
TCGA-E2-A576 6.95603966904028 11.4738608018812 3 13.0467259820726 15.7742643572131 15.8382999071511 14.8590768067229 18.125959432768 18.1758079222679 16.5113235200932 17.8491698775314
TCGA-BH-A0WA 9.55977244323237 7.35610334635021 7.95230084196111 13.9016742377439 10.5007087616095 13.8912785646576 15.7717031838675 16.5242433557828 16.463766200763 18.4358424337033 18.7608797867333
TCGA-A1-A0SN 3 7.28829523316408 6.02295120314648 17.3160574171597 11.8395343349953 14.1691934749709 16.0657439725075 15.7301253020191 16.786724032231 18.4330209178005 18.5144760967853
TCGA-A2-A0T3 3 7.2154577754564 5.95575978016336 12.9324848451623 12.4245747535285 16.0190830437758 14.8976894423553 14.9857348309768 17.2824247929245 17.5164990095505 18.4962927130006
TCGA-BH-A0AZ 6.97508051254929 3 6.5404040043093 14.2340895098003 13.6623975874862 15.2153701264692 16.9259385572483 15.5677014289703 18.3560232681347 17.4267485862342 19.0779567155965
TCGA-A7-A4SE 7.20244014167339 3 8.27503783126371 12.9867724304201 13.1589160556323 15.3607815454163 15.1132973330777 17.1483868131781 17.0048139131213 17.6538635867988 18.5556392564578
TCGA-AQ-A1H2 3 3 5.74220567714289 16.7979215847431 11.6306113512758 13.1714689145427 13.9814566049502 16.3456795897907 15.8994987477332 17.9467690345208 19.5465378389453
TCGA-A2-A1G6 3 8.2423277148988 7.87478415470122 15.9146319566499 14.7976126233771 15.4505806047402 16.68998385797 16.345850325811 18.6599144525062 18.0760975061558 18.6142472477604
TCGA-A7-A13H 3 9.1701734080664 3 17.5643853425904 13.9445352936209 15.9234741641665 15.5576856245193 16.9642944564743 17.2620063611393 17.7361403769107 18.4386971042641
TCGA-B6-A0IP 9.64508053829202 8.00081444801352 6.69225137578995 15.3412365385515 13.549505351416 14.8525289932203 15.2150192022287 15.597708609529 16.9210257650957 18.1085387619987 18.6614546384272
TCGA-A2-A0CZ 9.84750190008602 9.75771976445493 3 15.6262100311082 14.5251987823984 15.06622804872 17.0066267937238 16.4796547044161 18.4915534149104 18.1389187119929 18.8878323522453
TCGA-AR-A2LK 3 8.67642992761553 5.89268045363607 14.1276165652364 9.70079304539186 13.7758531299227 15.2249923238711 14.6126456033068 16.1080079521948 18.3878779274331 17.8871952887035
TCGA-A8-A06R 3 10.2056099159315 3 13.6508495917405 12.3364882210983 13.7832947925419 16.4500424119019 16.2383463757167 17.9068823120696 17.9358631302854 18.1099382870999
TCGA-AC-A3YJ 9.94477119991077 3 3 11.3203888478177 14.3413229922203 14.7856254158436 15.3911036457667 17.1860831360093 17.4194410602783 17.0834898181632 18.4950236207768
TCGA-5T-A9QA 11.134816491442 3 6.76996531331549 14.652768024177 11.7817187897761 14.0252478493081 12.8858113679853 15.5364995029568 16.1983161265916 17.5731447006621 18.271629520363
TCGA-A2-A0CM 6.87864312984321 7.74144207778658 3 11.7370448258968 11.7287957146492 13.8202148226862 16.1800127674575 16.4559539779833 16.522330354503 17.9047112753762 18.0424340925597
TCGA-A2-A0D2 10.1060204957182 3 3 11.6994319089416 11.8543080298859 14.2525781616829 15.2358510509739 15.9634320820133 17.0982275882724 17.7854263891665 19.4610504267755
TCGA-A2-A4RW 8.19785217946476 10.6595221925115 7.7433523787487 17.3440805543841 14.3548014241405 16.5293906291452 15.845907728501 18.4368592683821 17.1803957955826 17.2777083515062 18.6762193953247
TCGA-A8-A095 6.48400475947586 3 3 13.6193273475667 12.5086936252746 13.7791282375347 15.6194758589021 16.0278655624473 17.4713739411247 17.9302624850846 18.5892256716153
TCGA-A8-A09R 6.25722261218929 7.09429090606022 3 16.702005511849 10.8597495028729 13.7999682846327 15.5335888753618 14.6071422147518 16.4785111881524 18.5823214341539 18.5653874610954
TCGA-A2-A1FX 3 8.47778159263499 5.71882010297424 16.0437824799503 13.8770399776473 15.430774718711 15.4999460219158 15.8671195666752 17.2203735139453 18.3281841597685 18.5073214047473
TCGA-A2-A0T6 9.52412993893937 12.9047077525888 5.92116667508023 14.7037974310693 13.0668465488677 14.5145346330989 16.838995733242 15.4453481013787 18.0328160734572 18.4550623717409 18.6244068954486
TCGA-E2-A15F 6.76826079428332 8.59780191033941 11.7770078861413 16.1512910800617 12.0687375153272 14.0521625950594 14.8328394982557 15.7724024263868 15.9379535734134 18.9371009226446 18.8969059267082
TCGA-A7-A3IZ 3 9.8845859031322 3 18.3190004953817 12.9127382035168 14.8166323758859 15.5740874091113 15.3805976429359 16.3385020214348 18.0063986193975 18.5609185112317
TCGA-BH-A1EU 6.66914738616018 8.49283689661437 7.16428505063954 15.491579575617 13.9676804308091 15.2909589099547 17.5209943024921 15.2233251535735 18.287593792668 18.4510350553827 18.4292771572954
TCGA-AN-A04A 3 3 3 13.739265337474 12.1868382725574 13.9242860202016 16.3137489088904 16.4944890122963 17.3850707470875 18.1657230580633 18.8184833233876
TCGA-A7-A0CD 3 3 3 12.7042691921298 11.7341878908693 13.3422343791151 15.3837474072327 14.6249449986061 17.1756005259057 18.5133134399092 18.2509697302814
TCGA-E2-A156 3 3 3 18.155243995558 10.0658682247645 13.6500766512117 14.5095413107218 16.4063278240102 16.1253013669837 18.4589640508396 18.8308068197185
TCGA-A2-A0D4 7.08765012692407 3 6.65038569897188 17.1261696388686 14.0577231420663 15.4662115981161 15.1594155170282 17.4235605831985 17.8271260293679 17.3582912166027 18.3124258085013
TCGA-A2-A04R 6.61226272115354 3 3 12.4365477574125 10.7660818574604 14.6115363583906 14.795721175839 15.5421488385886 17.0461605304295 18.2490488627835 19.1630856471381
TCGA-AO-A0J4 10.9666789463885 6.92421817633159 7.82086258236713 12.8346800741807 11.117958757974 14.2083135977513 15.7964750583234 15.3172447494063 16.3930483233195 17.5223497178459 18.6083995219262
TCGA-A7-A6VW 8.83032982211429 3 6.47150914838889 12.0120647611515 11.2173588104552 13.2574610515928 13.9863360994614 17.7709919741308 16.330397035167 16.8334449980884 18.461854011556
TCGA-E2-A14Z 7.80675039293799 8.69185008437577 8.32126239190002 17.0930179967516 12.9519681290517 15.103597981719 15.8453510706205 16.2130252894788 17.3694074782394 18.7514435309856 19.0132257548858
TCGA-A7-A5ZX 6.67627788024268 7.53192627542608 3 15.6474418998006 13.9172286826369 15.1588768527863 15.9631759785899 17.1675945949134 18.2122573412533 17.4241476560032 18.2419357882184
TCGA-3C-AALI 7.11985473679147 7.98992839045453 6.68188553224045 16.8821034587383 12.8422686712006 15.3332241749033 15.0931144886355 17.6546633062159 16.8714042363532 16.6857504963754 18.8383820146179
TCGA-AC-A2B8 8.88192300914451 8.38652423789072 7.0617548082755 16.5200268909932 14.1191029834599 15.4572976352161 16.5140564971666 15.6309235715974 17.9162855434883 18.5051819822683 18.4867007280324
TCGA-A1-A0SB 11.9379480789562 3 3 14.7513381898474 11.8469343951524 13.3520168141183 16.7940527568891 18.1173232412412 15.5825699611468 18.6856747359335 18.2581816039499
TCGA-E9-A229 6.1645495317838 9.72442061132871 5.75560998441476 12.9632157010288 11.1174033725493 14.1944564202218 16.1648835038627 15.6525406082439 17.5277721115595 17.7241424867415 18.3103462631803
TCGA-D8-A1JC 3 8.37567262810768 7.75303613354481 15.357585180831 10.6092155427349 13.222090260092 15.6486351348746 15.3740930829558 16.3731527008391 17.9155837925823 18.1849480866468
TCGA-A2-A0D1 3 9.79256621598003 3 11.2907242990728 10.1505280924742 14.2361292619115 14.4428396950646 14.6233021342758 16.3846535298951 17.2850950744316 19.1162064207801
TCGA-AC-A2QJ 3 8.31530325450956 6.99322217451582 11.3745398392254 13.3186537496319 15.9207488444518 17.9078393168915 17.1010498273055 19.4007913382803 17.0572634157876 19.2111307017721
TCGA-A2-A0CK 3 9.81795527325138 7.18577135877067 15.400999836314 15.2705846628128 16.1446635767014 15.9373813054913 17.5414108710552 18.2926555509001 17.4067238704879 18.7636764173939
TCGA-AQ-A7U7 6.61894101655962 10.0021270446707 7.66970767021694 15.416211022311 14.4452999536465 16.6163873048527 17.0226469828804 15.8343775281308 17.8555354407413 17.294659016317 18.1641756526761
TCGA-D8-A1XU 13.0428813396662 3 3 17.7603879347549 12.6753419662671 14.9863687602544 15.7734297936172 15.9577705354127 17.1261226177436 18.1021260651346 19.1380849056968
TCGA-D8-A1X8 3 7.26843865265334 6.00460782992167 16.4268538216809 13.8751082083894 14.9311002798539 16.2743666165924 15.9165523654871 18.2069696922742 18.1899770990349 18.6845293277295
TCGA-A2-A0SY 7.47727233319709 8.92924257884735 3 14.9954807392841 14.9371217269236 14.9232072379285 16.6931992018425 16.2281800002217 18.3268910317474 18.1091847468648 18.4450051124711
TCGA-BH-A42V 6.25360969069489 8.61786247209006 8.81996289619695 14.8370673238478 15.9965076232894 16.7984577871189 16.1732099051101 17.3194168866465 18.7441299158003 17.5486509338643 18.3482454146168
TCGA-A8-A08R 10.1918262543483 3 6.81844879694199 11.4281126731022 10.4603904292859 13.9241066701614 15.5426273283266 15.2734773679861 16.3026170750559 18.7115214753197 19.6933069133498
TCGA-A1-A0SH 3 10.0003199421225 3 14.2429879820686 12.5741380935907 13.6448032449932 16.8684654829622 15.8045040569501 17.8614330156691 18.0544466305851 18.7469930170182
TCGA-AC-A2QI 9.61156608868592 3 3 13.52699865562 13.2016368264816 15.1405985471306 16.4840504564547 17.4110679797544 17.7851155560562 17.9097361152572 18.6572467678443
TCGA-AC-A2FM 6.44499690023672 9.23473368130253 6.93411162132992 16.6356116195806 14.4545511465942 15.1568951935027 15.1356503172962 15.5716849361512 17.483062552954 17.9622679843183 17.9974922000211
TCGA-AQ-A0Y5 6.55118449795171 9.34974811202048 7.04327238155669 15.598535731297 11.5446596692921 13.4948043840803 16.2412376682089 15.2475129194417 17.5070972723635 19.028946976271 18.6309332251494
TCGA-BH-A1EV 12.3150450676431 3 6.24872100718853 15.4454780739913 10.5141273610515 13.5835495948238 15.4563968807028 15.0479548405122 16.7909257019673 18.7524559758291 18.8363203866248
TCGA-AC-A2FK 8.98815318452016 3 3 15.9466039461974 14.8494177724463 15.4688707068948 15.9995028081145 16.7473045394929 17.9374846390411 18.295181773965 18.4683622761501
TCGA-A8-A07B 11.8064135262686 3 3 13.0175110974868 10.909526106655 12.5365423562219 15.4193557017267 15.600377366086 16.5998947917788 17.8298440522838 18.030033743685
TCGA-B6-A40B 10.8315353415182 9.80891954996824 3 12.6862341423496 12.4219783280484 15.639007050999 14.9562590770523 16.2137340579079 17.3917913427206 17.4305398915061 18.6588535157032
TCGA-AC-A2FB 3 11.0563441446989 3 18.426058944471 14.2603440453293 15.16811575607 16.9289002491717 16.6300622029497 17.6639419498692 18.2429731437981 18.4275494992807
TCGA-A2-A0CP 3 10.2578352523807 6.96490990783501 13.9183604073697 14.6627788641324 15.4472314835168 15.763383990356 16.9055760867524 18.3156473380344 17.7470964473746 19.3530565558557
TCGA-BH-A0BG 9.2158538903424 8.71834672997141 3 13.6456577709257 11.6077697471195 13.5104514454138 16.061706171075 16.3951662650951 16.7191664011343 17.6102785730831 17.8680711739694
TCGA-BH-A18K 3 7.38134184617519 7.02304058265154 14.5179499935859 12.6365339752577 14.4612723724914 16.1647522984458 15.9251198683578 17.872448427136 18.0493772123335 18.6454568720112
TCGA-A2-A0SX 9.05269040964806 3 5.95333218042098 13.3758707178676 13.031119640094 14.2368785614549 16.6133365701485 15.0934804572125 16.6623684943229 17.5818748980976 18.7741978200324
TCGA-A8-A07F 6.18495052195753 9.74714692443015 8.57787641492361 11.420643927811 11.7235200015215 13.2968963678368 15.6905852994265 16.0448282414999 16.6411295577 18.218035962832 18.0177455402763
TCGA-BH-A1F2 6.29969098306979 8.66821792819461 6.78435442723443 15.6585162913091 12.0961570225273 14.6103257136882 16.9066476389617 13.7216515472939 18.4210193489282 18.6339037346699 18.6406627659016
TCGA-E2-A1BC 9.59177363936824 8.51797766683232 3 15.1073037399009 14.4082349712546 15.1588748145509 16.1894847641932 15.0317592188381 18.2639086123457 18.4791851324637 18.8701470032589
TCGA-LL-A440 10.8948739040188 9.75275261385377 10.177719032729 15.7997895472385 15.5466541386503 17.1551871768897 16.6840620913322 17.584858097351 18.7708220057765 17.5367103157501 18.6081324286998
TCGA-BH-A0W7 10.3114065302379 7.57317661434703 7.21232078801837 14.5645474727368 12.5964369316007 14.7379178365643 16.3270002481848 16.5812392072648 17.7744672332693 17.9165437187649 18.6490511881204
TCGA-A7-A3RF 7.42919663514249 7.34293626213248 9.49216428558641 12.2620841249549 11.9557141957324 13.726922246573 14.2285393027349 16.8183562958947 16.8097643892646 17.8812043985249 19.705456267987
TCGA-AN-A0FK 7.59450828605557 3 9.25294722329074 9.59260214642593 11.6553516293743 14.2391240930062 15.0109480247463 15.050266889463 16.9562309362208 17.9357799710965 19.146596737019
TCGA-AC-A2FE 9.67891685742902 7.19570182392603 5.9375810539152 16.8317966111097 14.9549215756174 15.4632216747981 16.6542422099171 17.2178598909768 17.8980546138019 17.9130578597715 18.7171637934951
TCGA-GM-A2DD 7.90531274852911 9.36828736730872 8.73606031774229 13.329761254326 14.1803326668624 15.1029425337371 16.7679047152472 16.7187597216546 18.588428808636 17.7573501712434 19.0213653781771
TCGA-D8-A1XD 3 7.67524367974424 7.31315934431401 13.1974388410514 11.467994626552 13.0889453593073 15.1774049767794 17.4769994226668 16.4296207162528 18.5280194397657 18.7033889522018
TCGA-AN-A0FZ 6.09926786840198 6.9277273343648 3 18.3443664890774 11.6271260078662 14.5712235883921 15.3948723723866 17.4028206892992 17.1750693886656 17.7139740885648 18.6777122395046
TCGA-A2-A04P 10.9881127935682 7.93961975949907 10.9112014851465 13.3495078133334 12.3253102546627 14.9502091495095 15.9563805226548 17.8843396447991 18.0575611518026 17.0920192252612 20.1748965797898
TCGA-AN-A0XT 3 10.2305436351211 3 18.2030477801474 13.4038448035598 15.6053836998032 15.5773078968126 17.7701632418917 18.1814179559312 17.5419460157324 18.163237390985
TCGA-A8-A0A1 3 7.89258331657489 8.49654550207765 14.3625861084882 13.0127745075993 14.3814403157876 16.1561462858965 15.1676824988564 17.4934178012655 18.0993438033732 18.6017879185834
TCGA-A8-A084 3 3 3 14.9632268282164 8.54090783298696 12.1655494529956 14.5680647393452 16.8368410314627 16.3346893243025 18.0922928927684 18.8325494665976
TCGA-A8-A0AB 9.84054883688333 6.92843033593006 3 15.9398358138675 10.5773508578169 12.7309400188568 14.7507212403301 16.9699118689638 15.7758109360845 18.6853066588445 18.5214598779134
TCGA-AR-A1AM 8.97384116855825 7.34779751546265 3 17.0111055985973 14.3806925987789 15.4627911081817 15.7672962265518 17.2421643098163 17.7286843732252 18.1720206645771 18.9413857107554
TCGA-BH-A0B4 3 3 3 14.9101192922867 14.3283897924349 15.4652639021821 16.1184128154871 17.4695625727425 18.2848342739219 16.9678762507026 18.6933138252582
TCGA-A8-A09I 3 3 3 16.7876718742695 9.86572567137763 13.3327871691209 14.6528067743168 15.9505700197254 16.1373965106538 17.4031282326117 18.3515608992865
TCGA-A7-A5ZW 8.3349242719124 9.95676284195257 7.87906761115638 14.2101267666076 14.2325456249418 14.7359495640185 16.5527756210559 16.6793775274443 18.7593812483614 17.8789395310377 18.0055841476576
TCGA-E9-A1R4 3 7.50146877523109 3 16.3117895670352 12.0016219518399 14.7350663561405 15.2908077115278 17.563988087758 16.1408615921045 17.9449793608977 19.0338882884907
TCGA-A8-A085 3 8.3512226889263 5.60967304355024 12.9032914250209 10.6833207712532 14.5503446402237 15.7062115970456 17.5041029611791 17.1079708821834 18.4672568688871 18.4900217954002
TCGA-B6-A0RN 6.78052801395572 7.63998960611433 3 13.397374059454 13.1756878529771 13.3135379574002 16.0232478926631 15.4994973209703 18.1713310249391 17.9070111897883 18.7124994335067
TCGA-AC-A2FG 8.27587900087646 8.85084737971441 7.51137055061507 15.2273662853512 14.5445106246707 15.3603142158864 15.8309051530974 15.9025136003233 18.0281170023754 18.1005977659323 18.3483552707362
TCGA-A8-A06O 3 8.24612947827575 3 14.6039834843006 12.4964495010591 13.5829469253036 15.364152341446 15.7049986592432 16.8388994905184 19.0552120830623 18.5464091349022
TCGA-BH-A0BZ 3 7.21227210433024 3 15.8298001248673 11.8746956287787 14.1021287407883 16.1364898485247 16.8325881242879 17.6734024457077 16.8275378039212 19.081488937557
TCGA-AO-A0J9 3 3 6.28514823397497 15.2349118324773 15.4113148789258 16.329286918479 17.3882934679875 16.427912845666 19.7379274897811 17.326821891571 19.329162714615
TCGA-D8-A27P 8.86594609598031 8.46158928453563 6.21403064174684 15.8767289047015 12.0550663833386 14.179723452261 14.9408010334994 15.5589443280882 16.5198416115014 18.1839491112691 18.7081010245376
TCGA-A8-A07J 8.85163865111174 3 3 14.3572246455007 14.3144842661083 14.8603844100328 16.8366465540217 16.0135146594051 18.6716913910541 17.4074780260234 18.7737528212659
TCGA-A8-A07I 3 3 7.38673600238012 12.5385565283633 9.74742137082352 13.5099355054138 15.4133124907066 14.5259738972061 16.4201320045961 18.473334399426 18.6184314684019
TCGA-A8-A08B 10.3202258737746 3 3 13.6948966502951 12.261844735784 13.4211539201495 14.0422178174919 16.2763542512395 15.561137125186 17.7440774496226 18.1960745507139
TCGA-E9-A247 3 7.10434218640608 3 11.9868225136854 11.3093269763189 14.7897498893102 14.6158057710508 16.7200303574665 17.2337044530944 17.5242031279825 18.5492193742193
TCGA-BH-A1FJ 3 7.02150906554618 5.77818659463708 11.2671002290282 9.56897739437674 14.0575885885942 14.8110525942734 14.8301535833371 16.6420742520715 17.5343090973147 18.199032962544
TCGA-A7-A4SD 3 3 3 11.378757816866 10.4359050639562 13.1188258600971 15.017292782727 16.2700978932049 15.5082933678522 17.9393695945021 18.4069636826814
TCGA-A2-A0CU 3 7.46010780285642 3 17.416124835045 13.8921332764987 15.1759648972197 15.1810558762043 17.2138349357087 17.3228267722539 18.5848924517802 19.2719690530332
TCGA-BH-A0B8 11.6549265864993 8.77989361864719 6.50725422214882 13.2447123788842 12.3794410170339 14.1865156879181 15.2224167750353 15.5008899137442 16.7756433241182 17.6162159221105 18.7730148084547
TCGA-AR-A2LR 11.9153051381543 3 13.3106426416731 14.845229573888 12.4756413157795 14.9163848111075 17.9901697870183 17.2223096735509 16.9851168084132 18.132174221486 18.5855110243128
TCGA-BH-A0HI 7.52913445768188 3 7.63974357289312 16.254885785725 12.9386124590861 14.5709394345016 15.819980330228 15.712787370593 17.6571211294656 17.9704769130057 18.8631335391124
TCGA-AN-A0FW 3 7.21710861593744 12.5931862124326 13.8648135097901 14.3959949864796 14.5938791109235 15.7797974888304 16.5985587221245 17.7319909557705 18.2116079524371 18.2415842963729
TCGA-AC-A23C 8.71208661598626 8.0528733118285 3 14.4029750396895 12.8306048906555 14.5839571414894 15.7907897728756 15.6841913429578 16.9218236352971 18.4495366676108 18.5805550726037
TCGA-B6-A0RI 3 8.80617602334499 8.84162905924508 12.222079644315 9.83179663326965 14.5325435878537 15.1196772903672 16.0719920862485 16.0569252465677 18.2738078730087 19.2941214089067
TCGA-E2-A152 13.2787641505159 3 7.21546353389658 15.1508002064486 9.15879745131784 13.3223370314729 16.0052617017256 16.1386381066607 17.0234319860958 17.8618296712056 18.1631784701035
TCGA-A2-A3XV 3 9.44780310725526 3 10.9436693259693 14.5860438767349 14.6858670626045 14.8973502920705 17.9692511394112 18.7054755393245 17.6540149234988 17.9457838875637
TCGA-B6-A0RO 3 8.18642033895928 5.9650128004408 16.0390934285419 12.9939338547296 13.0936938065901 14.4448283405119 16.6707834267336 17.2523741596251 17.7694632058544 18.4267468607882
TCGA-A8-A06T 3 3 3 11.5219551307063 12.5268204820495 16.8620890746826 15.1040689728961 16.0496659182462 16.5075228521974 18.9446423925357 18.3911490158986
TCGA-AO-A0JB 10.4309283199166 3 3 14.7194124820805 15.5805549491422 16.4265484125521 15.2649103687945 19.5654944021832 18.5080021759351 16.5614954003174 19.2898574017866
TCGA-A2-A25D 7.59175346019786 3 9.08255336825632 18.1907483412617 14.7178032936711 16.2237622197303 16.1106984466755 17.118961231645 18.3463234890894 17.9924471791957 18.7164309301234
TCGA-A8-A07P 6.5429284126966 9.34083066462121 3 15.2237172993563 12.1193214695322 13.024581382403 15.589583252131 16.4715594189665 17.3461770186757 18.0554754332167 17.8823215961722
TCGA-A1-A0SK 7.30939751111538 3 9.48186526516687 11.5527247150687 11.9932458145639 13.1373518099151 15.6305408943999 17.6167118389089 15.0106956897235 20.5533236287618 18.9436324712837
TCGA-A7-A3J0 3 3 12.5008157786327 12.079627490312 12.2272183954245 13.491209393565 14.7438600726206 16.4028848425984 16.2492856775255 17.8589494456274 19.2414615412812
TCGA-A2-A04N 3 8.44953415224025 3 14.6658892817715 12.5444489802063 14.3223737704141 15.8298755124489 16.9366495143526 17.4184343840168 17.9051854186998 18.8766141808561
TCGA-A1-A0SE 3 9.56148155632584 3 17.3189177991943 13.4929340470105 14.5741523092101 15.808371195707 16.3360562426075 17.3974763893769 18.2281910941553 18.7151034469472
TCGA-A2-A3XW 7.56545916047708 7.47880876240946 7.67618812243232 14.7199669044811 16.5860709998318 16.0288558532153 15.4037594064362 18.0564732153975 18.2944240768448 16.8842884770643 18.8637002073889
TCGA-A2-A0CO 9.14677863633874 7.51522615946196 7.15510701075523 16.5587163499321 16.5423212905501 16.9085971908832 16.6421039285966 17.3622333099019 19.2035877019177 17.5031103941353 18.5994522806289
TCGA-BH-A8FY 7.19652270713107 9.04700236133555 3 13.6505278521769 14.0418970389374 15.6733361849316 14.5599980695966 15.9065234193586 17.2935172396071 17.2742787727541 18.7547559083592
TCGA-AC-A2FF 8.25601878319945 9.94627022888778 8.11246738153863 15.0264488638402 15.0551677086122 16.2225373463061 17.4594738634379 16.4213133208629 18.9974497004832 18.5783064915966 18.6473235845015
TCGA-3C-AALK 3 9.16847638005112 3 15.3181423359837 13.2181536335382 15.4641077163105 15.5645887887686 16.4067999421962 17.6204827392013 17.3005718360627 18.9396441345067
TCGA-A7-A0CJ 3 7.50819199599557 3 12.1078711720755 10.8106440332819 13.5830710103134 13.825412159678 15.9345931775 16.1608082862968 18.2624756827995 18.4413069843224
TCGA-A2-A0T5 7.55190397130201 3 3 15.4288952795079 12.3937141922819 14.1573087489416 15.1770718721831 16.8225875629117 17.1811839874198 17.8933796242397 19.0096727751452
TCGA-AR-A0TT 3 8.56802036930488 3 16.8860606440653 12.1636808487373 14.3408007052429 16.4764291983499 16.1613364905427 16.8301769334585 17.8637497788498 18.5003368458138
TCGA-BH-A209 3 3 5.86193287415726 11.9104630859646 11.3925308211748 14.0860693925809 16.3836884655347 16.0113280710771 16.3761694220719 18.6439377133862 19.3171452347306
TCGA-AC-A8OR 12.0091767704544 3 3 10.7246895196215 12.3492279530209 14.1010120896972 14.5428285463281 17.1862193946428 16.0091846537562 17.4089984140179 18.5657065289514
TCGA-A2-A04U 12.5404113547111 8.03319277081694 10.7038987864051 11.5630139008954 12.1174264178846 13.1285076916696 15.0473402369222 16.364668041301 17.343789098145 17.1801494534649 19.827983278268
TCGA-A2-A3KD 8.53508115607676 7.17336537594841 3 16.5194153899357 13.4529795622134 14.8055137857913 15.6146121564805 15.8989416881209 16.9985562403632 18.3642565402645 18.5887301761792
TCGA-A2-A0ST 3 3 6.35010239779199 15.7962034547685 14.4140046190342 14.9173760760079 17.0850704789915 16.8612930934911 17.6664754394534 17.8367245119516 18.4974534346225
TCGA-BH-A1FU 3 7.66948407758721 7.86793539802678 13.7785960676907 13.4329686318746 15.1715753809791 16.4969937338739 16.3895460157232 17.9899176960203 18.2759120803417 17.8615510335425
TCGA-A7-A26H 6.08277624036124 3 5.67729351693726 15.6633293199231 12.3439755167399 14.0863350384451 15.981897693225 15.3286750010193 16.782383616022 17.6947636944802 18.1273899731527
TCGA-AC-A2BK 10.4380498216121 7.32546427672166 3 13.7874911473655 9.62716336890246 11.848747912351 17.3528961224414 16.7096877519731 16.566823874999 17.5621462158274 18.7892868559902
TCGA-BH-A0B0 6.76289546537933 9.57709896231628 7.81992808397869 17.5209219829539 15.3222065361815 14.9947649132638 16.5518923049178 16.285110884061 18.7565485302657 18.0205072368512 19.081139947774
TCGA-A7-A6VX 8.20752121496793 3 7.75292146177571 12.6075076698706 12.0575713998009 14.1853718982873 14.8006989027208 16.3878210329557 17.2123198266654 17.3096040878844 18.3118302833837
TCGA-AO-A03L 6.4705951637874 8.28119503821549 3 16.262484903128 11.745323308487 15.3187309460054 15.7037404281812 16.3461208601513 17.1533038426986 16.9274255439142 18.4716730517647
TCGA-A8-A07S 10.9020194911954 3 3 12.0596312625916 11.133238524984 14.0369367195522 14.6478962857484 14.7212081529703 16.4523454065908 18.4254474660775 19.0871858004711
TCGA-C8-A3M8 6.18119813951856 3 6.66187309868866 17.4882291445095 13.9951288290214 15.8466335745783 15.5197462214013 16.2220989389974 17.7871785721641 17.3459840577116 18.715222609093
TCGA-A7-A0DA 9.81704876837452 3 9.5907102247174 12.246248479994 8.90237456644271 13.7794171663259 15.1375178828104 16.4525424632255 16.3012283667683 18.2481939185435 18.3249904214543
TCGA-A2-A3XU 3 3 11.0913521398296 11.0677691301073 12.3991396513629 12.3363065482207 12.6745414395748 17.8609410210027 16.2262238772183 17.8252881356043 18.3889761855849
TCGA-AN-A0FY 3 3 9.33275696960895 14.1338381780786 11.7359975973909 13.5272185354421 15.0859042814304 17.0990061249511 16.551378209662 18.1145615745214 19.0525032756184
TCGA-4H-AAAK 6.81973488103131 10.2178602884217 3 13.2639896707476 12.3647200299073 14.6661735627171 16.1592328094087 17.0246073242809 17.548518662827 17.6708668387765 19.6025632394092
TCGA-A2-A0YM 3 3 5.91120017949335 11.4025996729037 11.8268952335616 14.6003149003979 16.300393784296 16.3137428665841 15.4382374665474 18.0572457753311 18.309056419166
TCGA-C8-A1HI 6.11827921363962 3 5.71127258884684 14.4706188939577 12.7246853856125 13.8694089116674 15.2756072950831 15.8057570535033 17.5333833819332 18.1907476157467 18.5379728425676
TCGA-AC-A3HN 8.31874438387034 10.4627787835799 8.52240219400971 16.9582075179227 14.9089066369072 16.089841607096 16.8229209452405 16.3951741492897 18.2997910759895 18.1135195217507 18.6887563104982
TCGA-E9-A54X 8.04035317795116 3 14.2203831931927 9.66712996982938 10.9500014076846 12.1367728778699 12.6003003991825 17.6422246643486 14.813002569775 18.3211137182701 18.924078850979
TCGA-BH-A0H7 3 3 3 14.947493392986 12.3702924274799 13.5253176159283 15.7003901027649 16.0112571965326 17.4647605337481 18.3427192509735 18.1195534278809
TCGA-A2-A4S2 3 8.81752508775561 3 17.1849362644436 14.0792251272053 15.1811707490554 15.6858972652977 16.2434979845407 17.4580304247283 17.6204610328655 18.776701988132
TCGA-OL-A66L 11.7236247729983 11.6332521229568 9.7784422203266 15.4751772682939 16.8096435130812 16.4998132311591 16.141735287111 17.9479314800499 19.6847043715001 17.1046792597577 18.2846578928373
TCGA-AC-A6IV 6.48619653512875 10.0788150061407 6.06534793804666 16.3045497549742 15.2943058073326 17.121802191591 17.4849614269278 17.2833296022132 18.9099388042765 17.4898232289461 18.4937394071439
TCGA-D8-A1JH 3 10.2656896873682 6.54694233530777 13.844821924536 13.8918106638995 15.48451055909 16.5663946717674 15.6484212294008 17.7714319717178 18.5498707913131 18.6492695715635
TCGA-E2-A1IF 7.70335742349475 8.58663476424159 7.25496205314925 15.7922739936691 14.5145696361691 15.3279918721657 15.8611270715836 16.3965724212137 18.8811139505813 17.5764584683332 19.1169175647234
TCGA-BH-A1F8 3 3 3 11.2578064719229 10.6276395459866 13.7132628296944 15.4313769602527 14.4102517908503 16.4873942889315 18.3139569663475 18.3358773997673
TCGA-B6-A0IE 6.52610532170003 3 3 14.5761682994874 14.8983923267188 14.3319938482096 15.1204314203538 17.3509566257287 18.3509459212807 16.7859743725751 18.6328824946401
TCGA-A8-A09K 6.76000488726532 9.89290738541265 8.53326315845019 17.5507456263652 11.5085622902721 13.2602398270808 14.85394440989 16.2872076920702 15.3924189181483 18.6633900783273 18.2825038483205
TCGA-A8-A08S 8.29251327552836 3 3 17.5641954104141 9.80150234511787 13.1706374392669 14.5401417589258 13.6869302690755 16.1121728072476 18.1355340563784 18.4209133185878
TCGA-A8-A08G 9.75356680848209 9.28958988709862 9.28915975175291 14.6224519915972 14.9309010035142 13.5775630967927 14.6502456427825 16.4382323420439 16.7306285167588 18.2400425344959 18.8919185392189
TCGA-A2-A3XS 11.5437807601496 3 3 12.9224862772366 13.6335308439837 15.3155047021477 15.3615639963737 17.150646330769 17.4855906654042 17.580387437858 18.7357643153801
TCGA-A2-A0CQ 10.2797692038478 7.34572927382325 3 12.3883991546771 12.0151179121756 15.3173628463228 15.1252452363948 15.4346584777334 16.872521902087 17.3234973643587 19.8752047888265
TCGA-C8-A12Q 9.50457983573152 7.15917749682095 7.75170368011323 13.4774248278056 13.047098772772 14.7648957765021 15.7236920089828 16.6803543785736 17.0667408341839 17.8659893700758 18.8442846308623
TCGA-A8-A07Z 8.59845195310769 3 8.54509430571318 10.5913492146572 13.1424545155456 14.1812916266445 14.2870265937099 15.5736663325963 16.7143638351153 17.7694547834419 19.2559117057841
TCGA-BH-A18U 3 9.66181795769554 7.0372811749747 16.7060189762662 9.96107563015798 13.4060268142682 14.5635695941086 14.1039893612587 16.2642987160645 19.0404453831545 18.651429975899
TCGA-BH-A0C3 7.71055877279266 7.62353152331012 9.01468057218772 15.7262263803338 15.3645260945621 16.3896425476515 17.1586027457702 16.0007988372846 18.7417027590734 18.2655862843836 18.5538133950554
TCGA-AC-A2BM 3 9.30890658834407 10.8720141379477 11.7334896162321 11.1419815006712 13.6658813005459 15.2797269969124 15.4263346160586 16.0310188044084 18.4392722051337 17.8571107340967
TCGA-EW-A1IY 7.6773776099764 8.96754868537787 6.6823548236408 12.2699558513367 10.7970802921552 14.5429938655087 17.1475837166987 14.203308566612 17.6218958775132 18.3244036727919 18.579080755411
TCGA-A8-A07G 6.46922822366507 8.85226094126836 6.04894598244961 13.8253626653019 11.7438242649457 13.3761348755891 15.944231584444 15.510329268224 17.5841566290341 18.1715019508865 18.5883696323109
TCGA-A8-A09B 3 7.33893929290882 6.06982192633896 16.5509412681164 14.2001761061638 14.6257855730938 15.0373760378993 15.7632119147529 16.9012060182606 18.3331172915667 18.9444351903872
TCGA-BH-A1ET 9.39257070125426 7.64318394263377 3 13.3973889665302 13.1790126314008 15.0557336991464 16.0597211457326 15.347124804594 17.299051489274 18.5193797055519 18.7003921126324
TCGA-A8-A08L 6.33659700620527 8.13720854630658 3 15.0694375954468 12.5288091601324 13.812379564713 15.7263275698002 15.1311373400995 16.8783679777943 17.2602554608704 19.2210474978362
TCGA-AR-A24P 8.13380367807913 3 5.83965396915967 12.9081907485249 12.4348424129277 14.2146104271138 16.3136592455686 15.3075018058024 17.3234294102428 18.514254493771 18.6480934274131
TCGA-AR-A2LH 7.07554710391021 3 3 14.9638794441861 14.650353379127 15.8562988608578 16.5286657510751 16.8242576883921 18.2586469430747 17.6421246097117 18.2931887433694
TCGA-A1-A0SP 7.52023952441398 3 14.9811271890961 11.7014213008694 11.9308019084133 13.8034119042259 15.8632491675425 17.5409271708594 16.6754229715103 18.9517991572279 18.3394325858607
TCGA-AO-A0JL 9.5482716999459 3 3 12.1242206831965 11.8627103438203 14.9309048595462 15.9429196944358 16.158408430851 18.7336188198664 17.7765342028928 19.2601798357671
TCGA-AR-A2LE 3 7.82619100027006 10.4909742543537 13.6679786443997 12.5701197296553 15.0886055942968 15.73253350332 17.215573657385 17.4327189489738 18.4079901065386 18.0440676200539
TCGA-E2-A1IU 11.1968796273714 8.54757797405634 6.29273454905708 15.9795037740648 13.2843925531075 14.8561803811981 14.857047638894 16.110281260059 16.8144600970244 18.1358114414667 18.489392614806
TCGA-BH-A18H 9.80139350193043 8.91456964358731 6.63276711151673 13.7586488965884 11.5182710766388 15.0001914075873 16.4110406007931 16.421990859563 16.9333596630848 18.4756004298576 18.4597888385948
TCGA-BH-A18P 9.67483839282023 3 3 15.6036295625849 11.0295405287949 15.3247662450523 15.1086084208237 15.8071117662863 16.5874522587113 17.3971073619822 18.2961370926653
TCGA-BH-A0BP 3 8.87033278583186 8.09433375565996 16.6061448525896 14.6530064784599 15.2201593114798 16.7417047109564 16.4084903056545 18.3043719921041 18.162971442961 18.9903893520834
TCGA-A8-A06Z 3 3 3 17.8843066266533 11.3444535619873 13.335690649472 14.7316832515358 15.1821535737194 16.5769598426457 18.2788721167395 18.5163287480956
TCGA-A8-A07L 3 7.38296678379623 3 16.1009246120191 12.1085283031888 13.6774733930653 15.1257268028389 17.2043924342431 17.0587594195786 19.0116522174595 17.2915552259595
TCGA-B6-A0IH 8.52427931070448 7.867323605728 10.6153838280283 15.7683038083314 15.959415565974 16.1297601608944 16.4199232724848 17.1052482991336 18.7775298607014 18.0539420380633 18.7727795339604
TCGA-A8-A09D 3 8.52582872067699 6.2727904553574 18.1698399472557 14.3150128087819 14.52472476634 17.0849643408446 17.0473876834093 18.2476872078348 18.3894726610625 19.0675637956271
TCGA-GM-A2D9 8.48952334062774 3 7.07570841688076 15.259424472703 13.7984992768293 15.6753717307672 15.9011476972312 15.8638244917834 18.4010717154073 17.2709138999263 19.2255430197386
TCGA-AO-A03V 3 7.49056512102713 7.13076843759541 14.4355189037536 12.9888158776055 14.4648705002082 15.4443075211239 16.0930881967694 17.5398426334023 18.7515541008417 19.2296795475312
TCGA-A2-A0SU 3 3 3 14.031292032614 13.6554969277403 14.8771148831478 15.9094675178163 17.360899150063 18.2769377201025 17.8747045418118 18.8751136454294
TCGA-BH-A0BQ 8.48455293745017 9.7895096412872 3 14.1817670747039 13.4013549660662 14.7196346487251 16.1855368145998 16.7660846223347 18.0889544273505 17.8708238773545 18.8432084198361
TCGA-A2-A1FW 6.29732374162644 7.13642417560742 7.72849230407397 15.6297860025323 12.1808342679598 13.9061786844607 15.1108452927385 15.5816185283513 16.4513116056508 18.292168149702 18.1277866736147
TCGA-A2-A3XZ 10.1528598330872 7.31889764475767 3 17.4919640862008 13.9708734337204 14.9765646706504 15.9013449541682 17.8023238464498 16.8358952692511 17.9863335468561 17.9264836764342
TCGA-A2-A0EM 8.48273788276823 8.9677156607671 3 15.7523141972045 12.258769302476 14.3487738423748 15.6041224525344 15.6862202072903 17.1678227182593 18.3825242216075 18.6887241583907
TCGA-LL-A5YO 8.09125400988105 3 9.40326045529017 12.7614419630635 13.552172758849 15.0614818005683 16.8041385985021 17.3903557380518 17.4665320865864 17.2377191568015 18.1059803856122
TCGA-A7-A0CH 8.33190769787534 7.67758575664774 3 11.399464881212 11.2487104742666 15.1865077757125 15.4632848826176 14.8149582224246 16.5499313659277 18.3245674477245 18.5462676285769
TCGA-3C-AALJ 3 8.7770943844143 7.43965831289219 15.3754285140735 12.598676457045 14.9298411112711 16.0748869435823 17.4003999302587 17.9671998268946 17.5155121973451 19.548062921584
TCGA-A2-A0ET 7.1700249412006 3 3 12.0692160127418 11.7940327285826 13.8441127748786 15.0184512420263 14.2939064359641 15.8470479374857 17.8823273521704 18.7606986937632
TCGA-A8-A076 3 3 7.33817042997234 16.1737800617837 11.5611771790226 13.5019623421233 15.3457708091696 16.0327268991049 17.157258582736 18.3682993358334 18.4000940369107
TCGA-B6-A0IK 3 3 3 16.4528749877467 12.8891391758952 13.7221854985626 15.1872546814751 17.1868556911911 17.8137240085215 17.4787839421985 18.5466372986948
TCGA-BH-A0BL 7.19306641003128 3 7.30241055440751 14.5984411765805 12.9924310682071 14.5836156727215 16.6874916107053 15.7147032724688 17.6236603142476 17.6887058570194 18.3171431896629
TCGA-A2-A0D3 3 7.30127232595125 7.89649832713883 12.1214440951646 10.8562946525774 13.5097730778751 15.198908664522 16.1092195197287 16.3720799425421 18.3294285396523 19.0094203112691
TCGA-A2-A4S1 3 3 10.3034674861633 11.8528446384422 14.267343604826 15.4279450532717 18.7487445476755 17.0449831649924 18.8835068057378 16.961265485552 19.0648845786001
TCGA-AC-A3TM 3 10.0753963583317 3 16.1498246436472 13.9721906798782 15.3412120392849 15.0607616258535 18.5541010807631 17.6228438564172 16.9928271959312 19.034641768399
TCGA-AN-A0XP 6.49221551981621 8.30433576933828 3 14.7723344173739 8.91533977184293 14.7073908161139 14.9906596373501 15.3223475813632 17.2430340009384 18.3053570808341 18.7117042142658
TCGA-A7-A4SB 7.17152169257972 8.04299738307306 3 14.1859154226133 14.2475229918947 16.6074162692007 15.2191065091245 17.8193427061469 17.7589719746868 17.8152080354309 18.6104723548317
TCGA-BH-A28O 10.731827167467 8.34835702702271 6.11101585805525 17.4581127933288 15.0521984834503 16.5388576546459 16.6544733218421 17.5655307276722 18.539116051523 17.6870052406352 18.4039388681495
TCGA-E9-A22B 6.40624458987956 3 6.89421697823782 14.3953655426799 12.9410245016385 14.0162021141454 15.839575917551 17.2426535691786 18.0470624543549 17.5080859928472 18.2810781443063
TCGA-A8-A0A6 8.60211271343758 7.94418603908576 6.63837036909842 14.6990520117646 13.6642717230804 14.4653348489654 16.421361920321 15.9652151800146 17.7192435613041 18.2740261680744 18.7703427747862
TCGA-AR-A1AU 6.59939459385037 3 3 14.4684426916324 13.9787952135831 15.5192220638907 15.6861476036218 16.9240129295201 17.4629279536278 17.893912767637 18.9120360507949
TCGA-C8-A8HP 13.357329008901 9.71465226815268 3 17.6281860936993 15.4769855884081 15.2694217097974 15.4564049883875 17.1981030105318 16.8961740257413 17.7948127274518 18.8453090829904
TCGA-A8-A075 3 8.41506497274921 6.17161631424199 12.25058438895 11.5111888513138 13.6695985234868 15.0643349172216 16.1968435232405 16.3758112465566 18.5109937735904 18.8601126845346
TCGA-A2-A0D0 3 3 3 11.1271128514312 10.0204932557399 12.227793951771 14.6275535553818 16.1580019679302 16.4796072090812 17.1032344430884 18.9211739015191
TCGA-BH-A0DS 3 3 6.52975015434274 16.2123182588395 13.4327114684855 14.9797812320271 16.2658050382712 16.0341954305962 18.1780969655463 18.087735282749 18.637428079244
TCGA-A2-A04Y 7.83489735108104 7.18921890498218 7.78233868513822 17.5552075908972 13.3377400249346 14.9456692299894 15.9678471005508 16.0248477355785 17.5629717983015 17.941809198344 19.4199327520911
TCGA-A7-A26G 11.620649434831 3 8.98595791306592 12.6729500623821 12.3830400377912 14.2199941196227 16.7170941124833 14.8954721847933 17.3017164036499 18.7165723456621 18.8983840224909
TCGA-AC-A23H 3 3 3 16.4284048176554 10.2953634258881 12.7554061600176 15.0145615434571 15.6939359801832 16.5531270958822 18.2965777049104 18.8343597745789
TCGA-AR-A5QQ 3 12.4585640410529 8.52429481526872 11.8990397501085 11.7212434418712 14.2266515081432 17.0557983191338 17.4927048162125 17.596593815945 17.7343667278512 18.3388973752329
TCGA-BH-A0E0 3 3 3 11.5894177234011 12.7166180894042 13.741821774187 14.1413492878569 16.8828446983102 16.5232106478243 18.3619425128882 18.5514031287478
TCGA-E2-A1IN 6.17897034638826 10.5124637291129 3 12.2637329648113 12.2088623191079 13.6247032946721 16.0595728349257 16.0314699133252 17.5912075695268 18.439448102733 18.4908613245553
TCGA-E2-A1IO 3 8.36369569472831 3 17.7105750959821 13.3905845105298 14.6705893989562 16.5407472788807 16.2283104256191 17.369055108656 17.7331465845598 18.579654851447
TCGA-BH-A0C1 7.96619840135048 9.26264829164431 7.91347064207214 16.0173119895628 11.6082808858907 14.7928508400148 15.9948042000001 16.0824355704325 17.084281029195 18.387583520511 18.7381890060536
TCGA-E2-A106 8.1114849893651 3 11.6033111833081 13.8761627835371 12.8264055542918 14.3795979561294 14.3054458882343 17.1132314006121 17.0193929637201 18.1243779713586 19.0042833874599
TCGA-AR-A5QN 7.81566958188469 9.9073765581207 8.90324005845096 15.0662117600055 14.5702874198904 15.6575347362528 16.0101482306869 16.3197881368182 17.9925393831691 17.8428638485467 17.9921363420443
TCGA-AR-A254 3 3 5.82238636937704 17.4565172125178 10.2001176309297 13.6825840575221 15.8961409857014 15.3241660067685 16.5399669439215 18.9308323225945 18.9482454641351
TCGA-B6-A0RU 9.64095720821867 7.4342346184321 11.3836058328826 14.2210540094514 13.9133689200409 14.2164266595313 16.4148391997812 16.818695600264 17.7707765833364 18.650671496551 19.114691873718
TCGA-A2-A3XY 10.2220913651621 3 5.73053103857549 15.1822896749195 13.4373938944493 15.7248865350436 16.149690793552 17.4604938931755 18.1357472446949 17.5890826344136 18.4636107199039
TCGA-BH-A0AV 7.99203348975737 8.30731821558172 9.08283626380971 13.3243510528699 10.4873199905821 14.4861607031876 16.0008828738811 16.3742634349279 17.8360393440832 18.7074390752569 18.3591374240733
TCGA-A1-A0SG 3 9.70582128266336 6.16198002456202 15.1403183652119 12.8698969610642 14.2932481770371 15.6299124719697 16.5264032171786 17.0886658319058 18.5098875365172 18.9032900192521
TCGA-AC-A5EH 3 7.63862294724577 7.83691028527915 12.6397327898832 10.2131457599465 12.955364026316 15.8103475573318 16.4872576675834 17.3950328586842 18.3103021846773 18.6568134350044
TCGA-C8-A138 6.98419141361392 9.81232249274827 8.04967275654147 13.6548632187518 13.8391323940801 15.1839853269944 16.5200443867316 15.9429238291363 18.2835003370178 17.4826093401036 18.8957795961918
TCGA-AR-A251 9.60247244479207 3 6.12386933329847 13.3119882930687 11.3703127924708 14.6074641784659 15.9655307296478 16.7954935773951 16.5885387519485 18.7266844546249 18.30163428977
TCGA-A2-A0EX 6.8705746994406 7.73310796857985 7.3703643772991 13.6024461697201 14.0028378856663 14.1298212009478 16.2753796520505 16.8160107229836 18.1895851735748 18.2152113403731 18.4984498858179
TCGA-AC-A62X 11.3711434434738 7.68935820080455 3 11.438566490471 11.4826398973085 13.8289250260625 13.3166094508547 17.8913671181443 16.9148252399775 17.545061263496 18.2048571313396
TCGA-GM-A2DI 3 10.116042546171 7.22119722495073 16.5206914879068 14.1451585881689 15.1233930912636 17.4796525810756 17.3495634571386 17.4614921150091 18.2941410867499 18.8732939961642
TCGA-D8-A1J9 7.59221220113229 6.95194073125649 6.60072851447738 11.7390252684557 10.4875103768048 13.3220427434059 15.7799310764925 14.8742090984589 16.8984797495968 17.8147803749733 18.1603202835523
TCGA-A2-A0EU 3 9.06378548382352 3 12.7538774918432 11.8913682632449 13.6481915754621 15.2935401043546 16.5311792918559 17.0718986468345 18.3201597169732 18.8185680954989
TCGA-BH-AB28 9.42996702184331 3 3 14.1290713867298 13.5994288074937 15.2981017597013 15.6311492104431 16.4336319423324 17.0343992762859 17.9138490775492 18.2641430413506
TCGA-AN-A0AS 3 3 10.0478082724323 11.2907321708757 10.7609538240234 12.9126704161931 15.998712023968 17.9556578651323 17.2909813980616 18.3645254177956 18.225790166728
TCGA-A1-A0SI 7.2246144986994 9.07625351597362 3 13.1530131884487 12.3811957552707 13.9369902916981 16.3870875137086 16.2926603634399 17.2822706665514 17.8041414017183 18.7828656067229
TCGA-BH-A0B9 10.3469394239676 3 6.42458184117874 11.1410634013451 10.9551631268239 12.6880225516232 15.209829611686 17.9844303777312 15.7319564412105 17.2178986556901 18.9622192345062
TCGA-A7-A5ZV 3 8.29370162109334 7.92576063938231 15.1145267654375 8.33163894539162 11.8703701885818 15.101977758462 16.3656364736344 16.3927602712684 13.7771044526064 19.2135416085414
TCGA-BH-A0HP 11.1305121086245 8.78809037129728 7.84878815092787 17.629163477375 14.5998657042034 15.0109605680902 15.9338608312767 17.2113490636911 18.0302148695276 18.25216611276 18.6665645839455
TCGA-B6-A408 3 11.0553959597988 6.04938616998687 12.8535952846811 12.8376904719522 15.0749752169151 15.354874421985 16.9535072557183 17.5259397582397 17.703336993961 18.6274198309411
TCGA-A7-A3IY 12.5915106814623 9.32730056967686 7.02193277859607 12.2291767960414 12.5595042172752 14.0336430680959 16.2356594676589 16.2533243122339 18.185289374602 17.2751884552789 18.1660095593882
TCGA-E2-A570 3 10.0782111175995 3 12.4386887499854 13.1433117804196 15.0978891114372 15.7548818388255 16.5082764907482 18.3118907642065 17.6041066025637 18.7316174811066
TCGA-A1-A0SD 7.38563884202461 8.83478474660337 3 16.8603176871471 13.5679689410521 15.4912953816878 15.7435752637551 16.3599370275993 17.9570059147661 18.0527793597932 18.1516235209445
TCGA-S3-AA14 8.70043994453322 10.0081208164427 3 13.9396068472887 12.9914001084348 15.4601495676086 15.6393132536867 15.9000724532451 16.8975480306824 18.6824345218846 18.7237543434997
TCGA-A2-A4RX 11.0384950177779 3 8.37622404557915 14.2052127407655 12.3461086635202 15.3085925790544 15.8309509746062 15.9395897174168 17.0151912314036 18.4560612777535 18.5886399883997
TCGA-Z7-A8R6 3 8.40474334914548 6.16222299052185 14.0976033541476 11.8047433712272 14.6160100910759 14.0790987901962 16.7662757503594 16.6735011788771 17.6807716071492 19.2407676279139
TCGA-A2-A0EW 10.9615040518225 10.2894002326073 7.5491416781825 17.4544245594909 15.2020139870686 15.8550866530099 17.0377294052339 16.2331958173681 18.4076805729168 18.2403456503806 18.5697037199405
TCGA-C8-A12W 3 8.68512697420367 6.41942887489189 15.1820645544162 11.023211611286 13.5218471963667 15.6397451837839 15.6695960660707 16.9410417794112 18.6933825128935 18.1851986215511
TCGA-A2-A0CV 3 9.35143302631305 7.29326732714081 13.9544572798135 13.8842972346565 15.0358494175314 15.9832984671667 16.6924582183725 18.398903639705 18.3599144097432 18.8271376818679
TCGA-A8-A09E 6.70149526242882 3 3 12.4274370508551 12.7060819725943 13.8153141423983 14.1174705157981 15.9928650319874 16.2560199936086 18.0126788302973 18.987161446926
TCGA-AR-A24N 3 3 5.87559680649486 11.0956866221452 9.42099852027139 14.2562886967543 15.4781396416881 14.9527355742975 16.4616705714964 18.7056309716825 18.6162660684403
TCGA-BH-A0HA 3 10.30618082908 8.68340478252751 12.6314434978529 13.4799211343394 14.8714480787499 16.3788690252053 16.9979407975215 18.7116918303918 16.9824615812339 19.0823135188457
TCGA-A2-A0YC 6.26352433337237 9.0364387778869 3 13.3617796467665 12.0102032018186 14.5678462985169 15.7026898601497 15.6734375434446 17.2481561262981 18.050165851268 18.8210129504736
TCGA-OL-A5RZ 3 8.00998678376696 8.61529198895604 15.1283554103948 13.004825491951 14.199541014959 14.2631550299543 17.9159620284681 16.6188317295363 17.2604398281174 18.9802273021936
TCGA-A2-A0CR 10.6655949150213 10.837234777869 7.35435400817088 14.9493286256879 16.0488023079066 16.3613990793739 17.0188220925125 17.9777375815396 19.4306938522416 16.9176123852796 19.0469995268915
TCGA-OL-A5RX 9.22535882484906 3 6.30530503115433 14.9486278980273 14.1992772208491 15.7999758720524 15.2413172193852 16.8558269501103 17.7452341972 17.6797489437536 18.6643530440923
TCGA-AC-A3TN 6.6452342334692 9.04149934837046 8.09826138353595 17.8425472262489 13.5187603052992 14.627925291443 14.7230411441672 16.8543026547613 17.6808428252289 17.0889282842998 18.5945363981481
TCGA-AQ-A04H 7.83006456806378 8.14425721475317 5.92726892519131 14.9202703132965 12.6981183416806 14.9513723455779 15.7465996963265 16.8957524576922 17.3948727669473 18.8459040368803 18.8387804616917
TCGA-AC-A6IX 8.05944559948244 8.37514971621357 6.13532466082495 16.3276020254839 15.3158004837187 16.3360520147757 16.6699000966602 16.6305666244496 18.3102169344371 17.2583766554536 18.250863754981
TCGA-AR-A0U2 3 7.20625175678904 3 12.0087767297313 12.2963940812624 14.1216922704277 15.5027331727467 15.5480269120402 15.9712558374148 17.7213988920728 18.1071788799175
TCGA-AC-A3W6 3 11.3630694044747 6.32413671440358 15.3113221032187 15.6238942557453 16.7239820815304 16.4530264210604 16.8790547919107 18.8087692140704 17.5757952348878 18.6481736068517
TCGA-A2-A0ES 6.57244509004902 7.42400035094979 9.98764275752832 16.553498666146 13.4825651178353 14.9195026862381 16.3942876573702 16.6794780878956 18.3145997724493 18.1229824014336 18.4262439518092
TCGA-AO-A03U 3 3 3 12.0565861285368 12.7742356415908 14.3700017142976 16.3060307583696 15.4145569186074 17.0288498544424 18.0908097576041 18.7238723612762
TCGA-AN-A0AL 10.4472135821718 3 6.31482175405105 11.3205994096815 10.1748723897593 15.0273908521846 16.5612241338506 16.7764406204537 17.9664450301815 17.2499670860501 19.0824036389451
TCGA-AR-A1AP 3 3 3 15.7912853509824 12.5752523385832 14.1378019809839 15.1715954530325 15.8736430879503 16.6987170923293 18.284436711642 18.4667233984725
TCGA-AC-A4ZE 6.47848532294186 8.86225815248864 3 17.1668218527881 15.2572751319905 16.1129742714524 15.9876222943318 16.7040227944951 17.899132669018 17.7792693655244 18.6267904574641
TCGA-E2-A15C 3 8.49426124327473 3 14.4164980134023 11.7520884372065 13.8664107506624 15.7519092934078 16.880653945756 17.1255606390811 18.2993502584583 18.3844849973296
TCGA-B6-A1KI 8.1355542343862 9.34313329670684 5.84120424205909 17.2563763333245 13.6430561272259 15.1307353232509 16.2580673565387 15.3707889304706 18.6769121836011 18.2676021939854 18.6290981575826
TCGA-AR-A24T 9.0840054689002 10.7562820941659 7.43875292328473 13.8528417350783 11.8505328846722 15.0447760009987 17.0317352501202 15.5342949763967 18.3844571178505 17.6150858235425 18.4485885322644
TCGA-AN-A0XR 6.80109614586297 3 3 11.2987346074217 10.2365818053065 14.4570775856489 13.3658797700138 16.75948339289 16.4694371993731 17.7930766118753 18.7542066831057
TCGA-AC-A62Y 13.6454760955393 3 6.3064044879497 12.9725526782168 13.8750791616543 14.9162339800679 16.1385296104155 16.4651932652846 18.0179584778404 17.7987354777843 18.6074218568105
TCGA-A2-A1FV 9.47467289008765 8.65962592343579 8.03355213378654 17.3252135655683 13.4077441535337 14.8307208757132 15.943249728707 15.4221840594233 18.2850486975566 18.2831552222908 18.1179121368834
TCGA-B6-A0RT 8.56811560333681 3 7.40083919166587 14.1355819401247 13.8084368787082 15.221128437764 17.4307903129365 17.1152370765185 17.2962672860242 17.8652962802661 18.3031660881874
TCGA-AN-A0FN 7.39461469253675 10.2432997964808 6.04159819151571 15.6098371468311 14.6739838849899 16.4177483416304 17.9610280283208 15.7412856299136 19.361746383791 17.5105404144475 18.8083797756264
TCGA-A2-A25C 5.87981760386662 6.69453292400456 6.34867648456013 12.6331899010831 12.0464746881946 14.9959113590335 15.9739237170555 15.1858712069727 17.1392084591098 18.3827227985702 18.594292427314
TCGA-BH-A1FG 8.13051460114182 9.43000420804046 9.50958033011251 16.8940396111235 12.8459767488507 13.5175968391939 14.8346915831421 16.0576237161418 17.2044786597091 18.3713686391119 18.8466640358351
TCGA-BH-A18M 7.51451570089565 8.39410095758242 8.02542269842399 14.4542022731715 13.4867641467874 14.8274391811894 15.9421835620197 16.5311782635719 17.6625457308521 18.4054032152902 18.9716292544925
TCGA-AR-A24M 3 9.44705110945567 3 12.8071432600696 9.89653426834726 13.7313209608299 16.250761054954 14.8640996347059 17.680653219948 18.1073096222599 18.4955526996079
TCGA-A2-A04T 9.20652974456043 7.36089088761548 11.8438454195159 13.3030239025656 11.0337839892149 12.8500903399034 15.3438478988255 16.2164794760398 15.6493584226566 17.898491151076 18.5207839019265
TCGA-D8-A1XM 3 8.4540482477486 3 15.1882093693458 13.3993405522986 14.0012118361208 16.4974667678317 15.0678236791934 17.4554034798126 18.5112028303752 18.7672219674735
TCGA-A2-A0YI 3 7.13683806888984 5.88353612255971 14.8142370550679 13.1586742014815 15.0446770149449 16.8530674489006 16.1775288568536 17.3768449444701 18.5675193695204 18.4733948587747
TCGA-BH-A0HY 10.2600408839 3 7.16346046927092 17.4826605303322 11.960810880565 14.2704322492125 15.371130873225 15.9113868347992 17.3993152806331 17.633690854492 18.694562260594
TCGA-A2-A04X 7.46821745282724 9.64731921879492 3 11.1445784544346 12.4811461222327 14.5727905611753 15.5926600552682 14.4071173413288 17.0899692504015 17.610800043944 18.6728133054221
TCGA-A8-A0A9 7.75221897245683 9.3616912162235 3 11.612147639152 10.9736700425862 13.777364763689 14.7698037984445 17.0030550553106 16.3322005593746 17.8739247473445 18.6555291601711
TCGA-AN-A0XN 3 3 8.49283801463323 11.9119373637461 8.90262276464565 13.7113223037356 16.853611347458 16.1429116740362 17.7229368249313 18.2726444533462 18.6990618865807
TCGA-D8-A1JF 3 3 5.90499230478298 11.2583837286851 10.8229382580544 12.9356704980219 15.6613919021489 14.2054099804226 16.7777775267006 19.0264701175598 18.2375102915525
TCGA-GM-A2DK 7.86336495281418 9.32540290248639 7.41276421302111 16.4403081061519 15.9854330994719 15.9958766383504 16.8353636013665 17.7227855656102 19.4811522521374 18.0138812142007 19.0376683378633
TCGA-GM-A2DH 7.93191998883017 6.89375079323928 5.66236473176406 15.5051525181133 12.7407662895202 13.8643172438899 16.037819485114 15.9078384165833 15.7582932442879 18.0522852653171 18.6432129774911
TCGA-BH-A0BO 9.88038810292029 7.26935552535076 9.41554970205563 15.8435418948696 13.7868563870043 15.9836923017725 16.4599318457917 15.6735364593527 18.4137200133027 18.2869371800912 18.3610520598907
TCGA-B6-A0WX 10.222802725067 3 3 13.9974465131211 11.9874023366987 14.0039608199821 15.8479261509164 16.298849405207 17.895542701416 17.2563046112601 19.0291612994664
TCGA-A1-A0SF 3 3 3 16.8607854673344 14.5442606854115 14.4730507691082 15.6645012343809 17.395791989688 17.4963504559167 17.3093370457663 18.8513806767865
TCGA-A2-A0CT 3 9.95304934961928 9.25943875042857 17.5903725648362 13.3598846262817 13.6058308724956 15.1260232560358 15.6207730720229 17.530231214704 17.7883720475937 18.1067929196453
TCGA-A2-A04Q 3 7.51080819253199 3 13.3831044908532 13.0409709176156 14.314231501455 16.6160458356815 15.9042141577562 17.0760077729513 17.5923864803517 18.6139061790783
TCGA-C8-A3M7 9.7424967779372 9.51670547054834 5.99355530639524 15.2557018779042 15.5579403389744 17.2723501123258 15.8971572874616 16.5350558860229 19.1413284778512 18.2256691377431 18.1037488731101
TCGA-AO-A0JG 7.2463282917661 3 5.90537927530277 15.1709007197532 14.1832693346661 15.5559291195469 16.614357558096 16.0157802233496 17.8292903811432 17.5170326492359 18.5377452815986
TCGA-BH-A0BC 8.55697883870817 8.7259628631983 3 16.200424823447 12.5119278982165 15.4016112104919 16.593977441352 16.6459966279099 18.3950482707853 17.435305517819 18.7216046178558
TCGA-B6-A0IQ 6.29663419256492 3 3 11.8429964948804 11.3424947995025 13.1853808346684 15.0136168600868 16.6345123513084 15.7941840164802 17.1722572690255 19.0692587649324
TCGA-A2-A0EN 8.63629320144215 8.23334063610186 3 16.7770334218942 13.5741833365854 15.5150007707398 17.1493239630819 15.8352627398092 18.2857525289811 18.0360074295034 18.7157226504171
TCGA-AC-A2FO 3 7.44153783391037 6.16514258284465 17.8426020317538 14.7616262378127 16.0299884922454 16.7274643328667 16.4270216633247 18.1195429306914 17.8416880097052 18.1659602518798
TCGA-BH-A0B5 6.4127434672288 10.3586353419942 3 15.7693494079858 13.0781258932889 14.7678937049862 15.631175290704 15.6296513032596 17.0929630044369 17.9106958569705 18.4560587240497
TCGA-5L-AAT0 3 9.10325579186023 7.75751600629907 14.9208366519242 13.3316064525979 15.1281005765813 16.1582202415957 16.6235538403827 18.2009192528937 17.0426120447564 18.7350509816081
TCGA-A7-A4SC 3 3 8.64617654465486 17.8465828065153 14.5899982925606 16.3074464211133 15.6894450363205 16.3611226388619 17.7413835168734 18.1116722542549 18.721956946801
TCGA-AC-A3BB 7.50881655756326 7.42232383954053 7.06344834766944 15.8856171979221 15.0861539027403 15.8668614384923 16.8753817719408 17.1807281112638 18.5540530395943 17.8991712815663 18.9045682877708
TCGA-AR-A1AY 10.8391333490206 7.41897721986427 6.14414131323974 12.0722011635879 9.72446059019088 13.1430895553841 14.621835501144 15.4431325341773 15.6971112014516 19.191963967143 19.136200886396
TCGA-A8-A06Q 11.5404954820425 3 5.74545751564864 12.3245741954364 10.2617095557691 11.6494606217854 13.7239020569156 14.3561819751472 15.696253572409 18.568666014674 18.7535674675405
TCGA-A2-A0T0 10.2662414046259 3 14.9003755916887 10.484543079299 10.4763208357314 12.9048668500279 14.6317091727183 15.6793139841822 16.3840831696094 18.5672716620505 18.9277461294569
TCGA-A7-A4SA 3 9.54028072504873 3 18.8526762864108 13.5342121527618 15.1744690308709 16.3670287289377 17.7358856633786 17.380104268068 17.5200438887869 18.6435724012346
TCGA-A2-A3KC 8.74689600206943 9.325359803413 7.97492826886718 15.8594540502943 15.3408039516573 16.537711614197 16.0726832263289 17.0155134208083 18.0207282289626 17.4482732403764 18.5350936915569
TCGA-BH-A0H0 7.12841977909287 7.99872943519693 3 17.556396238774 12.3862761830975 15.0295883439634 15.0387468582245 16.6336202716745 16.5923620974786 18.3352196246786 17.3280452426202
TCGA-A8-A07O 3 3 3 12.439032230588 10.4103892572304 14.1119621853596 15.1514727405221 17.2982969117784 15.9189816291721 18.9411569862665 17.646775535796
TCGA-A2-A25A 8.04589841611627 9.60393785272086 7.59305966781344 14.7134597234944 15.6670867366626 16.7599057577706 16.5672383565089 16.6257411075111 19.2217772733665 17.9891621233869 18.6431060462029
TCGA-LL-A441 12.6002185058937 3 6.7634337835295 14.4151351427859 13.7300089993024 15.8997894828085 16.748938243536 17.3325508670997 17.157672964349 17.2722694852354 18.2887563502822
TCGA-A2-A0YT 6.23076659673392 3 12.4462879437693 14.541044838746 13.5411227461689 15.0049518882452 15.3838654758015 15.9411201353731 17.1148999425109 18.1784600774161 18.8147257215127
TCGA-E2-A14U 3 7.18545216076302 3 15.7049286428715 15.4604833201401 15.3602097541115 13.8128525243111 17.4424411057136 16.964383574519 17.7090172901927 18.6284444630817
TCGA-A8-A083 3 3 3 12.587455994369 10.1648680190535 13.6627838515807 13.7964550581808 15.1153842549966 16.7397118878682 17.7836805536602 19.0237318485272
