X8342 X8359 X8354 X3018 X8337 X723790 X5617 X7276 X8370 X8338 X8334 X6622 X351
TCGA-BH-A0HW 12.4875258936714 11.9692860472371 3 10.7067009633891 11.4771270444911 11.4383486443853 3 3 15.02975964509 14.4523465388772 22.7787135636319 10.6103123057596 22.1673539606094
TCGA-BH-A18S 10.8426666554941 3 9.74057559887539 9.29156000623536 12.4812977715797 12.5942596320858 3 3 15.525500527703 15.8028868323007 22.1180223520468 13.5381929491933 21.9335204875073
TCGA-D8-A27E 3 3 3 3 10.7090840422784 3 3 3 12.0475972565226 14.3115498919155 21.3170956715068 12.7244876370601 21.9481386866255
TCGA-E2-A1IH 9.80009877244954 3 3 3 3 3 10.9529475749454 3 10.0829405511525 14.6607473125491 21.1758645613988 14.2608692211991 21.2700709421949
TCGA-A8-A091 10.3026368979933 3 3 11.3196109370583 11.0936734853354 10.7343562778007 3 6.88290837944472 12.2439815154738 13.9043955743517 21.5295392510837 13.6850710114883 22.3009178460252
TCGA-A2-A04W 14.4062259960537 3 11.4930018762511 3 11.0766780031082 3 3 3 11.1111246074541 15.9571551352825 18.1789283490072 13.8166716537085 22.8828795633649
TCGA-D8-A1X5 11.2663526376781 3 3 3 9.74812821354836 3 8.45495003976332 3 13.0506863295838 15.5857631096001 19.1614001733168 13.7601316817739 19.6744325282486
TCGA-BH-A5J0 11.9474331186871 3 3 3 10.8388455213508 9.80658713703394 8.55067664733594 10.1796341486643 12.8162370607835 15.7183937101562 20.4668056538372 14.191803181507 20.6239783560866
TCGA-A2-A1G1 10.553431819778 9.84656680193419 3 9.99375193170718 3 3 7.76000193337432 3 11.2506787717228 13.0983272715393 18.0117082807022 13.0923901206692 22.9085428563305
TCGA-A8-A097 11.041575328237 3 3 9.89991464142812 11.5130288274572 10.4782987056653 10.4269096191494 8.55527615598755 14.0827327156065 13.1191813160944 20.9620248307982 14.1152956685413 21.2553141477801
TCGA-C8-A130 12.0062774823511 11.8797426545112 9.90620045823574 11.4442731099646 9.49256572998169 10.4458634633 9.76180698442163 12.952532311482 7.75800048420967 16.0360470601553 20.2116801832525 13.0000184823496 20.7535811378894
TCGA-A8-A0AD 10.2743865722006 3 10.1657727633766 9.71548735552957 3 3 3 3 11.4288645256361 14.8755944716753 19.0991424499342 15.1302763920354 22.1329411809543
TCGA-A2-A0YL 3 3 9.67373057093797 3 3 3 3 3 10.7975075275191 14.4905828651341 18.4762802209001 14.6389383044898 22.4019726525306
TCGA-A8-A09G 12.4897760883426 12.2928880842569 9.58616003542462 9.13770606281692 9.17352522670031 3 7.88993040383009 9.1885057505876 13.239790840408 14.2322923160264 21.0147079515847 12.3298731196948 22.4247612577892
TCGA-A2-A25E 11.7230339780522 3 3 3 9.21219198105208 3 7.92782807368937 7.28382470666036 13.2538909111087 13.6868081794504 20.743392934794 12.8158927261468 21.3914393169293
TCGA-LL-A73Y 3 3 3 9.33181792532629 3 3 3 3 8.60724559243975 14.014078901237 17.7525596866909 14.5357299909983 22.3919876451743
TCGA-AR-A1AK 3 3 3 9.47362037023892 3 3 3 8.54015545533302 10.8968325482397 16.053214259532 18.1419043810145 14.4819462096043 21.4330186340164
TCGA-LL-A740 10.1448836229146 10.4312812278932 3 3 11.6113318491184 3 3 9.22717804191088 13.5362679225366 14.8562468572168 20.1119511354284 14.7378980437525 21.6150119338875
TCGA-A7-A425 10.944789205594 3 3 3 9.42875135482638 10.9637706971761 10.1094269631185 3 12.9260109946544 16.6867079198089 19.4890407388369 15.0096996553732 20.5871907577256
TCGA-AN-A0XO 10.6376990994299 9.93055708232545 9.53671259457362 10.0778115755166 3 3 7.84166789135294 9.45705481197942 13.706542632708 14.3521928587996 20.7234343644489 14.261752481942 22.6692886561504
TCGA-AC-A3W7 9.62586115372749 3 3 3 3 3 7.82308599346572 7.18115753300914 11.2231084885756 14.5779675268262 20.1941035857481 14.1034000695884 21.7792399467003
TCGA-BH-A0H5 3 3 3 3 3 3 3 8.50962716512534 11.7803831067756 14.8630272025485 21.6704537887089 13.4512664875238 21.428136163544
TCGA-C8-A1HL 10.5306293596061 13.3970835262837 3 9.97100776817389 3 3 8.71064011264192 3 14.2009017635198 15.9155741307467 21.1455621248362 12.7420236225368 21.4372204087651
TCGA-A2-A0YF 3 9.83480547888098 9.44121782125559 8.99334837901569 3 3 3 10.0330988090637 10.7004537844705 13.8932594310473 20.1036264071508 13.9511987368794 21.0291357183451
TCGA-E2-A15J 9.95076652734462 3 3 3 3 9.39045310729377 3 8.46037643165379 13.5943896288472 14.153934479263 20.6737672335081 12.5881487935103 21.8078922747815
TCGA-BH-A0BW 10.8973580670897 10.189457232893 9.79499772983497 10.3369017926719 10.3730086439042 11.6509118053561 8.09417920333313 3 13.236549842883 14.3817138691403 19.8051030066473 15.5738379824307 23.3324932068115
TCGA-A1-A0SJ 3 10.2838950303477 3 3 3 3 9.16660645428371 8.50662475717021 12.7756752735404 14.9530433119682 17.7000813868009 14.0245057755616 23.1089707287237
TCGA-A2-A0EY 9.93321339259369 10.2193188456774 3 9.37549765284661 3 3 10.0919927387638 8.44308372651564 9.63614052940376 11.8907193123198 17.3591280798785 13.9678460171308 21.0958759574007
TCGA-A8-A07R 3 11.5892930940314 3 3 9.20500961952198 3 3 8.23921994274911 10.2295383343773 14.8489680168563 17.5406918593796 10.1328286715657 21.6478544850968
TCGA-BH-A18G 3 3 3 12.9184556492772 3 3 3 8.41767275052022 13.2405977216061 16.1837455207204 19.364089182785 12.1445753020255 22.7258147608319
TCGA-BH-A0BR 3 3 11.1034319831665 11.2339426659527 3 3 10.3762533019579 11.69917415118 12.3023315288725 14.4222943428843 19.3346730930391 14.4033362350642 22.5154581837953
TCGA-A8-A06N 3 9.55582126981708 3 11.0163265766811 9.73871685662893 8.71400500286996 3 6.84443612844245 14.1128854879432 14.773477392963 21.0096051987539 12.0671273278905 21.6399690206221
TCGA-AO-A03M 12.8662305553522 12.4180737597851 11.0239244905347 10.5719764150789 11.6044146884931 9.98825983841585 3 8.07439710255267 12.566790613025 15.6385820228715 21.433223121482 13.0049638753295 21.3827072319951
TCGA-A8-A09X 10.1539624912748 10.4403716925683 3 3 9.63140729073622 10.5854236701442 8.33988422332536 9.96548974948083 11.5482982475612 14.7543872916907 19.0722293798011 14.0234365241905 21.3087544053636
TCGA-E2-A1LS 3 3 3 12.2143558814741 10.9322444305802 3 3 9.5420437051211 11.6166557140444 14.7420071671529 22.0480273410493 12.1461745774539 25.0005181835954
TCGA-AC-A5XS 11.3220699747024 11.6094983066681 3 3 3 3 11.0679230921208 8.83129328778052 11.828290339781 13.8696055949696 21.1239415417695 14.2696898293063 20.9156125366169
TCGA-AC-A23E 3 3 3 3 9.18827992266893 3 3 7.26083744954737 9.73114944103914 13.8324073599252 19.5774077637001 14.1443239102116 22.2370355084655
TCGA-A8-A06Y 3 3 3 3 3 3 8.38003935227255 9.27681862035468 14.3614388397014 13.6116247441599 21.4554475737098 11.3158726471601 22.2241478795346
TCGA-BH-A0H3 3 3 9.62897985734239 3 3 9.17783919157059 8.90792589619038 9.54926682918073 11.8863632376153 12.6917390594355 20.3038051346462 14.3604707209473 22.5351191943043
TCGA-AR-A2LJ 11.7884598194217 3 11.6793693102332 10.6441172013977 3 10.6415697712702 10.3690039992788 8.71611432350097 11.8105413191866 16.6585124139624 18.9940667725508 14.9882836335516 21.1464434971342
TCGA-A8-A06U 3 12.3711057646057 3 3 3 3 3 3 14.1738255954901 15.2952119422338 21.1278486722737 13.5299688995335 20.7385687594261
TCGA-D8-A1X6 10.5358669866481 3 10.4271315978896 8.98764494152613 9.02340823289447 9.97369203503299 7.74299811128113 3 10.9346234783237 14.0186462143613 18.7647099358103 13.7167141425266 20.8897970048146
TCGA-A7-A6VY 11.469799637369 10.1789975599315 9.78456082803646 3 10.3625403195305 3 3 3 12.4898637458621 15.2049366596728 19.4308816383043 13.1713366414215 22.7439305967144
TCGA-E2-A15O 11.1182357762022 11.9890837548214 10.0148856373223 3 9.60095862309792 3 9.87039950647032 3 12.5700242106402 15.033891590455 19.5488470228819 12.525170859467 21.5374333030529
TCGA-A2-A0CY 10.7336114471703 3 3 3 11.2047003080524 10.1709593685019 3 9.23428344616465 13.5572609729414 15.7808018365595 19.343092389313 11.917588385371 22.6009700876558
TCGA-OL-A6VO 11.4256579420393 10.1350392673583 9.7407000560667 10.2824466600736 9.32755479489431 10.8617676021578 3 10.1422722525516 10.8648272399511 14.6612370641984 20.8207992598532 14.234330790683 21.0607477485617
TCGA-A2-A0CL 11.5023333008188 3 10.8104804496611 9.36762103058202 3 9.36509182274898 11.8838183103399 3 10.6209375618107 15.3718290167764 18.1538574195973 13.6360570401765 20.8918768157304
TCGA-AR-A0TQ 13.4495515294678 11.419057405536 9.44889121173376 9.98968181001659 11.3409979213059 10.9814445189006 10.0346222033429 7.1155302384674 14.2311169349593 16.3409748172364 20.389018592122 13.179119090733 21.9359025501213
TCGA-E2-A573 3 12.0204068967014 11.0405608901954 3 10.6247317254413 3 3 3 12.1690580954394 16.1983517731241 20.073855080775 12.6317036681711 22.2326441193269
TCGA-A2-A0CW 10.6456319977337 9.93846472499147 10.5368517815088 9.09630747324492 3 3 3 8.73881853826138 14.0258050676272 15.1596304334482 18.5783033929725 11.7041265707074 20.4389206511542
TCGA-AC-A3EH 3 11.2330492307772 10.8369775236494 3 3 10.3827677141256 9.69893692209566 9.03530518731326 11.1048859636433 15.8837890670319 20.1820756448128 13.9011302719121 22.5336407588473
TCGA-A2-A3XX 9.9068949105241 10.1929609453899 11.3747899971989 9.34928258007519 3 9.34675376921392 3 3 10.602467768199 15.2537518529403 20.019014739604 13.596608487631 23.6487698920915
TCGA-AO-A1KQ 10.3905481554759 13.6710545089896 10.2818776090104 3 9.86731927892634 3 9.55734412523121 12.2647638070812 12.6075399818058 15.9631318221288 19.0049067266445 12.4131291386247 21.631168021807
TCGA-BH-A0HN 3 3 10.3879341956257 3 9.97315570315939 3 3 3 13.5821040967119 16.4550875203662 22.163023477071 12.5528181926041 20.920244666947
TCGA-AR-A1AR 9.40066159959074 3 9.29265813568662 3 3 8.84293601530071 12.8304907303288 3 11.2583312413291 14.4795890382113 19.6110687557664 13.5495114989768 22.2271320137057
TCGA-AO-A0JD 10.0283112814752 3 9.91983386145085 9.47023716752765 3 3 8.21656721729116 13.1505174786276 11.5286864636125 15.9837116963234 20.0537616708338 12.9613368663956 21.1720192580388
TCGA-A7-A0CG 3 3 3 3 3 3 12.1068211924589 7.58678824241008 11.0648214758492 12.3277840939798 20.348951257853 14.1721213964333 22.043948090123
TCGA-A2-A0T4 3 10.6838191055288 3 9.83786380466292 3 3 10.5562454136348 3 11.5520242219079 16.4424499343901 19.8191071769664 13.9578726842598 21.7783944576602
TCGA-B6-A400 3 3 10.5196362671915 10.6499198035872 10.6860699420034 10.0660033002414 8.80711882442575 8.72183530387533 13.5701798931681 17.3948388341995 20.0471208752513 13.0832338580852 22.0069100183344
TCGA-E2-A576 12.3602984491255 14.2319091606812 13.2499395938666 12.7963811632887 9.84370230702077 3 3 7.89557774376022 9.65762843037378 18.1573480967005 19.7776428530932 12.4224596466867 20.452336457782
TCGA-BH-A0WA 11.875697953269 12.1633865937049 10.769901161646 10.9002934030199 11.933524379816 9.32482986044512 3 7.42936003149405 10.1678570842277 13.4249525530968 21.0098906941762 13.1632049211939 23.4063285698653
TCGA-A1-A0SN 3 3 12.279185705485 3 10.2835215386593 9.25436574397008 8.00684927926726 7.36137544811415 12.0890638175926 17.2270704610158 18.776269835746 14.1794782521161 21.329448250793
TCGA-A2-A0T3 3 3 3 10.7526973467876 10.2071554375214 3 8.90861157676517 3 10.2414973740672 15.3633899588474 19.9778330074178 13.0966986811986 22.138013186874
TCGA-BH-A0AZ 3 11.6702354501537 3 10.8214927493777 10.8576629184576 3 10.8665869025847 3 11.9883817570679 14.0458838817002 20.7241817069994 13.9819804963792 22.3279809287564
TCGA-A7-A4SE 3 3 10.5185604404888 3 3 10.0649296524404 8.80605642734259 8.14942506747539 8.35588697558881 14.0464491161375 18.0520468469428 13.6666719323514 22.2124186496037
TCGA-AQ-A1H2 10.4844335186052 9.77780762786046 3 8.93675733855472 3 3 7.69324592791823 3 12.426583232799 16.1152594547306 20.5663328466466 11.5424830314573 21.3789750973632
TCGA-A2-A1G6 3 11.0860101919348 3 3 3 3 7.99832313338336 3 11.0829421437636 14.1517146199165 19.4179283054361 15.1736577856751 22.2557367776719
TCGA-A7-A13H 10.7454817098023 10.0380081092648 11.6330342480344 11.5013141311827 9.23106303405608 3 7.94633105414301 8.26493514731083 10.447236729683 14.2905985799157 19.9031193001734 14.5612114741127 21.858442328029
TCGA-B6-A0IP 3 9.84463368417381 3 3 10.0278640458429 3 9.71757425270166 3 11.0567674466864 13.9031690023061 19.359351523645 13.9221342079936 22.4283755169668
TCGA-A2-A0CZ 3 10.6286233259987 11.2285403844798 3 10.812486732574 3 10.0886897525406 12.9102075388685 12.123324974293 14.2999590208314 21.395418681351 14.034612108172 22.3620333669226
TCGA-AR-A2LK 11.2414598186984 9.95166972754784 9.55777086173016 3 3 9.10690369336887 3 8.18024532295162 11.8785559150821 14.975949458624 17.8501897818121 14.143925626814 21.4637238532768
TCGA-A8-A06R 3 14.1729524900088 9.88014424290297 13.1155887191467 3 3 3 3 3 15.9209747685281 18.0268878526429 13.4139620707211 20.7658936258081
TCGA-AC-A3YJ 3 3 10.3308049365422 9.88011884844836 3 3 9.60606846670972 9.52010542463823 13.2200388581295 14.9214136663522 22.0038394127426 14.3383231764527 20.6463689554855
TCGA-5T-A9QA 3 3 3 13.5248921312356 10.1112820296357 3 3 3 13.9137385313178 16.1178660495067 22.1044389272203 10.4090855111005 20.6389828768632
TCGA-A2-A0CM 12.2775453042178 10.5710705198605 10.1758834798218 3 10.7548982436059 3 3 3 12.6211112467297 13.8272924115999 20.26066554626 12.8103860828869 21.6074071787663
TCGA-A2-A0D2 12.3328646813695 11.884960016699 9.91138538692027 11.4494865682757 3 3 9.18863303467833 7.55939491489181 8.7362222908448 10.9807371489348 17.7687572364455 13.6011337201203 22.7351274398034
TCGA-A2-A4RW 11.6597222668007 3 10.554498040692 10.1033369424109 11.717529164693 3 9.82891608608471 9.16457861262542 11.9442478979696 15.7101455882493 21.9912082509234 13.282499457785 22.1448300049195
TCGA-A8-A095 3 3 11.3272001095167 11.6093689224337 9.33801572008652 3 10.0182775888725 7.40501797441661 11.7206379580985 15.0616679290299 18.7869760955558 13.3458350779549 21.7268631743347
TCGA-A8-A09R 3 3 9.50264931024098 11.3589828648974 10.6610907195947 3 3 3 14.4565857244224 14.3702147907078 20.734436311033 12.5406086382703 21.3297444020247
TCGA-A2-A1FX 12.0365327744611 9.75052665031593 3 11.4745006149793 3 3 3 3 11.5452080094199 13.4161934234617 21.4600365183375 13.1509442002209 21.0948077051604
TCGA-A2-A0T6 3 9.9842758796901 3 9.1418247734379 3 3 9.44621362248444 3 10.2019810857442 13.739215077387 20.2085327159963 13.9954793463991 22.6408223330787
TCGA-E2-A15F 3 11.4488240435337 3 3 3 3 10.3254863904684 3 9.8690425466095 12.4467581592674 18.928586203471 12.8052741258484 21.736988017134
TCGA-A7-A3IZ 11.8791729842894 3 3 9.33079731051415 9.36668032329121 9.32826890494653 8.07943767371513 8.3988861156918 11.1663020979536 14.0130459519126 21.4437983935264 13.1240776403078 22.1796570243056
TCGA-BH-A1EU 3 10.346319909658 8.96314721367422 8.51767787690284 3 8.51517356998058 8.81993123076581 8.88392470145016 10.3432594603575 12.602318526457 19.8974690628981 14.2892054144813 21.4505363280771
TCGA-AN-A04A 12.5137707318005 3 10.823867351187 11.688917585798 11.7251594263194 10.3696789487454 3 7.4810985842131 13.58217411211 14.5940566916186 21.8088554484486 14.4310450377015 22.1564220769346
TCGA-A7-A0CD 9.6511931438933 9.93683626663804 3 10.084095784933 9.13049336959825 9.09216688711019 7.84777853762153 3 13.3604362194193 13.6040116008105 21.7903261258692 11.5653314020072 22.3161977128318
TCGA-E2-A156 12.6067389739813 3 3 10.4647710462267 3 3 3 10.5160031781872 11.3096446461568 15.0740392725911 19.4979389427734 12.5315884263836 21.8389517657597
TCGA-A2-A0D4 13.0846410404541 11.3759062010554 3 10.9408886068399 8.99414734104448 9.94420845129713 10.4738619665695 7.07478309137202 13.7992750662817 15.1654200151217 20.0655054648965 11.9115256221699 21.2145367876705
TCGA-A2-A04R 10.9930126164763 12.27790947778 3 9.44069951500187 9.47661522858952 3 8.18750079530737 9.81035347829615 12.6435428595109 15.1634233577516 20.5047732243972 12.6143704645715 22.4896415822827
TCGA-AO-A0J4 11.4188779808308 11.292472640538 12.4772595424377 3 3 8.87357120293652 3 6.996194585387 12.5761823103593 14.3357278811766 20.7148592729637 13.074100089386 23.2899558346791
TCGA-A7-A6VW 10.3120070582262 13.1773532213212 12.78015613851 3 3 10.7437418354547 11.6364733700823 7.8422645863552 11.3295222134836 16.7611731875062 18.4134673089873 13.036379062981 21.489786433878
TCGA-E2-A14Z 11.8405239593088 10.548383528823 11.7314243456248 3 3 3 10.0086401575916 3 12.1251249826177 15.3482875050262 21.3866013370323 14.535199489358 21.8963035368549
TCGA-A7-A5ZX 10.0677136735204 3 9.95921282141435 3 3 3 3 8.57566595432904 11.3465237358387 14.1937770348778 19.5413877099217 15.9863486945682 22.0496125146368
TCGA-3C-AALI 12.5344894831262 10.8271545901357 12.7468036231276 3 11.5942279319343 3 3 3 15.2103302465536 17.9418489866963 20.9621470832623 12.8917720047573 21.2013762846403
TCGA-AC-A2B8 9.37291225928042 9.65800123629014 10.2555240747244 8.81785986331826 12.1528485459975 3 11.1056278234532 6.94072277939554 11.148159278806 13.8460616776209 20.7361604468249 14.1337890354114 21.7854383124822
TCGA-A1-A0SB 3 3 3 3 3 3 3 3 9.52462169249613 13.1912518065857 16.3462480283205 16.0887831822602 23.808419841416
TCGA-E9-A229 9.50804033511037 3 3 8.95224852206099 3 3 7.70838731286213 3 11.9501119564441 13.7072091119426 20.3512482632356 13.9158497147382 22.1995302278425
TCGA-D8-A1JC 3 3 3 3 9.83000195526802 8.80442484405707 8.53573914905399 9.65420553025865 12.0472131698529 15.6327526204046 18.0516944969063 13.591894002726 21.8013634379077
TCGA-A2-A0D1 13.5391322768735 12.2438264210328 3 10.8113306722627 3 3 11.1184199261352 12.4434482097251 10.6605511153225 16.6745146000074 18.2851410368665 11.498615889571 23.1210574903898
TCGA-AC-A2QJ 3 3 13.0812642810335 11.8920098048682 3 10.3105639825037 3 3 12.6568055301327 18.2430962619499 20.0713786263486 14.0707572607222 20.534850477281
TCGA-A2-A0CK 3 10.3689267209896 9.97410111086974 3 11.8699272695715 9.52180982640784 9.82964893504126 9.16530765906969 12.2979861953092 15.4308230203353 19.6074655006245 14.0677394045395 21.7115716862284
TCGA-AQ-A7U7 10.0058792230018 3 9.89741543151922 10.4396007960443 9.48380530195858 3 9.1747395523658 3 11.2844103228326 14.9612888264204 21.2330012718812 14.0738352758969 21.5551820459927
TCGA-D8-A1XU 10.5586514148319 9.85176876692886 10.4499064385839 9.99895831115348 10.0350065796202 11.79567960078 7.76505608798653 10.2187961183918 11.5768929344669 14.0415421554042 20.7033831807066 14.4257885348108 22.0001304817323
TCGA-D8-A1X8 11.369642146024 3 3 10.2266322151114 9.272085565432 3 3 7.34146559707927 10.2970721107605 13.9952626024118 21.1648971212172 13.8596436290655 21.4197108120031
TCGA-A2-A0SY 9.92110651400701 3 10.8062650667128 9.36343811069661 3 9.360908992968 3 7.46421413207448 8.63860925161868 16.1975511017957 18.933737323398 14.6104683921113 21.9869881420486
TCGA-BH-A42V 10.5994207309426 3 3 10.0396260273416 3 3 3 3 11.2039569353784 14.7681463020646 21.30945293351 15.1317441179996 22.2025528512192
TCGA-A8-A08R 10.6870924562462 11.557117713369 10.5782961753445 10.1270887333769 9.17319168895659 9.13484880474527 3 8.20782331345998 11.7056657072928 12.4558026194662 19.8083971336437 12.8694028961235 23.3248152907056
TCGA-A1-A0SH 3 3 3 3 3 3 8.19280171166926 3 8.72061348181565 13.7672885689071 18.3106842059027 14.5560922059898 22.4573885544948
TCGA-AC-A2QI 11.3623120283639 10.0719665049324 3 3 3 9.22645204930919 3 3 10.8015710619996 14.7840790169645 21.6104727276164 14.7468884025924 22.1558711298314
TCGA-AC-A2FM 9.81704432307477 3 9.70870405425652 3 3 3 8.98713670594503 3 10.9695940304581 15.7479987989084 17.8699713570843 12.0535883170772 21.0003094920128
TCGA-AQ-A0Y5 13.72889888447 3 3 9.37483958241294 11.7190342602706 3 9.10187256800328 7.47523435618573 11.7940754656214 13.6952358384439 19.6229460358796 13.431451610582 21.6688557573388
TCGA-BH-A1EV 10.0668422235368 3 3 3 3 3 3 3 10.9320884817211 12.0251297708146 18.7507696487867 13.052539974254 21.5152282035868
TCGA-AC-A2FK 3 3 3 3 9.62910075226822 9.59060991512356 3 3 10.173625506945 13.1090902587514 20.2328066186431 14.9045365040625 23.3533225446301
TCGA-A8-A07B 3 3 3 3 3 3 3 3 3 14.5576400298894 21.2308812488809 11.4388383468604 23.5491599832008
TCGA-B6-A40B 3 10.0985863584208 3 10.8277589699878 9.2913003093073 10.2434246989066 10.2909655667794 10.6172455840877 10.965195633592 16.2897991208161 20.7369608018135 13.6514232687248 21.7824627809914
TCGA-AC-A2FB 9.74626911404069 11.6096732293687 3 3 9.22516738789163 3 3 7.2963044229631 10.6102980753229 14.5069354163985 19.0193306718738 14.4550451404161 22.5375605378782
TCGA-A2-A0CP 3 3 3 3 3 3 11.002776949554 3 3 14.5043752914122 19.864224649972 14.4738746016441 21.9232079689332
TCGA-BH-A0BG 3 11.9855567944656 11.5888672412304 10.1413742980518 9.18738126959567 9.14903304127817 10.1863497156825 3 11.7902458023817 14.2463362647507 20.4756064176228 15.727950410417 22.3816597426828
TCGA-BH-A18K 3 12.189863071002 9.80277863611963 10.9267057072131 3 9.35102429346104 8.10180137880161 9.40445281352106 13.8669080244943 15.1137156304906 21.5325204533136 13.3978554498312 21.6048439898564
TCGA-A2-A0SX 10.7284057456737 3 11.2021090649296 10.7499231381177 3 3 8.90587087373928 3 10.0179273880295 14.9361993599064 17.4067801111941 14.2318996264417 23.0113852600232
TCGA-A8-A07F 9.53073181360007 3 3 3 9.99934838350519 8.97230295258183 3 8.04751453319009 10.0336544947563 13.8040951806189 18.9772661046954 13.298920145272 21.2925812693391
TCGA-BH-A1F2 11.9681577646386 10.937488229281 11.5378856145913 3 3 9.09864932169097 13.8915878589094 7.21157034358395 12.8369806007998 13.0704370075976 21.5580851980275 13.6564534876187 21.1273567637555
TCGA-E2-A1BC 11.0802291669125 3 3 11.5154924354126 3 3 11.560661866289 8.59326093960708 13.2997986199159 11.0466719569044 21.630041612147 12.6337244258208 22.7574987886958
TCGA-LL-A440 3 3 3 3 3 3 10.2346522232348 3 9.77842726095757 13.958063559258 18.7298576103462 15.0292558324695 21.7286161319945
TCGA-BH-A0W7 11.6884692479284 11.3925500023613 3 12.8601428969096 9.58806471198193 10.5418641664269 9.27872741634631 8.61786206414401 12.889193664615 15.2365464524911 21.2860352499723 12.9896498196475 21.502421225808
TCGA-A7-A3RF 9.87115400822797 10.1571653462868 10.75611861882 11.621030174134 9.34956284491918 11.8808989269345 3 8.38197052530015 13.1148706530198 15.6066849964867 21.3009885563714 12.0789793393008 22.2993432551149
TCGA-AN-A0FK 10.0426560743863 11.3244243124009 9.93417004957424 9.48452991624078 10.5125788942784 3 3 3 11.8225277327117 13.1691670981357 21.4722236999464 11.4964751705601 21.9755204091142
TCGA-AC-A2FE 3 3 3 3 9.19628078028505 3 10.195310898722 3 10.5811674855749 15.161970661244 19.8029621659895 13.6291474341029 21.5631245434146
TCGA-GM-A2DD 3 11.6463490234162 3 9.80412332109751 12.1519502987595 11.7918536453643 8.54573820723664 10.8489449658522 13.3037714636941 16.4084114553287 19.4887009463728 14.2977445254722 20.6487630423838
TCGA-D8-A1XD 3 3 11.1022991791227 3 3 3 3 3 9.50749766017349 15.1730165627243 17.0275019645089 13.775816914496 22.4608574477799
TCGA-AN-A0FZ 3 9.72040436385336 3 3 8.9154996090237 3 9.9123867758096 3 10.9318907741861 12.1945488792291 18.2211469651744 12.9415660754926 20.9469101654132
TCGA-A2-A04P 11.4846030639376 14.0914041648948 10.3799101071232 9.92911336000412 10.9593628032569 9.92657414739711 9.65497669139755 3 11.1857361159568 16.4693816476233 20.1333216136961 13.4594564606099 21.9458015184492
TCGA-AN-A0XT 3 3 11.1205324441175 3 9.71150371230788 9.67299077257219 3 11.1772855163336 10.2562854300887 14.5837910573509 21.0026407360394 12.3532783601918 21.5337034383969
TCGA-A8-A0A1 3 3 3 3 3 3 12.0540894726417 7.96697828476639 10.7239277539143 13.9839138531124 18.6603446359149 13.5902692107659 21.5972579652615
TCGA-A8-A084 13.5198242767127 3 3 12.3057021966775 10.5401664433977 3 8.25764146181148 9.88179806625527 13.8689088756671 14.8334768538193 21.7395273995094 11.9505531587018 21.2692590058673
TCGA-A8-A0AB 11.0097361323342 9.72114966260079 9.32788976436237 3 3 3 9.59419440675434 7.95463107358128 9.45780314180607 13.0872485256228 17.6672590398438 12.8564345562498 23.1824753604347
TCGA-AR-A1AM 3 10.1622423608645 3 9.31873376060211 3 3 3 3 10.3801342497365 14.2902145439486 20.7448672960528 13.8937353853549 21.7820413655903
TCGA-BH-A0B4 3 11.1709158519202 3 10.3233485455657 11.9385469916307 3 3 8.40039983871007 13.1027339323526 15.166215153545 20.0141973136654 13.9074945853474 21.3764773446547
TCGA-A8-A09I 9.10235396137334 10.9602136434881 11.2983720373988 3 8.58456829218756 3 9.2601669938562 9.17445284595494 12.6411933088685 17.3695145347452 17.7050514034808 12.6047410519777 21.2807631929084
TCGA-A7-A5ZW 3 3 3 3 10.6918969323423 9.66034771243272 3 8.72757994448396 12.3737289729986 13.9863010635619 20.4389467388891 14.6096178267169 22.1770363115477
TCGA-E9-A1R4 10.0361048380676 3 11.5046629032672 11.052134613532 10.5060137068842 9.47547089086748 10.1949695679029 8.54449216358244 13.1528059346308 13.4518491608337 21.7648928017948 13.3704497724492 20.7312144467698
TCGA-A8-A085 10.9101943116772 9.62218691928933 9.22923414576319 3 9.80516547458318 8.77981843471691 8.51122529842968 3 12.0222023090813 15.0672346393508 22.0194338497154 12.7181738244789 22.4293649794031
TCGA-B6-A0RN 3 3 3 3 3 9.61853220945281 3 7.71390112961936 13.0806680481129 14.7213854171128 21.359804120123 12.9237342602503 22.0663069814849
TCGA-AC-A2FG 10.4228075552245 3 3 3 9.89949506251872 3 8.6043581279074 8.51931566634062 10.9278697171686 14.7030528246597 19.5020919290196 14.6651001065998 21.9958556373163
TCGA-A8-A06O 13.256961966142 11.089900625699 11.2766257049232 10.8243486871594 12.4413373355425 12.2328464630978 9.55673953659291 7.35671813468645 13.8371927343253 15.7170783107368 20.5184365753344 13.0729385187801 21.3232552834017
TCGA-BH-A0BZ 11.7244216843023 10.0204075340834 10.6190168813866 9.17773111464466 3 10.165189471616 3 8.2476628318333 13.2037933910972 15.5944475646059 20.5518458138591 13.7170038718307 21.5404437714173
TCGA-AO-A0J9 10.1071935657097 12.7085898078471 10.993018086469 11.1234925503131 3 3 13.9578759443892 10.1798134546081 10.3904811813479 15.2727532880711 18.3382465575424 14.9335023181141 21.4019993397592
TCGA-D8-A27P 3 10.3145533117857 3 3 3 10.459532467406 3 3 11.3069449731367 14.0716668748201 20.40955013372 14.7752687462623 21.9739745085952
TCGA-A8-A07J 10.3335587730825 10.6201829716211 3 12.0858281224855 3 9.77194437467675 10.4926386765183 8.83820163406202 12.114856883558 12.2932047358347 22.2836173101801 14.1568594678226 22.393819957153
TCGA-A8-A07I 3 3 3 11.3099303314425 3 9.7314952749541 8.47654895759035 7.82379533368061 14.4274289845044 14.8943106118282 21.3313931506952 13.0973517080489 21.5987653025687
TCGA-A8-A08B 12.8109274200418 3 3 3 3 3 3 3 11.9275269061662 13.1919086584353 20.7343530224765 13.3828498999759 21.4154202201283
TCGA-E9-A247 11.6103680848214 11.897944370535 3 10.6355638529907 3 3 9.36921231083052 9.69381282519532 9.90393518604545 15.2171480150634 16.0426405606127 14.4579346603012 21.4874423487736
TCGA-BH-A1FJ 11.5224950136668 10.8132400562045 3 10.5479151415015 12.163993444739 10.9584740231513 3 3 14.9939102904798 15.0999218086046 21.8000889525083 12.0782564611119 22.2620774345914
TCGA-A7-A4SD 11.9802360845959 12.6824159666592 10.292300142779 9.84170349283765 3 9.83916559363245 3 3 11.9029890244095 14.2662074539244 19.8805551945369 10.5877181670206 21.1931660779542
TCGA-A2-A0CU 9.99313940294999 3 3 3 3 3 9.74030915796932 7.53361950572346 10.0150981642738 13.1193094545922 19.7379854483531 12.9080227311416 21.9095137774426
TCGA-BH-A0B8 11.9300616485685 3 3 11.3681299101672 3 3 8.53364327174195 3 10.6345822829277 15.5181545879587 20.2603780619685 13.3554532433128 21.2562378966455
TCGA-AR-A2LR 10.331983516693 3 3 13.4611209964479 9.80891128799053 11.3464988443486 12.0706687195717 3 10.0342532760938 13.6121683690549 19.5067772086561 14.8027445128303 20.7855871103527
TCGA-BH-A0HI 10.9691759872374 3 3 3 9.45295482632724 3 8.16423148534825 3 11.9145306703635 15.7372903358667 20.7203781499112 14.1518262406737 22.0540494637205
TCGA-AN-A0FW 11.7295214456046 12.338521845059 11.2066255480724 13.4117616680999 14.1997169775928 12.6214788028347 9.48727161156204 3 16.2530179777427 15.5995585649477 22.4090442563555 13.3524126876028 21.1410836832253
TCGA-AC-A23C 11.1874075367555 11.8887792751878 3 17.0731462762043 11.8808907999959 3 10.0900628627679 8.12753388824754 12.8538393745128 13.2654167065661 21.3414483996327 13.873504335394 21.2738122691324
TCGA-B6-A0RI 3 3 10.6816378042163 10.2302377382595 9.27566838498649 3 3 7.34491649361706 11.3953258489389 15.1081367123521 18.2675106668691 12.9580700658868 21.7204820044669
TCGA-E2-A152 3 10.4001387310258 3 11.5438542132565 9.59135197235808 3 9.28200642921812 8.62111624584398 13.09025668112 14.5295639251255 20.924543613736 14.0818547953312 23.7763006518987
TCGA-A2-A3XV 12.4370452499146 12.3104439048495 13.1342542045577 3 11.9109475582261 12.6781752265839 3 3 15.0303281905207 16.1563248272787 22.3536207208408 12.0848381146877 19.5470071407884
TCGA-B6-A0RO 10.7417470822072 3 3 11.4975723642343 12.3800676812084 10.1790767364838 3 3 13.5446847326776 15.7459120651214 22.5040462988157 13.6696161944412 22.2797580791857
TCGA-A8-A06T 10.4977330415384 3 3 3 8.98566216653346 3 3 9.00061357178513 13.5307571276067 13.1577486030815 20.7434529252821 11.8236588772779 20.5435550297078
TCGA-AO-A0JB 14.7284737873664 13.2101570241749 12.8129510560964 13.6801573605099 11.3979618129268 12.3569912424975 3 3 12.7924495097628 18.931427721579 20.8871583626498 14.1679992612169 21.3610270051643
TCGA-A2-A25D 3 12.9035123722651 10.9253972399085 9.4816881470894 10.5097207527785 3 9.20845947051524 3 13.6367978474709 15.0829100882648 21.5860301064934 14.1241196823165 21.6929446577398
TCGA-A8-A07P 10.9176441137377 3 3 12.3505328779215 11.7100272614896 11.3501887415194 10.0823694506044 8.4336127160449 13.1677118861591 15.9442542760693 21.4131583700377 14.2497896282213 21.7845206522604
TCGA-A1-A0SK 12.5421760116023 11.6097898563477 14.4314147231215 12.1720439841077 3 3 7.94066301241282 7.29641539840765 12.2428259592265 14.6996354183784 19.1490603977212 14.737009171695 21.292852232988
TCGA-A7-A3J0 10.4972418870624 10.7840400116724 10.9706127148897 9.93770732904218 11.2887681981894 10.5161954278602 3 8.02249325232805 12.4768659993975 13.9798279829638 21.4174814993473 11.4537295829442 22.052223677689
TCGA-A2-A04N 10.0160699320231 10.3022948830224 3 3 10.4859357397736 9.4555095472955 3 3 10.2992350207142 13.9719157869782 19.8809620923136 13.5155791944449 22.3702844598691
TCGA-A1-A0SE 10.8193429863062 11.1064307346533 3 9.26843492452766 3 9.26590792521791 3 9.63760715136015 11.7643935469545 15.560856875654 20.2650715077641 13.9083677111096 22.4254506641723
TCGA-A2-A3XW 3 3 3 3 9.49047497478956 3 8.20113436120113 3 11.2911336011681 15.9678519325362 18.4504467410144 15.8711563705345 21.4304014206751
TCGA-A2-A0CO 3 10.3366578591325 3 3 3 3 12.660694339244 9.13329760546825 10.5547116488452 15.9366981492516 18.9556681796288 14.2649204086003 21.8331185610107
TCGA-BH-A8FY 11.617438361374 3 3 11.0558481135069 3 3 3 17.692576549431 12.7750425408047 16.9377211071053 20.4274919988818 13.8172951836198 21.0805941098949
TCGA-AC-A2FF 3 3 3 9.17270782552861 3 3 10.2076536493761 9.54158633907812 10.012297497553 12.4915903217711 18.6149726133312 14.7620942327616 22.1102186972381
TCGA-3C-AALK 3 3 3 9.60362749798464 3 9.60109360715538 3 12.1663095607481 12.0249598963487 16.9764471012674 19.5497840185124 14.2230912017592 22.0055253013518
TCGA-A7-A0CJ 10.0430843799175 3 3 3 3 3 3 8.55137483299362 7.78558634029348 15.1686585285562 18.3489646683045 11.9953072677309 21.0662252173858
TCGA-A2-A0T5 3 11.2800926282432 3 3 3 9.4380309045793 8.18736514455721 9.08179475372403 12.8182840833467 15.0413211376872 20.4755655569906 15.6373717592713 22.279533799002
TCGA-AR-A0TT 3 10.4227062643574 3 9.57786607318838 3 3 8.32255722670199 9.62885484551002 3 13.9004549765283 18.803151988519 13.7740687271861 20.2216966929506
TCGA-BH-A209 3 10.910384989697 9.5225617513485 3 3 3 3 8.14564723865552 10.6454853933567 13.1686641902254 18.426220813825 12.9483345674821 21.0515086902312
TCGA-AC-A8OR 3 3 3 9.95287313052936 3 3 3 3 11.3789926615946 13.9310121140443 21.1295780205465 12.8093952636126 22.2811429378846
TCGA-A2-A04U 3 13.8662094144319 13.4688622737704 13.1850122659185 10.0610211220888 3 3 9.08675036115544 11.2820367033279 14.0036426734388 20.6796625391088 11.432124085606 22.7393008636003
TCGA-A2-A3KD 9.69385276630207 10.9738445181497 9.58560224032673 3 10.1629369765468 3 7.88938575551758 3 13.570825925836 15.0040696261502 20.9005381685732 13.8070391952849 23.3501352960827
TCGA-A2-A0ST 10.1788788033587 10.4653194570427 11.0649377343223 3 10.6490777836605 3 9.3467427723447 7.71314011637364 11.4581611526321 15.5277661845926 19.9304264254545 14.2958457476014 23.0087292347987
TCGA-BH-A1FU 3 11.4926483584586 3 9.65147146971343 9.68744333545426 9.64893671939691 8.39510919401673 3 11.6047459533741 14.9744229028412 19.8839292762766 14.4690597480042 23.1406345004275
TCGA-A7-A26H 10.4082465714703 3 3 8.86141517798053 10.4658595049244 10.8401338287447 7.61965834976352 3 13.6244075402679 14.6144328894888 20.0608488786034 13.9862555178768 21.7525273359516
TCGA-AC-A2BK 11.8435376754508 10.1389115863617 10.7378208213809 10.2863216704517 9.3314063272764 3 3 7.39864225288984 13.1565711697429 17.0162510222981 20.4894541396686 15.0247628475421 21.3545898745441
TCGA-BH-A0B0 12.4746105648459 13.2474404153297 3 11.1772643521311 9.6381949248793 10.5922446864388 9.90770099208331 11.2286081582229 12.1014126842988 15.2465500200064 20.8818774709122 14.2378887514161 22.3092841524894
TCGA-A7-A6VX 10.0917425668926 10.3780708101856 9.98322773591649 3 3 9.53090959225165 8.27879521861669 3 13.9718730993095 14.9058008806353 21.0090369445799 12.1782947013276 21.7771259182798
TCGA-AO-A03L 11.8355151078291 3 10.7298184731936 9.28759686654159 9.32346632733904 3 9.59236453004555 9.91747503757327 12.6218517573328 15.3535350149705 19.2069352669417 13.3551409913317 21.18342284368
TCGA-A8-A07S 10.8767150469775 11.1638479291994 3 9.32532415177676 11.3479830545333 10.8956928256199 8.07405975134125 3 13.9808716974194 14.2297988028331 20.9877953655384 12.6045233720572 20.6545845990791
TCGA-C8-A3M8 11.1010528309408 3 3 11.2740786146318 3 3 9.68493622989757 8.04342556698049 13.5518409072467 16.0008812847955 21.0278090039852 12.6073525911219 21.7580125417778
TCGA-A7-A0DA 3 3 3 10.8707111298995 3 3 3 8.366491328496 10.5508330430126 14.0578367702765 20.6770068316379 12.8396305628815 23.657060336781
TCGA-A2-A3XU 3 10.5423940716372 10.1472552795273 3 3 9.6944822073263 3 3 11.1217062307836 15.8276144143339 18.5319050545307 11.5534962060043 23.8034532394658
TCGA-AN-A0FY 10.4831687083967 10.7699526431062 3 9.92367144202079 3 3 7.69202319719061 3 11.349640243263 12.2511240687391 18.5808699674009 12.4198628203801 21.7252553484943
TCGA-4H-AAAK 3 10.5081099108021 3 9.66288266356859 3 3 3 7.75455329855686 7.95925829319011 14.98594543887 17.329659127497 13.2421966126541 22.5006563968744
TCGA-A2-A0YM 3 3 9.57892581903184 3 3 3 10.4264952951999 10.7529435735357 10.9640575115724 14.8492639491661 19.1098720282316 12.9498097687026 23.2459798714464
TCGA-C8-A1HI 13.6107647653601 10.734949864393 9.34838500637996 10.4696974934295 13.6142620952834 13.7817230334706 3 9.93989028902696 16.8144123531653 15.976268387535 22.2716549876534 14.8244967008545 21.3860405119338
TCGA-AC-A3HN 10.4665390152305 9.75997702501822 10.3578337475648 8.91905730956122 3 3 9.63298804779727 3 10.1686248573635 15.3318463640285 19.7944467502207 13.8563755637158 21.881775265278
TCGA-E9-A54X 10.50196396375 10.7887668186377 3 3 3 3 3 3 12.2839650215239 13.4613234668297 20.4597907876811 10.2760684469349 22.2484801011672
TCGA-BH-A0H7 11.8336412824213 11.7071392094733 3 3 12.1134224985358 3 9.01300943298394 9.91561264382376 12.7802478662423 14.9670779247437 20.3937146037091 13.5635345814003 22.4273217996285
TCGA-A2-A4S2 10.3890907440737 3 3 3 9.86586568933947 10.8209484578221 11.1305970273361 3 12.6060757085477 16.2776577676912 21.5052343318947 13.050730589994 21.753709223442
TCGA-OL-A66L 10.419455568139 3 10.3107715976358 9.86013174532062 3 11.4342385552686 10.5785897841931 7.94673329037654 13.1568648898033 17.7436950899964 20.4222237974565 14.1642016152515 21.1706826734975
TCGA-AC-A6IV 9.86194921504569 12.1402966148564 3 3 3 3 12.4709779871921 13.3611325772506 11.0147165685173 15.5974021330214 19.4382135026486 15.0747013206179 21.4352280022943
TCGA-D8-A1JH 3 9.68790275354358 3 8.84752746961036 8.88323307230351 3 9.56097710193464 6.9689728680616 10.899210345917 12.9383468595939 19.1272653471746 14.6035921469657 22.4007811493971
TCGA-E2-A1IF 3 3 11.6243164792538 10.5892083667707 10.6253508269713 3 10.6342680808018 3 10.851503946658 14.6353732175187 20.1039140694547 14.2562476645662 21.7199756298041
TCGA-BH-A1F8 11.5889426751185 12.4604478978592 3 10.0329063727636 3 3 3 8.11559072634872 11.5372104122771 14.5062003822415 21.1164952671085 12.8189681666316 19.8299676428039
TCGA-B6-A0IE 10.8993087096814 12.183980613424 11.3732257268233 10.9208374060581 9.3836210505664 9.34520405781123 9.07483533399308 3 14.4141638998218 15.0693590809607 21.0614942209806 13.0520238755117 21.2684396981256
TCGA-A8-A09K 11.7358828478976 3 3 11.9091207852358 13.2067012025333 13.4895227883781 3 3 14.7308031780021 14.7581221526172 22.1601833814919 11.6608144003328 20.8424847710862
TCGA-A8-A08S 9.76668626625853 10.052529724164 11.2337910849294 10.1998780182127 10.2359627565484 3 3 3 12.946894187108 15.3346816067919 21.3972926935007 11.6452079377575 21.4133337317397
TCGA-A8-A08G 9.55328858899202 11.8292647860184 10.4368477432946 8.99726418021207 3 3 3 9.36555091036064 13.5244296896649 13.9643153162582 20.1045659383872 12.8004970601985 21.5639538644368
TCGA-A2-A3XS 3 3 3 3 3 10.2338449162596 9.96177221861357 7.35080400281861 11.3022681164606 16.6392055871079 19.0495288094246 12.8702306104477 21.4324209018182
TCGA-A2-A0CQ 11.8648126076271 12.1524970337924 11.3417834866351 3 13.979270567026 12.4677744588238 3 10.1673162902998 14.1324162054579 15.5561916075163 21.119211497647 14.1446544767732 21.7001450948091
TCGA-C8-A12Q 9.67897394142847 3 9.57073478188032 10.6934300541325 9.15815397871188 3 10.8311930368805 3 12.9811657923713 13.3327005181903 19.9220588692727 14.0756705792185 21.542036725197
TCGA-A8-A07Z 3 10.7763921267309 10.3808862397062 11.5071410610958 3 9.92754810393857 3 8.99256491340182 14.4860386514637 16.4479977606625 20.9159270923984 12.9926814060967 22.5285197722564
TCGA-BH-A18U 10.9202827442413 11.7907833875824 9.81781252095911 11.6764294339708 3 3 3 7.46914284184719 13.5696636959015 14.0512366278757 19.8332385724562 12.8041538658283 21.4077125055491
TCGA-BH-A0C3 3 3 3 9.60409181835924 10.6328010544727 3 9.90956104054903 9.24481644706318 11.6636488533208 13.9269418875427 18.9662749318534 13.7895894372491 21.2594820261524
TCGA-AC-A2BM 11.4683792843376 3 9.78314938195309 10.9069797886745 9.36987319057104 10.3224753317091 3 3 13.5577782346724 14.168209817583 21.243316642681 12.4150123308842 21.5458429502626
TCGA-EW-A1IY 9.54854686480977 3 9.44041251997987 3 3 3 3 10.0322903518976 11.5590131750252 14.4067906456079 19.2349128850568 13.6366263912536 21.4785132890838
TCGA-A8-A07G 3 10.1294368524994 3 3 3 3 8.03554193211143 3 12.118614322311 12.1216881814078 19.1174124812882 14.1690096559105 22.3664714146593
TCGA-A8-A09B 3 10.1529904063816 11.7485833524251 3 9.34541003812961 3 9.61435506574485 7.4121520916957 12.6010287437102 16.213358850975 21.0489240707548 13.1451700363854 21.4252800350735
TCGA-BH-A1ET 9.19286376898133 3 3 8.63890991988806 3 3 9.35081105667018 3 8.8976147321252 12.1418793601459 20.4773861254566 13.6470933275531 21.0610293445172
TCGA-A8-A08L 12.0090958278405 9.98405152047922 9.59007077877681 11.709434120204 9.17742236928669 3 9.85688469717295 13.5658092303452 13.1931558167969 15.2948251698845 19.9094713880601 12.1723329646821 22.8225119635117
TCGA-AR-A24P 9.60516234315606 11.4675553719101 9.49698133553915 9.04888005970062 9.08466685507979 3 7.80291785994604 11.5417493886217 13.6133190211013 13.0174077322209 20.0694303121654 13.6034074266293 22.1739601591211
TCGA-AR-A2LH 11.489506191174 3 10.3847974680401 3 3 9.93145062788062 3 3 13.186927858813 13.7745553781125 20.2481616911562 14.5563935215249 22.7902243458923
TCGA-A1-A0SP 3 12.2447333640622 3 3 3 3 9.71290873858922 7.50716322988132 9.6685635417864 15.1302004209195 17.4998712384755 16.1754720587235 22.7933209276865
TCGA-AO-A0JL 12.2962548344701 11.0028760866609 3 10.1558047933816 10.1918819609293 3 3 12.5210635640311 8.44275587203712 17.6977347996308 19.7227736445948 12.9571264077791 22.5121335036542
TCGA-AR-A2LE 10.3718969366903 3 3 9.8127076517628 3 3 3 3 11.068747041728 13.9151873161175 19.7550083803857 13.9439953735072 22.5165281411743
TCGA-E2-A1IU 3 10.4019430835548 3 3 10.5856573145875 3 9.2837982099598 3 10.3988819177828 13.7727238924775 19.9650012854325 14.1009391277069 21.3465717672839
TCGA-BH-A18H 11.4832331858268 3 3 3 3 3 3 3 12.7660195195217 14.9694346773303 20.5291672638624 12.8384824720907 21.4043475370674
TCGA-BH-A18P 3 3 3 3 3 3 3 3 11.3938122091976 14.9999370103296 19.3494855070886 12.9151191540792 23.094925642392
TCGA-BH-A0BP 3 11.725858152071 3 9.88313193051517 9.91915674756812 3 13.2958088334537 3 13.4573593522294 15.1557222959077 21.3658270189972 14.1461851451837 21.1648790722844
TCGA-A8-A06Z 10.4387437156003 3 3 8.89156885531151 9.91539059958079 10.4576929196961 3 9.25946260195527 13.5578293694585 14.2552923181026 20.2734954766491 12.0359774072407 21.3398730995842
TCGA-A8-A07L 9.91287511778069 12.5130014711945 3 9.3552391249493 10.3825093814194 9.35271018459334 3 10.8547049693252 9.93482401469607 15.3592970382223 18.8752188409165 12.0609673081858 20.8240353759096
TCGA-B6-A0IH 3 3 3 3 3 3 10.5733879978786 10.2255491834898 9.70483636854921 13.1806895837833 18.8920904037284 14.460319716455 22.756423751427
TCGA-A8-A09D 11.0882253213935 11.3755099063596 3 9.53521024343661 9.57115215270973 3 11.7058244523244 3 10.7896523066234 14.6346475092762 20.7819906854418 14.5810253712996 20.9878754723101
TCGA-GM-A2D9 10.961000800369 11.2481968148887 11.848983913654 11.3961440103618 11.4323662909413 3 10.1255870318327 3 11.8285042143025 15.3141168354788 21.0888040135408 13.3140427214479 20.7350678304105
TCGA-AO-A03V 11.6023403063818 10.3110199613455 3 9.46672160586064 10.4946674471807 10.4559969787783 9.77190516125965 9.10786946584444 10.3079599812782 14.228506752276 19.515960872353 12.4514354327056 21.4511728350532
TCGA-A2-A0SU 11.2549638768896 3 3 3 9.73680890866155 3 8.44378552418302 7.79146745855421 11.6544610782101 14.2171565154349 21.6193283420435 14.072894206906 21.4772482289732
TCGA-BH-A0BQ 3 3 10.2652145330673 3 15.0084130159827 9.81214476234759 10.8533523279715 11.8564436134921 14.0883865701321 14.791308540771 20.8535175769544 13.6127530562027 22.5829870513406
TCGA-A2-A1FW 12.6425172561993 3 10.5391411327693 11.0826985676321 10.7055863740982 10.0854689420153 7.85158535526799 9.46721283307448 15.7161680059382 16.7670027859382 20.4843392704882 12.95922888039 20.9534978993493
TCGA-A2-A3XZ 13.1566740745437 11.1268967644567 12.31136919402 3 3 9.28618290795399 13.0392666131761 8.93046995845799 13.9267433534278 16.3848957827648 20.1603593253419 13.8294143166534 21.7568855486844
TCGA-A2-A0EM 3 10.2460391617515 3 3 9.43798030680043 3 8.14950776473187 3 12.1105059532364 13.9153229969375 19.6445650884302 14.1215844512653 22.55923843215
TCGA-LL-A5YO 12.1339830019855 12.4217628497788 12.0248377854848 3 3 3 3 8.077982072395 11.2513955244586 17.5462505277727 20.3185779058473 13.673718076499 21.6548616064369
TCGA-A7-A0CH 3 11.5010571126951 11.1047277144115 10.6526681367864 3 3 9.38619580062856 3 12.9105275155914 15.1296598037606 21.8889420238036 13.9416636364868 21.9285237889396
TCGA-3C-AALJ 3 3 3 3 3 3 9.51516631376254 8.85264667775629 13.2885717262319 14.4760356299688 20.0893899755281 13.2287145466281 20.3787560790974
TCGA-A2-A0ET 3 3 3 11.0279132255387 9.08018637607858 3 8.77237733314972 8.11610336383965 12.8110909064529 12.8755006446374 21.1761392661964 12.2993573114682 21.9520470383789
TCGA-A8-A076 11.6513411764412 3 11.5422762780726 10.6764369006849 11.1259073007137 3 10.4012899629862 3 12.7419549373304 15.7017449198527 19.9863819127435 13.9723883401828 21.8048188187206
TCGA-B6-A0IK 3 3 3 11.7076305530233 10.1656256924904 11.7050764419521 11.169523894983 12.0802900888892 13.084529180032 14.8191982462285 21.5004892661713 12.9592546650378 22.8107946769217
TCGA-BH-A0BL 11.6137917485461 12.2226941605045 3 9.06842020990361 3 9.06589815380313 11.2343537699374 7.18014246189516 9.64670633187164 15.1313316873597 17.9697408888509 13.3637690609349 22.7334446032501
TCGA-A2-A0D3 3 3 3 3 3 10.2584695549261 3 8.33918141767565 12.6044409291602 15.1034933488402 20.2623381471056 12.5071895505741 22.1283369269844
TCGA-A2-A4S1 3 13.1364867055995 11.1577103813699 3 10.7417379046948 3 11.7473053965701 3 9.97372415714455 14.8136771694952 19.5368972121308 14.4800342369056 22.3060830907751
TCGA-AC-A3TM 10.3404050792815 3 10.2317584655665 3 11.8076834160891 12.3527420013267 10.0871070408096 3 14.3176460340328 17.9271952024967 21.8692205640694 13.663108148543 20.8778037740402
TCGA-AN-A0XP 9.86849992714691 10.1545071490961 9.76012438272422 3 3 3 3 7.41360785414263 13.7665849457778 15.4950922599375 20.7828264641534 10.7137387268314 22.1351885063362
TCGA-A7-A4SB 3 3 3 3 3 3 10.7540216745379 8.11764243514691 3 14.1392228895693 18.6382278941453 13.0741080299184 22.7229677855937
TCGA-BH-A28O 3 3 3 3 3 3 9.08271058867861 7.45666732116704 9.61623103445586 13.328117840818 18.6313297241822 14.6078190458224 22.3966935167106
TCGA-E9-A22B 11.7647838028454 3 3 11.7863530477621 11.8226005657476 10.7870682175212 12.0940498525558 9.84718564328069 12.7113158433367 15.3130261650063 21.400738978188 13.5746851737459 22.17626637331
TCGA-A8-A0A6 3 3 3 3 3 3 10.6524971270288 9.98489916585795 10.9985000361532 13.6224469212375 19.2997631495801 14.4723240214869 22.8107261737926
TCGA-AR-A1AU 11.9761864326377 3 3 11.7352923129173 9.46275375442395 10.415887902485 3 7.52553439752706 13.7828655463673 14.0277898062633 21.5109540916148 13.7469059808146 21.625510077769
TCGA-C8-A8HP 15.228494636043 12.5797260618364 11.5990100430755 10.1514716389245 10.1875480495774 10.1489294227995 10.8708278656421 3 13.312860348334 13.9935847422462 21.1011245076286 12.8635925822648 20.2059222426681
TCGA-A8-A075 9.98105950014754 3 9.87261103669396 10.9968714793822 9.45907117288772 3 10.139879309676 3 12.4791749018676 13.7441072540397 19.587125726545 13.4560867789675 21.058561874034
TCGA-A2-A0D0 10.2467681282953 10.5332917709077 3 9.68795468446182 9.72393546367355 3 8.43108958299177 3 7.98377100527205 14.7889248181066 17.1042426874151 13.316924854762 22.277403084763
TCGA-BH-A0DS 16.2495762527074 10.6621701542249 3 10.8098848244525 16.1067200132845 11.8041120606409 10.5346063179809 11.6658712100888 14.7678416291833 14.9773159719983 21.4786646830112 14.7249211210217 22.4950813719425
TCGA-A2-A04Y 3 13.5707841380752 9.60220689406611 3 9.18951651081102 9.1511674828525 7.90560116849206 8.22393083314565 12.5280693113581 14.5703097947061 18.5235041110046 12.8401837075533 21.0775046200227
TCGA-A7-A26G 3 9.772773063546 10.3706700349872 3 8.96750043233254 3 9.9648168248651 3 11.3458429018486 13.2461338804126 19.1778761266857 14.4924493092329 23.540612331007
TCGA-AC-A23H 10.6731381788398 10.9601024497048 9.57194936744814 10.694651619735 11.4650536205561 10.6921037486664 7.87605622210086 8.76594865335071 14.8744342808371 16.3049370447281 21.9624565804838 12.6968786474767 22.9284173836775
TCGA-AR-A5QQ 12.4623403137443 11.7518890833947 11.3553582044722 3 9.94503508154035 3 8.64934746223778 3 12.8624871137947 15.1273727922934 20.200411620534 13.6186227313256 22.214463445249
TCGA-BH-A0E0 3 3 3 3 11.2829226667564 10.2489104914799 3 3 13.1506274165451 16.3864598390959 19.7029615237848 12.3172745398376 21.5734847102051
TCGA-E2-A1IN 3 9.80948719962593 10.4074976844219 8.96820883547182 3 8.96568952594007 3 3 11.9663001934449 13.723420313503 20.8726776116279 13.89326310476 22.1125256807778
TCGA-E2-A1IO 3 3 3 3 3 9.36863077592894 10.087634415622 3 10.4329007035678 14.131856626656 17.3848327381646 14.3595444113145 21.7737944685064
TCGA-BH-A0C1 3 10.1310530623935 3 3 3 9.28519310503741 3 7.39110364758955 9.54818104737548 14.1917300810905 20.1105624255465 13.41363915942 22.7801870388435
TCGA-E2-A106 10.9880195794702 3 3 12.2287434586815 9.47165886677852 9.43321393538581 3 9.07699355263123 14.9117220977157 14.7564146988036 22.1922001341543 12.494040815118 22.1648371457964
TCGA-AR-A5QN 11.2663526376781 3 3 3 3 10.7026972272343 7.88633978360058 17.8105803944831 10.3855538295512 14.6878453904775 20.4697760753585 14.2800995620459 21.3962168343879
TCGA-AR-A254 9.58527906422337 3 10.4689941530007 3 3 3 9.33316295544518 7.14244526400025 11.9172220267906 14.7068490239794 18.9954889722955 13.3540096196261 22.2460991135498
TCGA-B6-A0RU 9.96623797554984 10.2523918828788 12.8468737580145 11.7166711295847 9.44430146628886 3 3 3 10.4703698965865 13.9217144474436 20.4457704490525 14.4034986681847 22.8652731004978
TCGA-A2-A3XY 12.2723086611571 11.3402845329509 3 3 3 3 10.6299398595806 7.04119775801952 10.1728550313627 16.0584613807275 18.8292409319695 13.5662387715917 21.1771499514823
TCGA-BH-A0AV 3 11.1524840993594 3 10.3049684291476 9.34994098100269 3 12.6648138212564 9.36494560357425 9.16457881387438 13.8262715968778 18.3399631124148 13.8115133381004 22.2387278656499
TCGA-A1-A0SG 12.5456444898768 11.8351201388636 13.0207173568043 3 10.4400670482558 10.4014050087779 3 3 11.3637792578306 15.210773757159 21.3921710554217 13.4452507574254 23.4128020882322
TCGA-AC-A5EH 3 3 3 9.61965709814955 3 10.609755750149 3 8.68475332731608 11.0438601722611 14.7788386305226 18.5268734536567 12.7950698692369 22.6545240075426
TCGA-C8-A138 14.9734935504613 10.6834525339076 3 12.6340001256441 12.4481864009514 12.1467436806855 3 3 13.6128588462185 15.6766375957626 20.0632672306801 13.7862275893349 21.3420826321813
TCGA-AR-A251 11.9187581513337 10.2137707390549 3 10.6814035806338 3 8.38481871176222 9.09702474845884 3 13.3175478443992 14.2402394600493 22.2036032694597 13.0198325648893 21.4908520925882
TCGA-A2-A0EX 3 3 3 3 3 3 9.44325443403179 9.35740114293789 9.97825099744805 13.555763794562 20.1735171643892 14.1919272550295 22.307138628912
TCGA-AC-A62X 10.230711254287 3 3 9.67194843491101 3 9.66941332535943 3 3 11.7320286778509 16.0702014563732 21.8460210064086 11.8713740025547 25.2169698163275
TCGA-GM-A2DI 3 3 3 10.5537415452857 3 10.5511949432954 9.28798793210277 8.62705259628052 9.82239390010617 14.5356210867119 20.5105193467843 14.2519593221674 22.110044536005
TCGA-D8-A1J9 13.2528516611332 9.74606209005488 10.9258738567355 3 8.94097543946498 8.90272790897528 3 3 12.6381816542119 15.4108956929079 18.6896672937529 13.0143160861074 22.0170783811945
TCGA-A2-A0EU 3 3 10.9423668929972 3 9.53446987437541 3 3 7.59497848897062 10.5610550085457 11.6008371930888 18.8164725426701 13.1577175809186 21.5337302654252
TCGA-BH-AB28 10.1143818222356 10.4007399281829 3 9.55600303286361 3 3 8.30101742670618 7.6507154374938 8.82972683117366 15.0247915608321 16.4414109756088 13.6963088409113 22.1069243295778
TCGA-AN-A0AS 11.3086721659941 10.5998162123778 3 3 11.7803845925963 9.75166147284874 3 3 13.1754910713341 16.1285739102336 21.2074583869637 14.2738422090408 22.8714397121454
TCGA-A1-A0SI 3 10.9375976796881 11.124250919113 10.0907351496251 3 3 7.85423532709346 8.17220759068079 12.5155565564374 14.8580891091526 19.2291804264758 12.551982304049 22.9978246053329
TCGA-BH-A0B9 10.2606767746022 3 10.7336473410518 8.71561259183471 3 3 3 7.79243574255861 10.6590365393611 14.4659925317072 17.1224707575461 14.5858487906423 21.0634344143247
TCGA-A7-A5ZV 3 11.138562340449 3 11.2864729015341 3 10.2885422315281 16.0606593817049 9.35114482789667 11.5492482282138 15.7186103422635 19.7715830431428 13.6777108359889 22.9756212979399
TCGA-BH-A0HP 3 11.0591882822758 3 9.22164276374088 9.25749073571589 3 3 7.32741143598836 9.48195844921688 14.3762400437837 20.137363671937 15.0516808828608 22.7589103705819
TCGA-B6-A408 9.84396514164419 3 11.7254168504233 11.2726803333376 11.3088930987412 9.28408040892688 3 3 13.3655387695973 16.2735477263459 20.7703837126802 14.222680379205 21.0211864947572
TCGA-A7-A3IY 12.2223107240718 13.3572354881045 12.1131535014011 12.3368540538258 3 10.3409871418656 3 3 13.4571759221294 15.4191344078979 21.8073165190903 14.478573108583 22.0686710075264
TCGA-E2-A570 11.3387741469061 3 11.8131372621197 3 9.82012057680497 3 3 9.42434481696124 13.7358002201533 16.0012437277421 20.657846812632 13.1478590203477 21.83451376758
TCGA-A1-A0SD 3 3 3 9.26855692949081 3 3 9.57327726576413 9.31941897100939 11.7645168710818 14.364891602697 21.0424263760739 14.4164153160222 21.9274352460558
TCGA-S3-AA14 10.5931045716084 3 3 3 3 3 8.77227367746613 15.9928283711731 11.0984448342549 15.3071024977991 19.9497240217249 13.0227132488626 22.3176958195181
TCGA-A2-A4RX 10.7306013961332 12.0148294404974 3 3 3 3 3 3 10.7526291589334 13.2762360418062 19.0874126073167 13.1858352419094 23.717861125581
TCGA-Z7-A8R6 9.97057322892877 12.5710947751337 11.8528002360113 9.4127138865307 3 3 9.13965190206604 15.3116684988545 10.8354820057564 16.3517434520879 18.9036014209895 12.9208871676449 20.7357706267515
TCGA-A2-A0EW 3 3 3 9.3236736578999 3 3 11.0344247446592 9.69300668554136 8.59916830540194 13.1584002228964 18.6964906612662 14.864419005342 21.9803151893144
TCGA-C8-A12W 13.5684333442517 10.541564186846 11.7245844603918 10.6892181178451 9.73217419258443 10.6866702934505 3 7.78695801416763 15.8707630646177 15.5696610740067 20.7659079680064 13.1164638885247 21.0407348291175
TCGA-A2-A0CV 9.61526266940057 3 3 9.05893123950389 3 10.0455296537509 7.81275830673216 9.10969056777943 13.7444591313767 14.3746865799733 21.2350912462922 14.3018972797446 21.9894001680086
TCGA-A8-A09E 11.6727583472995 3 3 9.53653775337308 9.57248001850605 11.1085511939297 9.84186989889008 7.63182807846026 12.179267465162 17.3174303871905 21.6309522401764 12.3331732273163 20.8898799088428
TCGA-AR-A24N 12.2193470103439 3 11.1127983817573 3 10.6968794777464 10.0767846201856 3 10.1304702819251 14.6087516484731 15.2132927106885 19.3342177074524 12.4847270184336 22.0019610134713
TCGA-BH-A0HA 12.3031033716326 12.5909346762456 10.2013069449525 9.75093136036818 12.0983651394236 9.74839491198316 3 10.1213199598238 12.6466779780952 15.9111781138419 20.8668829530571 13.6594198182722 21.9190280755439
TCGA-A2-A0YC 9.61779906834726 10.8973427182477 11.0839756675153 9.06145535046643 10.6680920322631 9.05893347914946 10.0955686041392 8.1329218966219 12.6625701857783 15.7394867335769 21.1002025148965 13.4642655839937 21.5787585013424
TCGA-OL-A5RZ 3 11.8446347816069 3 3 3 3 16.0884725757278 3 9.85096591201017 16.9290485483171 20.5812933158443 13.0154460748891 20.9595506419625
TCGA-A2-A0CR 12.5735542628159 12.1255242481572 3 3 3 3 10.0059815735099 9.75135975620929 10.9557573390811 17.5824293975887 19.4918117255189 14.3288481840306 20.8914225820893
TCGA-OL-A5RX 10.1294750847702 3 10.0209387670633 3 3 9.56851142059601 3 9.62203097010314 10.6339739194863 14.1735389756028 20.0271220729619 14.1319907403904 22.1697387272595
TCGA-AC-A3TN 11.6118649329603 11.3159892076928 10.9198325862611 3 9.51208885285435 9.47363165113463 10.9962455883449 3 12.8542556845432 16.544236601049 20.539294983615 13.1191832380879 20.9508673484932
TCGA-AQ-A04H 10.6985809994324 10.9855676679742 10.5897803481133 10.1385508137221 3 3 3 3 12.9478726386345 14.3023636774596 20.8203767084994 12.2037807980293 22.3584172509423
TCGA-AC-A6IX 9.94050083686591 3 3 10.3740862234394 3 3 11.263354300518 12.5480933201131 11.5396828448309 14.2175580810761 20.3047672580446 13.975189772103 21.4489304254399
TCGA-AR-A0U2 9.72831357889037 11.591594497592 9.62003717266351 9.1714548078801 3 9.1689301198685 7.92301831894705 7.27910703126989 13.9233831547207 14.8512747814593 19.4196633757685 12.0481130462508 18.9857261937343
TCGA-AC-A3W6 3 3 3 3 3 3 10.3092149952617 11.0929701485831 11.0157833676751 15.4285769751859 18.8615871711138 14.2273102257318 21.6546821307326
TCGA-A2-A0ES 12.2681909453242 3 3 3 10.4253237852914 3 9.12476459953128 10.4404257551595 7.70069748603002 12.2345630878996 19.2081465574223 14.6557151561204 22.6554681388133
TCGA-AO-A03U 3 11.0312226788387 9.64261696479058 9.19395067708768 3 3 7.94508204441891 3 9.77283724832069 13.5121123036019 18.1100684805935 15.1120899517098 24.2469172971449
TCGA-AN-A0AL 11.1348601267744 11.4221752693945 10.0314414183991 10.5739659155536 9.61747177697336 9.57898416188535 8.32615528039639 3 12.8758518742612 15.7686673422233 18.2343168455022 14.7663778546252 23.1162470112744
TCGA-AR-A1AP 3 10.5611110796476 10.1659406878894 3 3 3 3 10.3472311443167 9.97690820624885 14.8757635288332 16.2695225599769 13.7392377698136 21.8415667070184
TCGA-AC-A4ZE 10.847302091843 10.1395371424349 9.74518781598717 12.9795492341352 10.3230466924779 3 9.60094508882391 7.39924241448959 12.0034721628735 14.6151555069414 20.2825290437321 12.1468330802875 20.96737849935
TCGA-E2-A15C 3 3 10.947148875598 9.5032863810417 3 9.50075438806741 3 3 11.2151362796733 13.3399970661536 20.9127953665434 12.9403322164737 21.9887988878844
TCGA-B6-A1KI 3 3 3 3 10.6571806999052 3 9.76541022117777 3 11.5440692388248 13.3668332024628 20.4711237618027 12.3468551347242 22.9871083023908
TCGA-AR-A24T 3 10.052529724164 3 9.20965764941622 3 9.20713203233828 7.960491181953 3 11.2656290297354 14.1797461134961 20.8075359506368 14.4011255196666 22.1025256177415
TCGA-AN-A0XR 11.196774097902 10.4881516984787 3 11.2183195410387 11.2545278516891 11.6295917228442 3 9.6940250435578 15.05226284697 17.1916656837782 21.2702884899278 11.322745866376 21.9118832961919
TCGA-AC-A62Y 10.1306894941585 10.4170688221118 3 3 3 10.5621077873361 10.2896275157244 3 13.9911946676484 15.7307429884097 21.1093717623911 14.2473354846953 21.6731578751022
TCGA-A2-A1FV 12.636395120654 9.93466789115958 3 13.826919289291 11.1127872802208 11.6572175188845 10.1268878053062 10.7146031651786 14.4121294275094 13.7716486222555 22.7002369952741 12.9531052299832 20.7590280305743
TCGA-B6-A0RT 3 3 10.6116514385247 10.7419771510902 3 3 10.8797612400851 3 11.8093435563493 14.8897540840441 18.9938206774869 12.9326127404265 21.5106175300273
TCGA-AN-A0FN 10.8288498171112 3 3 9.27786042570411 9.31372677571949 3 10.7963691221946 8.34656485860184 9.85712006957102 13.8770375001104 18.3805182108188 14.2268147371208 22.3807972238424
TCGA-A2-A25C 11.1723162713631 10.4637473726679 3 8.63332467410676 10.6475046287523 10.6088121936657 3 3 12.7271937451554 13.5269189634772 21.5094910017334 13.4784994823217 22.154790409186
TCGA-BH-A1FG 12.3260960223499 11.8781951938065 9.90466263968974 9.45511238646944 11.0652621729865 10.4443216078446 3 7.55290388350034 12.1640702188554 14.7760017026774 21.5350016024528 12.946054058338 21.2785378741982
TCGA-BH-A18M 10.9539532170699 10.2459043049468 3 3 3 3 9.70698074417974 3 9.9817145406729 14.0026062099376 19.1967226890822 13.5177141330793 21.6489408089118
TCGA-AR-A24M 9.45078946255656 9.73604445666022 3 3 9.91915674756812 3 3 7.01452282568535 14.2948504589836 14.2590883340486 19.9603814937985 14.3043810916164 21.7198596828583
TCGA-A2-A04T 3 11.7542087474129 11.3576761637519 10.3233485455657 3 9.32980007109457 10.048614467111 8.40039983871007 11.4887715856614 13.0152928352377 19.8315562545362 13.503840282837 21.8196042900767
TCGA-D8-A1XM 9.44123619572103 11.3023224214588 3 11.1880769856886 10.9035601774417 8.88328442400502 7.64346676615039 7.00545855281969 14.3541105817717 13.2988907624044 21.161082084955 13.9938517840619 22.6739402338158
TCGA-A2-A0YI 9.65553203798419 9.94118298103277 3 9.09900803317505 9.13481334009859 3 7.85200900036491 3 10.5191641879912 13.4158781537809 21.0965654563361 14.2557895770931 21.0153213678818
TCGA-BH-A0HY 3 3 3 13.2934696244942 3 10.4904496080922 8.24683164527497 7.59734779571024 13.3643164152245 15.0149741088257 20.8117392323984 12.4345770104021 22.5143702835615
TCGA-A2-A04X 9.91170309228762 11.1928544168779 3 3 11.6980615038496 9.35154281419367 8.10231104491493 8.42189685245278 12.4093518596723 14.258893771233 21.0343020006321 12.0597876844979 21.985596332565
TCGA-A8-A0A9 9.62554204038404 3 9.51734467855762 3 9.10495530557614 10.0558362446309 10.3646186506832 7.18085292792581 11.2227871896022 16.0530763517224 18.2111080740776 12.6748762809955 21.7216305225229
TCGA-AN-A0XN 12.0158824934865 3 12.3210403515623 3 3 3 3 3 11.4543803686282 15.1496523103389 19.3893261917966 13.1407556111409 21.7859783868614
TCGA-D8-A1JF 13.7542389827129 11.5430211384417 9.57183890741664 9.12344012066618 3 3 3 9.97300020938886 12.725400983239 12.9556392077856 21.4453001529885 12.6456046585579 21.3736704322738
TCGA-GM-A2DK 3 3 11.2066255480724 3 9.79709777084485 3 13.2796164262798 8.82493342947064 10.3421312642045 15.8011621062407 18.6525279651138 14.7846771064928 21.3838967875057
TCGA-GM-A2DH 10.3906392931725 9.68435729004754 3 11.991434516379 3 9.82885872064764 7.60267089031282 3 11.5455171358785 15.4146864263505 17.8273485947409 12.9170687466847 20.1138762203863
TCGA-BH-A0BO 9.79433520509671 3 3 3 9.27304009155587 3 3 3 10.2980329986535 14.2076369541188 20.272853990626 14.4983415452592 21.8927603671474
TCGA-B6-A0WX 12.5976484780114 10.3081995770482 3 3 3 3 3 3 11.6215838898489 15.9773184968975 20.5646648737001 14.550763909146 23.3440545749048
TCGA-A1-A0SF 3 3 3 3 3 3 3 3 9.89905647521258 14.6770340439329 17.8312947180547 13.7211290908054 22.0384151025314
TCGA-A2-A0CT 3 10.5043868341113 3 13.6457311322194 11.2708002511133 3 3 7.75094849011403 12.9972524371605 13.3455253839055 22.3594878804328 13.867051633092 21.705008336539
TCGA-A2-A04Q 3 10.3320661640238 3 9.48766248781464 9.52359143275786 9.48513080240741 9.21441974353417 3 12.5948904962116 13.8093155942096 19.9130235193722 13.0984100804097 23.3954598716566
TCGA-C8-A3M7 9.78085866014225 3 3 3 10.2501714475157 3 7.97433710570821 11.167769588239 9.07441356237857 14.1269582135448 20.1352841464752 14.0990792506673 22.023520405321
TCGA-AO-A0JG 10.6734714901334 3 3 13.3520750258243 10.1495690951676 11.6889455523125 7.87637976933573 7.23337713075656 12.4978700936126 15.4909357347587 21.9467837787248 13.9210054741838 20.7575918816259
TCGA-BH-A0BC 3 3 3 9.15921151640324 3 3 10.1940597523948 8.80146583007912 9.41938413294082 16.0781007447288 19.0211400484331 14.2771733615735 20.9712846224512
TCGA-B6-A0IQ 10.6471584234831 9.93998630698108 10.5383776075964 9.09781914550647 3 9.09529631917993 3 3 12.6638542400662 16.1142176577194 18.6752497561129 12.3946578164445 23.3885141888365
TCGA-A2-A0EN 3 3 3 9.23909733536048 10.2656056036336 3 13.8266712300252 8.88104125148935 9.8181873403671 13.2101812199798 19.106763448621 14.2874807156961 22.0768846926576
TCGA-AC-A2FO 3 3 3 10.4074889703022 10.4436064189894 10.9870659828667 9.1428916658037 3 10.6696164833764 14.7364048199877 21.0790963760121 14.4236387004245 22.071508654304
TCGA-BH-A0B5 10.7752379420429 10.067677066453 3 9.22471422128306 3 3 3 11.0695472483407 11.174282981439 13.0582360220678 19.0968080876664 13.9190992854408 21.6996392788363
TCGA-5L-AAT0 3 3 3 3 3 3 3 8.19885918225594 12.4605757224716 14.2227438537327 20.7870544034481 14.296624430866 21.9332715330871
TCGA-A7-A4SC 3 3 3 3 3 3 8.77144470997505 3 11.4590026817936 14.3589901449639 18.9241776179718 13.5808509365528 21.9897532665207
TCGA-AC-A3BB 9.95384735771592 3 10.8391294192434 3 9.43195457665323 3 11.1074226303214 8.46341187400765 12.5984243643076 15.9310321475491 21.1498118928583 14.0294911310049 21.3597382255819
TCGA-AR-A1AY 9.95036517238793 13.0356272397618 12.1537679898161 12.3774789483965 3 3 3 3 11.3437425844149 14.1535300305676 18.4268140470477 12.8828533328704 22.2852810586825
TCGA-A8-A06Q 3 3 3 12.0894090803716 8.97626201721431 10.5071875754669 3 10.8813739613629 10.8869278218865 13.354486976044 19.3974022327375 12.193989227274 19.1387788950411
TCGA-A2-A0T0 10.8543465891404 3 3 9.30314168187541 3 3 3 3 10.1435045947824 15.4585282892264 19.1540532760855 11.8463763682113 22.0377073665173
TCGA-A7-A4SA 10.5362706783042 11.8199185856408 3 3 3 3 3 8.06054474295281 10.2382677376641 15.6649417431978 18.3654817483707 13.8599968788054 20.4329874927429
TCGA-A2-A3KC 9.90806296949459 3 3 3 3 3 3 8.41831193351822 9.20091172806135 15.7451700573184 17.7784194754511 14.1068069061112 22.0371472129214
TCGA-BH-A0H0 13.3500895456442 3 3 10.9839946377632 12.0174004030518 10.568308591857 10.5169016602061 3 14.6934787336459 16.2360157512114 21.1259450515549 12.0778607019724 22.6203590417784
TCGA-A8-A07O 10.6370490356835 9.92990909429772 3 9.08780775724231 11.428888467976 11.8743114757148 3 7.19874270170783 14.3858079337175 13.404519760027 19.9841091022126 13.7803204615169 22.1176599075178
TCGA-A2-A25A 9.19756585208077 9.48224645865541 9.08976543601158 3 9.66504548532972 3 8.94634334658382 8.28830903889367 12.1658926926615 14.6680957492216 20.63694128876 14.9806251783693 22.2014903589473
TCGA-LL-A441 3 10.9150103403134 10.5193134340074 9.07893288382108 10.1042836847788 11.8653230139513 8.80680002015712 3 13.1036500584441 14.4455906831184 20.8884669938747 13.6507601618171 22.4764493212692
TCGA-A2-A0YT 3 11.4437765542099 10.4652597164045 10.5955170338161 3 10.0117389353667 3 8.09736430572255 13.6768953915784 14.5776029410835 21.0430366347673 12.646776404448 20.4657898767986
TCGA-E2-A14U 3 10.9865866999472 3 3 9.18558568766001 3 7.90174880991541 7.25824834090637 10.9835194611696 13.2451109306004 20.013607950219 14.9858183220157 22.108130734784
TCGA-A8-A083 9.55015928203312 3 3 8.99415072669206 3 3 3 9.04487517277186 10.4132980265643 14.3595285658923 19.1559889687116 12.5317716250883 22.2119345085288
