X6480 X4124 X2683 X10905 X4249 X811 X3703 X9761 X4351 X85365 X23193 X22872
TCGA-BH-A0HW 14.649048651875 15.8031616395861 20.2983047979068 16.7886667003442 17.2622704122265 22.380271749111 18.5461213194457 19.8546249812116 17.2664083431519 18.7163127980329 21.4786039836015 18.9208024461874
TCGA-BH-A18S 20.2690759330719 17.5581409231951 19.8288868420173 18.0822217093753 16.6116619811493 22.3034497911466 19.7261703444507 19.5023956290245 17.5737431728794 19.2178726470423 21.3782835083505 19.3413775791081
TCGA-D8-A27E 20.1631361358925 19.5149124932032 19.463474887524 17.7345866854343 17.9227767226727 22.2226182603393 19.6769788337364 20.738031818914 17.0199081912607 19.0040213721451 21.3876106238649 19.1825994948678
TCGA-E2-A1IH 17.5511982144117 17.553995800822 20.6426819910693 17.2288540266239 17.4097508898536 22.6281232736838 18.5605678242549 19.5888391752419 15.9121704270742 18.7232306368924 20.6286415613051 19.7044463243911
TCGA-A8-A091 16.0193251989932 16.986781731385 18.6297853684729 17.2301101348049 18.6112916529144 22.3177285525046 18.497292052435 20.1519730802987 16.5115916223803 17.8033886113843 21.222438873079 18.7390428580023
TCGA-A2-A04W 18.8160254396852 16.1565530588103 20.9461246219874 17.6126717571051 17.6520292285832 23.9830205775787 20.1624385351658 20.254565274215 15.6569564679237 18.2181908178062 21.4559424346076 19.5231331468939
TCGA-D8-A1X5 16.3543309300286 19.0442433995144 19.5801545925111 18.959516460641 17.7815568804726 23.3493160598693 19.2875422988148 20.2355515848219 16.8216921213632 17.8055492978404 21.3625492142451 19.5234161044795
TCGA-BH-A5J0 16.447800214739 15.676543921831 20.5828258777395 16.3137846366402 16.9262040545046 22.9645134400549 18.7924107989035 19.6485082943751 17.3310564433406 17.861351596189 20.6314521475332 18.8993777110098
TCGA-A2-A1G1 17.1427594967051 18.476297782244 20.1002759456545 17.7118869036421 17.8977058528637 23.4577455070458 19.8474704643356 19.8994188630379 16.284041735125 18.0652145231393 21.5975029447814 19.5358699310139
TCGA-A8-A097 15.8834515848043 17.2365084052741 19.7738298736608 18.1019612768428 17.7797752376059 22.1799490346214 19.0703256422287 19.9768410774554 16.9455928291049 18.2425672338693 20.683268090962 19.9498713474209
TCGA-C8-A130 16.7034909742546 15.9285527127631 19.3640327432968 16.5070599267227 16.6297457036573 23.2043786176439 18.1115497071106 18.900826657743 16.7619876107906 17.6829805769763 21.2247491518735 19.072894036074
TCGA-A8-A0AD 16.6903073115198 16.4959724012755 22.6175016035241 18.7389301114539 17.9271234215113 22.4979397566344 18.9680630809544 20.0513985905071 16.6165128583406 18.5482404928288 21.144398046443 19.9160925323113
TCGA-A2-A0YL 17.8069708887727 16.8749841644185 20.3111381822882 17.8592337630636 17.9224787640856 21.8894728100269 19.036853178667 19.4084986656111 16.4814518532482 18.1880318835828 20.8900368279383 19.4015039794087
TCGA-A8-A09G 19.1649903934384 16.0883857785614 20.3401979350078 18.0358835090258 17.8678226968393 23.7185820838681 20.7157646098505 21.1512668221338 16.426054926663 18.8311264331355 21.915547237048 19.5349441886774
TCGA-A2-A25E 15.3864842047961 17.4196328450009 20.1294799248134 17.9064016436121 17.3490874251604 22.8091096331144 19.2350630387354 20.0325550708917 16.6361663509769 18.8275551362409 21.2933392289307 19.4636070602902
TCGA-LL-A73Y 17.7102967387188 16.2878275505109 19.8159342856974 17.4685011261987 19.7573749214407 22.407657376243 18.9013037423875 18.8785067071615 15.5030942349636 17.9465170084009 20.3802190187918 19.349012610052
TCGA-AR-A1AK 17.4573506561034 16.2215554097332 20.4032039893655 17.019967245799 17.291974180586 22.4480097709884 17.9866007348773 19.0334446563222 16.5231615617022 17.9986877205639 20.682717275967 18.9669221705377
TCGA-LL-A740 19.4066815632192 17.4697628075535 20.9711074526666 17.1348640815904 18.0046845208102 23.5228148472663 19.4249081698475 20.8265050027145 16.1941079815382 18.6824646125969 21.1138592643604 19.1801608830419
TCGA-A7-A425 16.9754544364024 16.4916614751716 20.1158718503617 16.1534581753105 16.8551013009777 22.5046421140895 18.444635859825 19.5274218878667 16.4507590751779 17.7822493484649 20.5975554694576 18.5108636226044
TCGA-AN-A0XO 19.0445674638352 16.5040123746575 20.8961495459321 17.1908170529953 18.3693633962149 22.7840112132092 19.484784947798 19.951835732254 16.7730831013311 18.0946404465277 21.2932213667179 19.4832140906525
TCGA-AC-A3W7 17.3323829087978 16.8577960319873 20.4242618956965 16.7518217867943 17.299624053167 22.5866064306393 18.7839520386292 19.2815299189383 16.2394816005346 17.7350876349882 21.0990689043004 19.121475657944
TCGA-BH-A0H5 18.9588164705697 17.4898805711127 20.0306609688601 17.7077152603768 18.1919208035136 22.6308357060239 19.0209070507898 19.5738907033253 16.6072718383427 18.3983175073368 20.8840949693358 19.0797387200735
TCGA-C8-A1HL 15.6851511894823 17.0500054346969 19.7681580028071 17.105609782998 16.9995019629849 22.8002025785589 19.1002006268436 19.1668312357233 16.6020351284438 18.694761663485 20.3470300247425 19.6043678199672
TCGA-A2-A0YF 16.8174936710052 18.5880771320632 23.0505486572932 18.3057985067399 17.636635230794 22.4662339828297 19.0999521191893 19.4352403139769 16.3151425705403 19.0774797601393 21.1883992753317 20.0328178323515
TCGA-E2-A15J 18.0018412227007 16.186650553273 22.3516721090942 17.4933850848867 17.8437347007581 22.1847773278456 19.7489048900143 20.6087448036294 16.669381512739 18.442878958741 21.2159493920746 19.371892850436
TCGA-BH-A0BW 18.9457215208004 16.983822403365 20.0906434885084 18.5274727584624 18.5252509138467 23.2247241230566 19.8686277461084 19.4297683635242 15.7255412498444 18.3001817393971 21.5838841290459 20.6441861392714
TCGA-A1-A0SJ 17.4324069950809 17.7710880043403 20.1956924771142 17.5976306136633 17.6148513233783 22.1341699582346 19.3874720398119 18.836312437493 16.2873735717606 17.5797627851728 21.626235242631 19.5319889021736
TCGA-A2-A0EY 19.0338023770441 15.5157432004544 22.1831922195964 16.7724499795042 17.8454278598673 23.211691752989 19.9108906707454 20.1175404778649 16.1041621380443 17.6071525001221 21.7181507201807 18.7555674129567
TCGA-A8-A07R 18.2289379487981 16.1971152642738 21.5478669535275 16.7428981902382 16.9351817507698 23.2002969001346 20.3265647426589 19.1699790113734 16.9012979963973 17.7679327571454 21.8442026955397 18.6371417250088
TCGA-BH-A18G 16.456612251613 16.4436219737438 20.7885113135877 17.1325955945832 16.8404175107113 23.290329539349 19.7162407936332 19.067290733762 16.8973953423404 18.8929735800211 21.0378956945521 18.2717113911322
TCGA-BH-A0BR 19.7087682264666 17.1058407725225 21.4553139635182 17.7216593434595 18.1742164054538 24.3135357428331 19.1582666358875 20.8669856826772 15.6879631538246 18.2768925792977 22.1952333817479 19.5562939201058
TCGA-A8-A06N 15.1340195635715 16.2164895011009 17.3051097942736 17.0935922250425 17.3326248036665 22.0464256057909 18.2642123070962 20.28112524279 17.1280639333918 18.2530416277926 20.7208891617568 19.0589752006831
TCGA-AO-A03M 17.4944556175798 16.5885403446277 20.6474907789213 17.90221790953 17.5262785027165 22.9101785216794 18.9866204259236 19.5742684231734 16.3609383069246 17.9137515364651 21.3278838242342 19.5292257569964
TCGA-A8-A09X 18.5561741531286 17.793252428954 20.8264137790938 17.4200715213978 16.819790055661 22.8822225252324 19.6981782697336 20.8442230813166 16.1250043888325 18.6930840900226 21.4063844014955 19.4640792729697
TCGA-E2-A1LS 16.5799192665819 15.1889631105204 19.977439929434 22.2989638129187 18.927451583428 23.2550281234902 19.4807998183774 20.2182471580169 15.6568663251677 19.5264564616679 20.7061067476229 20.734153841824
TCGA-AC-A5XS 17.1324482044034 16.7309369391116 20.6637913977558 17.6716480972063 16.900350029996 22.9214823992995 18.9988687315616 19.7727483070561 16.751070805981 18.6467445527556 20.6262220029269 18.3563505532033
TCGA-AC-A23E 17.6519118531733 17.9109741135354 20.9374815658955 17.769368083588 18.29472794652 23.0308628488537 19.8076919892071 20.1675282189456 16.3658339302881 18.8159484674944 21.3609887587183 20.0095272217773
TCGA-A8-A06Y 17.0532715567914 18.9212724303915 19.7034080620079 16.8883501673635 17.2758011531723 23.3766711055612 20.1486350680289 21.1427356305456 15.9684660831663 19.4406737275657 21.3934448468797 19.525866880017
TCGA-BH-A0H3 18.6177978937833 18.3141123601439 20.6953419117048 18.1650735021326 17.9941547931937 22.3688792119504 19.6303408167227 20.5861353005268 16.6301809861658 18.4613035546365 21.2568381278385 19.5469011744297
TCGA-AR-A2LJ 17.1480602228172 16.0014441452873 19.8139518872687 16.2562721737025 17.2247050646842 23.046439555166 18.4374233817436 20.1270211793731 17.1252338307908 17.9516195814627 20.6448016120377 18.6504532602852
TCGA-A8-A06U 16.4365253580885 17.1806776721951 19.8590037498305 17.8211983145208 17.3852257096566 22.97933700789 18.8861134591678 19.8577546179508 16.8458799011799 19.1701290000317 21.2966377663898 19.5428696795695
TCGA-D8-A1X6 16.4224220536951 16.3429504989576 21.4228561984324 17.2886789957152 17.2056078222418 21.8836421671707 19.0085398241578 20.6782949722901 16.8765628580094 17.9558209256913 20.7368423928625 18.7992078334868
TCGA-A7-A6VY 18.0803941103647 16.4687528725357 20.2120185342964 16.5863615364213 18.0602303093976 24.2774743825551 18.8298450502205 19.9096914378463 15.781295934886 18.4529898748444 21.7239435163691 19.3535662671243
TCGA-E2-A15O 16.5945188163373 16.7254613876163 19.4560885542053 16.6958652211301 17.3605268843374 22.0181490852828 19.2062346176839 19.7538819145723 16.2604249072412 18.4627080053292 20.3224075312328 19.6287548635979
TCGA-A2-A0CY 17.4040863423846 16.4907904858294 20.3790948503502 16.580382701244 18.1394656625476 23.6484691513854 19.5896283636526 20.2530283175851 16.6925732223466 17.8091752201775 21.7152001801797 19.3759324746362
TCGA-OL-A6VO 14.517705843444 15.7843884893967 20.38976822057 17.1284709411346 16.9306474525106 22.692706935199 18.7529602746808 18.3599552367575 16.5455991699234 17.6490084774313 20.7928802377486 18.8087425812683
TCGA-A2-A0CL 18.4362039779049 16.6875822023107 20.0473654107674 17.5359545981021 18.1312398294256 22.5918730801095 18.5504683337479 19.4179320527448 15.865616859134 17.8848470331869 20.5477363983598 18.5824388074001
TCGA-AR-A0TQ 16.8745216758095 17.016437862541 20.527577299825 17.1947608245113 17.7888929499426 23.0598389512927 19.9932518313015 19.8919384760447 16.9001024543563 18.6378355921562 21.6169272199133 19.1131651191281
TCGA-E2-A573 18.7505169002601 15.7683132365328 20.4088579651475 16.6966737911765 17.2220457456644 23.993195942814 19.6611896959502 18.9320878295041 15.5034147099479 17.6523197176677 20.6014114699838 18.3024853891956
TCGA-A2-A0CW 17.6537053421654 17.7159960910589 20.3310931818421 16.2218756263775 17.3663798628668 23.3701658540908 19.6201185885063 19.2801834369873 16.4030879066942 18.2989006810768 21.8907904352877 19.2208045203995
TCGA-AC-A3EH 17.9228874706033 16.5060592453601 20.4845160903947 16.9748917898727 17.1675456217026 22.6197228584336 19.1948054817545 20.1945036880056 17.5593235251542 17.7992873836317 21.293441296056 19.1041425267342
TCGA-A2-A3XX 17.5921918113968 15.6145596250873 19.484585076097 16.1948334035044 17.9674288621074 23.1357377028483 19.0043748131432 19.0691750059585 16.1530341675489 17.5062416040508 20.7895999705956 18.8423258423141
TCGA-AO-A1KQ 15.1970446441753 16.6251847841107 20.0537238771481 16.4924545533279 17.0741050027082 22.7813393464764 18.8997264686048 18.7909734304738 16.8077194216146 17.7076980150983 20.8212277504728 18.6916491801095
TCGA-BH-A0HN 17.6864471471905 14.1006685030643 19.8643057995899 16.1833414977212 16.9043504761672 22.7818626386863 18.3878215046613 20.1519442373833 17.3910615519743 18.9407768918634 20.0867720633975 18.8209189102137
TCGA-AR-A1AR 17.460372202123 17.4235716739685 20.4799455680516 18.5456513749762 17.8433137740715 22.7117642502346 19.808029339218 19.5089704198805 15.3022077224025 18.6968296296116 21.2821311767301 20.5457774021318
TCGA-AO-A0JD 15.1021346320967 17.5777979076739 20.4139111956071 18.2611911472888 16.4003210831134 23.3761818820276 19.5519587646071 20.5480205215294 16.9332454835092 17.749674459531 21.4543900040076 18.7926946318908
TCGA-A7-A0CG 18.3575870888896 17.492856371278 21.3549862526309 17.7666014126844 17.9515615635021 22.4538499409231 19.6327865327642 20.0416745194223 16.6145419659719 18.537554574675 21.5260565830617 19.8243013249229
TCGA-A2-A0T4 16.8558185525602 17.3811950584026 20.3191956887865 16.9671943931961 17.2379115419444 22.447483749534 18.7544781771543 19.1956848233773 16.3299327288878 18.5719540022186 20.60739370385 19.4407406907342
TCGA-B6-A400 16.3520187311268 16.0954636385862 20.8082313184613 16.6025694230534 17.8307603195489 23.0906469208893 18.3080675431747 18.3100123576907 16.454202159936 17.9102229032452 21.4981358697313 19.2874062744038
TCGA-E2-A576 16.8165293457558 15.5277825483033 19.1754911922042 16.3169192662824 17.6947040573368 22.5512477136507 18.192528478189 19.8683717623198 16.1404953166836 18.1507915462238 20.7896670049259 17.8012834213003
TCGA-BH-A0WA 18.7823126027216 16.6001714963422 20.5261541543681 17.6651109468007 18.4958951738811 23.4401121060731 19.8457936387487 19.8126274168779 16.5595946757201 18.5092327496051 22.0833289183453 19.5670560027918
TCGA-A1-A0SN 16.8368728703814 18.594679067568 20.8096900676513 17.5051554469766 17.3850173547919 23.2646024559651 19.5950824877548 20.5351374637629 16.6915247327541 18.593510488791 22.025429930348 19.5873732478511
TCGA-A2-A0T3 17.0366167421046 16.6566405285715 21.417696743133 17.2329206499877 17.6714816818529 22.3800977266263 19.0867858210087 19.2491522317507 15.9458009215711 18.9360266681241 21.4542050379753 20.2625355353239
TCGA-BH-A0AZ 16.9902978856388 17.3838293369298 20.6457977912439 17.683400123552 17.3436295573738 22.6606477127727 19.1459103993298 19.1060455010296 16.7461122640619 18.855100223165 21.1809116454603 20.4368506218174
TCGA-A7-A4SE 16.8982324755704 15.9997829519501 20.6631577621256 17.3173754762206 17.9249478325729 22.5735788171115 18.7729463791294 19.001379617947 15.3499390230979 18.1197818289109 21.3887879707207 19.3431122294192
TCGA-AQ-A1H2 17.2368765954327 18.2326213216851 20.3162427756146 18.0826539077591 17.4242515180185 22.2993856832934 18.6486117610579 20.1263871341932 17.2440300445052 18.6264231603768 21.7041903858839 19.2366583050071
TCGA-A2-A1G6 17.9402881652919 16.7205111705142 19.8149279967049 17.5107368273935 17.8991628444844 21.8091498615086 19.2477590840584 19.6475148035183 16.6564905201066 18.6024724594413 20.7841652826584 18.9915737965496
TCGA-A7-A13H 17.1311100282887 16.5035713915449 20.0111870589855 16.9812688392085 17.494251356619 22.4828192796744 18.0012690278573 19.293725746841 16.0961811907243 17.9920775000649 20.9524014403011 18.8144238126624
TCGA-B6-A0IP 17.160835484607 16.2779290248565 20.1906141135974 17.278994196041 17.8590099019525 22.5481385353295 19.6845513866564 20.2406688062947 16.5119688004405 17.7535971691332 21.1284759781594 19.3271166991018
TCGA-A2-A0CZ 17.3704957335304 16.7973930786406 20.5366074265362 17.3988259303833 17.4267276253216 23.1593662566057 19.2250059301388 19.3782683209221 17.3477764108035 18.315488853657 21.3299328301076 19.7737076157671
TCGA-AR-A2LK 16.6951212908317 18.9768155993321 19.5354304935337 17.3692092566309 17.8163124374693 22.2134956582229 19.0285028221487 19.8086985141079 16.4024294259053 17.8185805337407 20.7215150654531 19.3115039528963
TCGA-A8-A06R 18.0872650447207 16.7239202038089 19.6307292896512 16.8322130635268 17.627215807113 23.0725753836992 19.0975409151876 19.7232788479721 15.6055771868101 17.8886872264643 20.937699163158 19.1815228335734
TCGA-AC-A3YJ 17.3992722673964 16.8197635199541 18.545666129753 16.6654254762072 17.01728939544 23.0043129712669 18.9381022535689 20.4209015101581 17.2341986879458 18.1961629254854 20.6812376739337 18.4984706097222
TCGA-5T-A9QA 13.5345844691906 16.1079317475068 19.3051212958597 17.6526735618137 16.3688025704678 23.3122300970523 18.9885318181155 19.5461112099471 17.1033781490527 19.2058373881298 20.3368433801141 19.5383250383884
TCGA-A2-A0CM 17.9471750177744 16.3988183610124 19.8920850829499 17.18421139072 17.5829946645599 22.9973111558559 18.9015393459309 19.420406364233 16.0718340269164 18.1241412374878 20.335776718916 19.732455154839
TCGA-A2-A0D2 17.5497183587698 16.2630036013869 20.2101431473049 16.0134377006535 17.7067238526693 24.3097843530204 20.1752827596257 19.1499845626734 16.2333299905436 18.0944421443244 22.0176275957832 18.9464269424635
TCGA-A2-A4RW 16.8751177481105 17.0013341173472 20.1317642113982 17.1715542129705 17.7502642835164 22.3797416295602 18.2930499557362 19.4086056353064 15.839818155012 18.1821438751723 21.1320750194542 19.1766309507774
TCGA-A8-A095 17.8516553631179 17.7086387620539 20.0270368718967 17.7839346866303 17.7897683655526 22.6344919896307 19.3684501500815 20.2269014610264 16.0381970017316 17.8740001428171 21.079907157859 19.2935126243878
TCGA-A8-A09R 16.564639314505 17.1354987793569 20.0739730262937 17.531927791978 18.0862545235915 22.2509684261498 18.5426615261957 19.6527541779168 16.3822074326248 18.4251963238808 20.4466937809231 19.0593856220483
TCGA-A2-A1FX 16.1977393341038 17.2924767003613 20.2372587805691 17.8331726859105 17.1897388173396 22.6575384052632 18.3926026664942 19.9867393871422 16.8375642656788 17.5647871923669 21.3655105962068 19.090433981913
TCGA-A2-A0T6 18.2857581185529 17.8582714580231 20.5527146643962 17.8838131114549 17.8525259346344 22.3530328810994 19.0208454429002 19.8327317421921 16.1139610043294 18.0404759490982 21.0345592125821 19.673013494529
TCGA-E2-A15F 16.5384458052824 17.2968985027834 20.49273947046 17.3058927041424 17.8973328831387 22.735001894741 18.9677185776103 20.0644655976184 16.0148294997077 18.0625667762753 21.5514851907839 19.4490077769948
TCGA-A7-A3IZ 15.5239039670876 17.1171819602867 19.3025351607964 17.6440205844684 17.3960188531948 22.2049578582977 18.3394084442022 19.9234640138074 16.4297460989642 18.0268375708708 20.4058357079399 18.9120305482411
TCGA-BH-A1EU 18.6944388091203 17.6373437630244 19.8579613173907 18.5997661134078 18.0859975418674 21.6865872374995 18.6243300491938 20.343293047224 16.096353551672 18.5157214549085 20.9850898136203 19.2184983628385
TCGA-AN-A04A 15.5320696618043 16.8821371644663 19.7045192580298 17.0706760318646 17.6578108247084 22.4796343870925 19.2717414590533 19.5452863535945 17.3571614178985 18.6179568539085 21.1067190972399 19.8965535474255
TCGA-A7-A0CD 18.2060317618422 19.3320860354911 20.1636044190353 17.5819537850782 18.3378572499394 22.2746166287295 19.437837337911 19.9848198849232 16.7034124832123 18.6394382382676 21.0639705533194 19.2093289955997
TCGA-E2-A156 16.2153698244826 16.9886563353084 21.2957135826097 17.7862682427121 18.2937113319313 21.8425654470837 19.5146680908067 20.6216307760367 16.8369965754237 18.8217126460731 21.3272091642606 19.1374302669644
TCGA-A2-A0D4 14.8014303211498 15.3512955506537 19.9405777051681 17.0365778423702 17.7160004905128 22.0820308583838 18.562355283798 20.3623454295347 15.7084171330145 18.6477685847979 21.2853970431143 19.2530279572791
TCGA-A2-A04R 14.4407101764841 17.0716565438474 20.4654685048723 16.4425007215672 18.1982858722196 22.8123520051927 18.9362682789461 20.0044803173917 16.4194814980366 18.1745595971677 21.0934966407229 19.8960230652266
TCGA-AO-A0J4 18.639892488633 16.2802955625609 19.9910349970643 17.7332102267147 19.6416017682988 23.3172590214686 19.3629743476804 19.1930416498871 16.0164554618368 18.1843086066032 21.5827332194757 20.5748501949573
TCGA-A7-A6VW 18.5734824424108 16.2446955319312 20.0494554470307 16.2879924293336 17.1253511843908 23.5652448304617 18.821110962445 19.0666889409223 16.9733122146268 17.3241725310828 21.534901000226 18.3924462425948
TCGA-E2-A14Z 17.3511620625599 15.836112333823 19.8298921958213 18.5284671487143 16.6091530600314 23.231630322187 19.413980399249 19.3073274862521 16.6894254050672 17.575890545889 21.0817488371633 19.341610647567
TCGA-A7-A5ZX 17.0842647383429 16.2076405952482 19.9432329810289 17.0659901756993 17.3435190859803 22.0481789962562 18.5757476219042 19.5601114424628 16.539967326358 18.0099027150814 20.6592718557684 18.6255377487909
TCGA-3C-AALI 17.9440543910722 15.9530793314018 19.1353504662826 16.7347220133061 16.3897328823356 22.7493672153742 17.9796498339335 18.8801687981987 17.6210743090278 18.1737827977209 21.4159022334868 18.7410521621293
TCGA-AC-A2B8 18.8746101611074 16.8286498174727 19.4581042123845 17.5803266629715 17.7161785607632 22.1848441936674 18.2648895505716 19.6738581804847 16.2992521580277 17.7610459023901 20.8542130123652 19.4716009425082
TCGA-A1-A0SB 16.6566412801001 15.4479387039532 21.0870132938004 18.0087191133537 18.5415239128904 22.2390342353332 19.140160883787 19.7016600365557 16.2096777706068 18.0908910622318 21.4158343774561 19.4049186495199
TCGA-E9-A229 16.9559743533667 17.4759569503631 20.5225898651741 17.7813255064662 18.0353679227044 23.0267038157631 19.0051982351573 19.8733302225542 16.0769829812276 17.7888664596761 21.2243457826057 19.9238446619883
TCGA-D8-A1JC 15.9482210837493 17.8084209270451 20.8578636265915 17.4036555514161 17.8405908671004 21.8675929050745 18.6086178002315 19.8005797094486 16.5195299982274 18.4578931787452 21.3539811674431 19.4989036607573
TCGA-A2-A0D1 16.1354780345464 16.3909667918192 20.2340207079097 16.7324252697816 17.7977223383599 23.564039849824 20.3957605442584 20.273360918635 16.3909372718823 20.7180270170698 21.7942863981871 19.6811653165904
TCGA-AC-A2QJ 16.0920216199274 16.2559996288932 19.7904055574635 15.8133711550625 18.2781144572456 25.0737234634726 19.6527308055473 20.4770332125884 17.238645429971 17.1582723483657 21.4705447471708 18.850449056514
TCGA-A2-A0CK 16.5647979201357 16.5623766982102 19.1420390036507 16.5015839731387 17.4391369179552 22.3816782348121 18.021028910487 19.2967520345463 16.8932794697291 17.837785222683 20.1570548230757 18.7594629353158
TCGA-AQ-A7U7 18.5291360109103 17.1907017294454 19.5900372859106 16.9266188506785 17.1663574464694 22.7464586407017 18.6666023961497 19.0695283957837 16.4295507382957 17.9175393544219 20.8143622409006 19.3106573256279
TCGA-D8-A1XU 17.8529430996744 18.391149441583 20.4267035146975 17.5743014011968 18.3000702906348 22.830373153006 19.4087195312275 21.4954202932305 15.8178970540916 19.25053797499 20.9832951424124 19.5422398102944
TCGA-D8-A1X8 17.7040738373672 17.4211828314931 21.5909254988391 18.0897411581972 17.9551333970355 22.7050409790354 19.2419004490107 20.4081403247749 16.5106488725005 18.9564097225829 21.3604413224404 19.911486322012
TCGA-A2-A0SY 17.3011528843602 16.1966045622945 20.0287869625859 17.3613341864865 18.1040094938394 22.8758525547556 18.7381468914981 20.2690102097189 16.4845118683709 18.0030161802682 21.141155438102 19.5532416301277
TCGA-BH-A42V 16.7779006667062 16.0399280398386 19.6159550325349 16.8175012531994 17.2785436637588 22.34984757207 18.8241784252525 19.4294469344987 16.9001914838876 18.0084282488837 20.8219193798699 18.5844183164467
TCGA-A8-A08R 18.1665152488777 16.3416183927098 20.4258450376794 17.5343209198528 18.4288655418311 22.6607990064984 19.5509814953391 19.3852213878566 15.4625643520888 17.6037746013169 21.7445640987053 19.7122059500022
TCGA-A1-A0SH 17.0150642499017 18.0021277181698 21.6320409516111 18.2089267272627 17.7779302763254 23.001870397552 19.0183880969987 19.8723649274556 16.5164997391163 18.6682223810806 21.2487304642117 20.1377240288814
TCGA-AC-A2QI 16.8460943125073 17.6131536016694 19.8707558846248 17.3438371182511 18.2142778141362 22.2589461724987 18.7179497131894 19.9814236796064 16.528700118967 17.9589212152347 20.9263512793616 19.082392996983
TCGA-AC-A2FM 14.8551398569542 14.9791478523015 19.578169200999 16.2825149367856 17.471033407635 22.4232017998969 18.3652477506528 20.3890168889874 16.3591260862016 18.0832602619538 20.6600882952379 18.7265216248317
TCGA-AQ-A0Y5 17.7078180875287 18.0209956302374 20.378234144242 17.929506057809 17.7871667420787 22.448230468072 19.6503985098545 20.4034554853275 17.0083665628103 17.9886973892729 21.1593182986588 19.397214425504
TCGA-BH-A1EV 19.0087916885204 17.1587500674136 21.2587670348576 17.6021737460629 16.6614061508778 22.2816041706928 19.5548237380237 20.2532659601335 17.4978862732299 18.3644616534743 21.3363664406787 19.7858708489999
TCGA-AC-A2FK 18.3565364578716 17.2848860562947 19.913645837726 17.8289059810064 18.2542045369515 21.8960445496381 18.9933129236654 19.5924622911396 16.3083427473694 18.2785102490356 21.0101657690306 18.865136052242
TCGA-A8-A07B 17.4265258281803 18.1640313390748 19.9028224815635 17.5154369885739 19.5537818843997 22.7496812945403 19.1490908782509 20.7131982509455 15.3201492027868 17.9602185622284 20.3028885191965 19.1464576900766
TCGA-B6-A40B 17.3887026612929 18.3894857820044 21.0005984190371 16.0288033696864 17.2914882165037 22.3873123133568 18.1652731985612 19.2879086275311 16.5571929509165 17.9939400011409 19.9934584558264 19.0792498747579
TCGA-AC-A2FB 17.9283122042795 16.6985443653965 20.6168240159393 17.8310318436524 17.6594786962218 22.1343563150302 18.6644881368147 20.1176069654244 16.5244335699937 18.4824311244691 21.0208545195274 19.165693433388
TCGA-A2-A0CP 17.3919523828141 16.340982845602 20.3651734472673 16.9647971958792 17.1159143230938 22.760235816186 18.9465401203821 19.4144291541487 17.0388674624228 18.0958780732866 20.847248713121 19.4294376247221
TCGA-BH-A0BG 18.6732879955186 16.0996920000062 19.7236158442014 18.081697397428 18.2358330213486 23.0617512509048 18.9556265093889 19.1574461084616 16.70733633812 17.734043388341 21.2645587980853 19.9833745349717
TCGA-BH-A18K 15.9634140376009 17.3898016252987 20.5202866669147 17.0067549396237 17.0566061528189 23.0478888907187 19.4501419081658 20.3102812179593 16.393654161773 18.401953144194 21.0245205000096 19.7724449163089
TCGA-A2-A0SX 20.1963946584744 16.9475240852129 20.7672746488692 17.4803483260915 18.2444348128295 22.9814158749825 18.8219004590257 19.3074318796547 15.5706224698674 17.404700833014 21.1183331995551 19.0924094543461
TCGA-A8-A07F 17.7788239316035 17.3008429834267 21.2709954571421 17.912605295959 17.4707026794271 22.6209639997973 19.6786991549198 19.7429341825293 16.2802895424312 18.4459088792467 21.4330052733671 19.2955113740515
TCGA-BH-A1F2 17.2397485680239 17.3226351422544 20.9332253263888 18.0648167471318 17.2630806154011 21.6851487912944 19.2380707644779 19.0438268972702 16.1957213406637 19.0003346575547 20.9928954478575 19.7787501855683
TCGA-E2-A1BC 18.2303266214989 17.0301831042202 20.7085073194152 18.1461249868357 18.4879046383071 22.1766691118862 19.3295684934317 20.0457706817826 16.5552287873849 18.6577237023471 20.3639400968315 19.6853080345581
TCGA-LL-A440 17.6338302212904 16.9051718465834 19.587447741365 17.0821920801296 17.6523175091424 22.3467941914204 18.4632657559229 19.3872186473134 16.2582590188603 18.1229612819968 20.6637125529553 19.1059960898728
TCGA-BH-A0W7 17.3727651935448 16.5183087928628 20.1910293769493 16.8490547015822 17.3155196668423 23.0586374245361 19.315946581118 19.5727977584028 16.7067111092816 18.2298321566259 21.2868493919136 19.5472044545521
TCGA-A7-A3RF 16.8638621288337 16.1704496712374 19.4467928030291 16.7265210960648 17.8213757246989 23.4910690796047 19.6412705120065 20.3320809008115 17.9334574922703 18.0211333043289 21.5043268017643 18.9586471981887
TCGA-AN-A0FK 17.4886952165978 17.4941107268055 21.0334566822737 17.0283307853355 16.8821745349005 23.4008942413325 20.4026298259295 18.6415832399629 16.1532490184478 18.9606386849877 22.0255871409753 19.1245114239448
TCGA-AC-A2FE 17.5484547191641 16.4336800328129 19.9417972534482 16.6876460246884 17.5411246606237 22.3853051650387 18.4277342844249 20.0022152946035 16.5654595151866 18.5487967474487 20.1300582492816 18.9999795631073
TCGA-GM-A2DD 19.518212609239 16.0017609167026 20.726861182039 16.6238360353896 16.980102144172 23.5389680317697 18.5249415163141 20.1582531805007 16.799162801873 18.457092403602 20.9493050477522 19.5917650432395
TCGA-D8-A1XD 15.3671081728139 17.1286835533945 19.3711824597684 17.5120685500248 18.7711187448868 22.4225737616553 19.3923177735421 20.412705428559 16.5188360164737 17.2403757240152 21.3650012019537 19.3996688498537
TCGA-AN-A0FZ 14.9320632453676 16.3171787816506 19.886050730209 17.1990748928088 17.5548231227571 22.5333339082632 19.0006985164986 19.4847343867932 16.580205355379 18.3172117992887 21.271116861608 19.3080301489267
TCGA-A2-A04P 17.8867811395141 16.1975795791942 20.3584421726307 16.7395400837472 16.8796707630393 23.7018114225076 18.8111432418064 19.242663120361 16.1746037342829 18.1300944144926 21.0998419037407 19.2480632556671
TCGA-AN-A0XT 16.2987592405054 17.7315343347138 20.1485466425343 17.3640841567449 17.7424890003644 22.4302782796344 18.5806119840367 20.2681739745476 15.9303841393144 18.6972007850129 21.1931821255364 18.5841248365822
TCGA-A8-A0A1 17.4743643819171 17.0048019131606 20.4685635113401 17.8545596275433 17.7110994206911 22.287725999614 18.4591102409357 20.1181318087161 15.8214881768676 18.1943783978298 21.1337333883826 19.4084642307746
TCGA-A8-A084 17.6970975759763 16.248256358863 20.3847329814642 17.4124706895122 17.674557359941 22.7697039901601 19.2682866458269 19.9664952820381 15.7429460345739 18.4486425824254 21.0708073605853 19.1585098582935
TCGA-A8-A0AB 16.6333031469167 17.5638876778436 20.339787296788 17.9410483604691 18.4806473524576 22.1324491090016 18.9135012734063 20.1139833994298 16.1883075441986 17.9331181196451 21.5080062456655 19.3312280963427
TCGA-AR-A1AM 17.2200468759661 16.1212552542928 19.8460222028734 17.4020991604755 17.4240847036538 22.2265143302603 18.0697521672211 19.6652676301218 16.2454485937954 17.8131567508276 20.7728405458968 18.6584466034937
TCGA-BH-A0B4 16.0298545295038 16.2685228938064 20.4857788229829 17.2853257114952 17.4307028376088 22.2114993085232 19.0027053201728 19.0484673584517 16.6456473512024 19.0107527063649 20.7855259859084 19.1812986558087
TCGA-A8-A09I 15.9094791081631 17.1248351649688 20.9418331882721 16.5187508820372 17.3869621347087 22.6622071486017 19.1843700163792 20.0658674067826 16.8043790992236 18.3997575155529 20.6436194152756 19.8063159629038
TCGA-A7-A5ZW 16.3350748566153 16.9376845776541 20.3107348852717 17.470103646797 17.4398762198828 22.0453093141824 18.8903137481232 19.5431277917319 16.2102463023374 18.5033794340889 20.5444406331493 18.9382851550869
TCGA-E9-A1R4 17.8465860560917 18.2321846648133 20.2964236409979 17.3885289655875 17.7578526414668 22.4390324147735 18.8545561481466 19.6102734898283 16.0072488196696 18.6699863215311 21.0130248030311 18.6347352036646
TCGA-A8-A085 14.0557613143106 18.2168117772067 19.3692643099934 17.7248615803059 17.6215256368293 22.4719965326868 18.5785616217218 20.0178831388465 16.3732075387543 18.1788928597585 21.2982646750345 19.2881687704488
TCGA-B6-A0RN 17.4385455806974 17.4196308813502 20.1854566548662 17.6334911003362 17.3458545837957 22.2912285682851 19.1339694617493 20.0754856088771 16.587731957256 18.3410031137472 21.0821497106701 19.4302608515257
TCGA-AC-A2FG 17.2361821799326 16.5916640801726 20.1718559682823 17.3374855769234 17.5331434551297 22.2563153001372 18.6528026133752 20.1659700187748 16.5363496950518 18.6132345221444 21.0191858637008 19.14151959331
TCGA-A8-A06O 16.7548702304858 16.8032166451241 19.0671716917055 17.3734944288218 17.1885833473923 22.7194907763847 19.160579707157 20.5381889917901 16.9576939950066 18.2879417286268 20.8041431061007 19.5007607580758
TCGA-BH-A0BZ 16.4342786550005 16.5567902038483 21.3368296178158 17.1683193299436 17.1117168708038 23.297741585072 19.2080570121165 19.129208391229 16.2388163461891 18.4214666052497 21.3663521139956 19.0592351481326
TCGA-AO-A0J9 16.8270057774395 16.5029780129613 19.6131571095376 16.8541739922066 16.7919853675116 22.8636412644696 18.4293632556041 19.4828198001881 15.9298499143262 18.3330076772407 20.4407857517499 19.649216840571
TCGA-D8-A27P 17.6092502516537 16.8836040299833 21.4802853625272 17.8509093911521 18.2092249934624 22.4914701793192 19.5663149078636 20.6259033767308 16.3944022640907 18.5164612926123 21.2839823712401 19.1194923821385
TCGA-A8-A07J 18.9781408622423 17.4937622919015 20.3954166343115 17.6724100479666 17.7175579962896 22.6329800074377 19.2265696634809 20.4425071081165 16.6039321387646 18.3655482024682 21.4227851446622 19.4843157931817
TCGA-A8-A07I 16.605449562458 17.2734925701875 20.8820013741932 17.3181962490625 17.67214931576 22.8645656808876 18.8860179263713 19.7120293345637 16.243737072834 18.1374682890201 21.2232611873214 20.1338627347413
TCGA-A8-A08B 20.0023001643014 16.5470809703476 20.7759127039953 17.1693328857391 16.6112779818485 23.4334602086046 19.8884230523213 19.4480871243348 17.6875996556795 18.5034153535958 21.5017342429418 19.3171950743393
TCGA-E9-A247 15.3166571833396 15.81205906 19.8002885988221 16.4035906697424 17.9860356471401 22.3668944302866 18.5516660191155 19.7592016862408 15.8601713072759 18.233531984388 21.3995861729264 19.3117322646784
TCGA-BH-A1FJ 16.3404378477055 17.7230178638546 20.5610683962253 16.7981744047957 17.2731950331826 22.5222334869669 19.4210946440501 18.1509151571072 17.0066426257579 18.4426199466813 21.0197205721535 19.7756619956283
TCGA-A7-A4SD 18.7248648492493 16.0284890267753 21.2119004977932 16.4190840202984 17.3668000303968 23.6152455640582 19.0869732576399 19.2420035679432 16.3697623234466 17.5847036444945 21.4718369597276 18.9645054298619
TCGA-A2-A0CU 16.524464688948 16.5448752263031 21.6154561023587 16.9632136430201 18.1190716193862 22.8749260256722 19.1806226760465 20.1351584643315 16.3611395725739 17.9765322324993 21.1313160481387 19.4940390720802
TCGA-BH-A0B8 15.3032518169801 17.5106668030267 19.0382191348023 18.2609927280858 18.0934677018171 22.7724111068915 19.0592796974336 20.5724079519794 16.6207039147193 17.9450356912768 21.4532964976343 19.0421526859919
TCGA-AR-A2LR 17.6875454662719 16.1669452518324 19.7962527346387 18.3999282971302 18.7880760424582 22.5963948188209 19.3667182611637 19.3570139890315 16.5788007660897 17.4988208821002 21.8684318143746 19.8255221348212
TCGA-BH-A0HI 17.6948077508438 16.0110089770544 20.4718812869558 17.7863441348589 17.5677327359771 23.1097622114784 19.9041250843262 20.3971215962833 16.9349404742224 18.8091137591099 21.3306962276712 19.7205139282747
TCGA-AN-A0FW 15.6470804965633 16.7358804228584 19.5378991181706 17.2569742761395 17.6273238953142 22.4779674951842 19.1069447455208 20.7514775519982 16.5346065676919 18.697925341887 22.0471428420024 19.5185631966004
TCGA-AC-A23C 17.7868765605568 17.6577507440689 20.128348084024 18.0207825703485 17.133386152206 22.6125516661182 19.4451105067869 20.2906265450916 16.785629244164 18.5929564899226 21.0479292736343 20.1409354896575
TCGA-B6-A0RI 15.1523877674822 15.9425304527882 21.2956032834532 18.8227722495123 18.2911985795452 23.0788348036016 19.5889465677649 19.6650804613362 16.3472134197955 18.099326785823 21.2708023940776 19.6692392650072
TCGA-E2-A152 18.3943867074018 18.0893645495645 19.7856781248893 17.2832923188569 17.6235797280785 22.4135168635928 19.2496598654055 20.343433926641 16.3599371927322 18.5024180539827 21.2547970777774 19.8042720034599
TCGA-A2-A3XV 19.7234103846753 15.3994079009936 19.7933018749404 16.5860580826729 17.1638497293752 24.2175462613383 19.7807854869324 20.3747126940899 17.6004913748389 19.9211432753531 20.4863777409826 18.4714679438318
TCGA-B6-A0RO 16.5343693058249 17.8704667935042 20.7496820718971 18.3641534582592 18.1079867415778 24.4590445417045 19.8977314410869 21.3573804317884 16.9486060191026 18.4176231386379 22.031815537053 19.5168230175946
TCGA-A8-A06T 16.0768814389749 18.287983011274 19.2364232505383 17.588209089653 16.7113031751601 22.7804854127204 18.7303830611621 20.1253919721732 17.4760938456721 17.568692353682 20.6038033292707 19.1049909502012
TCGA-AO-A0JB 16.82256675554 14.8612144239556 22.0023225901549 16.5707564398505 16.3646899487688 23.7700887462347 19.3788805424378 18.9662072209867 17.9377133448803 18.6899121202684 21.1402783211859 19.4564752615155
TCGA-A2-A25D 17.4980760663074 16.4503672466294 19.9745453713205 17.3134900165314 16.9644697985567 22.8242313060559 19.3563381243582 20.1886326349024 17.4841445505077 17.8713195400426 21.0403015054449 18.7378938618009
TCGA-A8-A07P 16.6163084244635 17.6301254187978 20.4333980923472 17.8018184260855 17.7523739268323 22.5138352114454 18.5642644006752 20.6251523562258 16.8366859908931 18.2573841554507 21.3037804245857 19.4348405831782
TCGA-A1-A0SK 16.3817708331882 13.7790211907854 19.5293600606855 16.8487269883188 20.1866111074113 22.2775058199338 19.3395599336214 19.8361673170481 15.2795855369281 17.9099626701361 21.3097971780294 18.5777237094221
TCGA-A7-A3J0 17.7670189614917 15.8673389379646 19.7575033564507 17.5745860481491 17.6777496629397 23.0442074841319 19.8158964156706 19.645137665082 16.6112030978815 18.9113319572014 21.8687014776791 19.134229919048
TCGA-A2-A04N 17.5221630674253 16.7302216683813 19.9327775283226 17.4268719121124 17.431030584978 22.719881609694 19.0440567690552 19.3994162675159 16.5997560659085 18.3841879735445 20.7476617776548 19.3205502933545
TCGA-A1-A0SE 17.3130820991584 16.9707860431611 20.577915875694 17.5990054075353 17.8027694552545 22.4597870366942 18.9432091933369 19.428897237228 16.6095045981905 18.5045131092245 20.7832381844401 19.6645466618419
TCGA-A2-A3XW 16.8546973161873 14.801961751613 19.5736916852817 15.7457506308732 16.9803410361694 22.8382097456879 18.2415253085156 18.9680061440809 16.9323289882634 17.7005066160454 20.6227824583354 18.0926738777372
TCGA-A2-A0CO 17.913640052473 16.351699653194 19.9881611797185 17.1646816329382 17.4205758682016 22.3305003286868 18.3399760728232 18.8442346181541 16.2881454990124 18.2216131395055 20.6390671002493 18.718222431337
TCGA-BH-A8FY 16.3441140593026 17.4701122540286 19.4219185957064 17.3659483938635 17.1385662676043 22.810965756487 18.9972796152858 20.6439364721287 17.0353139509556 19.1487048072992 20.0462796197492 18.9236704095121
TCGA-AC-A2FF 18.182623163763 16.9368697506024 19.7386112901676 17.7776158073082 17.9378554049721 21.9512545264609 19.211696738185 19.8960470391834 16.5362218603899 17.8679460410487 21.0696044148297 19.3792561643033
TCGA-3C-AALK 16.7126693620744 16.1201213564234 20.5606016069208 16.8728129606293 17.5005147447552 22.9073394784689 18.9499448607268 19.2713142631614 16.2840087111937 18.2138637487117 20.6912982554892 19.5041448646032
TCGA-A7-A0CJ 17.4594234712665 17.0918703053514 19.4492099567535 16.9673655462728 17.4906722309408 22.9093846190422 18.5935499791755 19.4427056106861 17.1785712047163 17.6014491542761 21.5628267643598 18.0023350507924
TCGA-A2-A0T5 18.0685079310842 16.3017838407376 22.240120497324 17.5589646514011 17.8676059892422 22.6928925596071 20.0543982024454 20.1468912923222 17.0841738576072 18.7329993486517 21.2355198342816 19.4053498272604
TCGA-AR-A0TT 18.5677246712204 16.8211483445895 20.0809573213218 17.6311177898937 17.6708520726213 22.3696618233978 18.7717264177667 19.2244033454908 16.0536062631556 17.8816887895606 21.1804256789706 19.34717277722
TCGA-BH-A209 18.2704449817741 16.3620227664472 19.9618546168618 17.0611669189817 17.8851590785681 23.6285370640258 19.7810250806988 19.8723078597711 16.099222320427 18.3072612365425 21.1155483806569 19.4727386557347
TCGA-AC-A8OR 19.8697547458295 16.7996469002115 19.5425606581773 16.7760599326155 17.6802428551831 22.376953113501 19.4569259553343 20.122660437522 17.1333697042117 18.8169989188769 21.3227615824899 19.1703143187695
TCGA-A2-A04U 16.2200947324653 14.1584132248656 19.1759540754345 17.4993570283352 16.6012139778884 22.9582708084577 18.5274908227613 19.9658788970931 16.2213033549937 18.9849805766973 21.3899068267333 19.2904380936306
TCGA-A2-A3KD 19.0773319093518 17.5866979645024 20.1691816496544 17.8392543855596 17.802521294262 23.7703645593266 18.966280524703 20.9075628305359 16.6499565195867 18.9442913652392 21.9737809800759 19.9625018657565
TCGA-A2-A0ST 19.0633799047726 17.0244592511579 19.7944417781967 18.1487047898889 17.8919929052345 23.0156737415776 18.9028265328949 19.0991282254042 16.0754452695315 18.1686924453808 20.8954331480635 19.2035478707601
TCGA-BH-A1FU 18.6138263815102 17.1597978738267 20.3381570955006 17.8052408483575 17.6842330531555 22.1855203523628 19.9881417668612 19.2396997465942 16.168130346269 18.0926196635207 21.3862037702998 19.8801666142593
TCGA-A7-A26H 17.0177084807311 17.5118671641684 20.7085215810418 18.600865004637 17.3659374206134 22.4470907295055 19.4736137359865 19.722215331406 16.7978268005447 18.4666891552344 21.0753394054089 20.1225304435646
TCGA-AC-A2BK 17.8242325491376 15.5924385270928 20.1938519226186 16.1547717720023 18.1840989632107 22.6377918658523 19.0327392711618 19.5638361570148 15.1066538215345 18.0502000102081 20.3220686823298 18.7997802579281
TCGA-BH-A0B0 18.2650630618648 16.5536403806534 20.6018776705593 17.4720645028161 17.0726437648878 23.1838057118313 19.3738741515444 19.8008917648176 16.4119961177909 18.3429187305711 21.65022024324 19.4614081792846
TCGA-A7-A6VX 21.7954698328054 17.8546239521127 20.4631039546506 17.8861197180343 17.2223274544404 23.2292008432314 18.8051909218481 20.3576799210831 16.6321727580096 18.9099108605015 21.305791756686 19.0233831913454
TCGA-AO-A03L 15.7542905543233 16.9211308914358 20.4908890998552 17.0741224974363 16.439710253076 22.7120020052935 19.0716411180506 18.9347546714209 16.3988150605437 18.3162439086464 21.3911488007431 19.7258898750197
TCGA-A8-A07S 18.3348909169783 18.2377033849769 22.5598654157423 18.032347030146 17.8168869206916 22.4165398537619 20.0519193942216 20.4795652330957 17.1981048799065 18.7805055077259 21.5422907064657 19.380197818421
TCGA-C8-A3M8 15.4218766554064 16.7583695578276 20.4153311094306 17.4017147510425 17.5789174482596 23.2710771540314 18.7063719543155 19.6101663733192 16.7386456181915 18.6093885867126 21.3742518892347 19.9348027292188
TCGA-A7-A0DA 17.2031006964627 15.6491752005131 20.7435515788311 17.6227821580971 18.1239348282315 22.3276664526005 18.4745370491634 19.3504974341948 16.7306393604054 17.8880824406345 20.9220874701122 19.7094061575825
TCGA-A2-A3XU 16.0560262646663 16.0911513578166 18.6729913270599 15.6807514382353 17.7680317581853 23.4792064479515 19.6427286005988 19.4877866989623 16.0742162546775 17.8166969501854 21.3187716168011 18.5773645113658
TCGA-AN-A0FY 16.1083481208274 16.7060007915265 21.1606980119774 17.54718499241 17.3843179011211 22.7804182247228 20.2658324960495 19.5426233931069 15.6369841093029 17.7374556480263 21.0656044024204 18.8566724596387
TCGA-4H-AAAK 17.1127678854483 16.5932984096498 20.6263061931913 17.0275891827613 17.6773847629639 23.0280560830487 18.3041753360596 19.1411520620162 15.9083180014363 18.0719885686623 20.8225455690491 19.3574972532676
TCGA-A2-A0YM 18.9948877774088 17.076053363361 20.1369319905693 18.0322143239882 19.7841951359046 23.2769972541507 18.8995820493782 19.5755006036249 15.2768850846133 17.7280090858023 20.8519992794537 19.4141474589579
TCGA-C8-A1HI 16.3241414740297 16.7750656977539 20.8780227328844 17.2845588231538 17.1805362325432 22.5022497856584 18.538462340013 20.2930370370048 17.0736456302609 18.7013635808423 20.5104734187344 19.741839933115
TCGA-AC-A3HN 18.2253391262099 16.7022274871303 20.2133106997324 17.5898602299132 17.4479489441265 22.6073925885089 18.4178601680644 19.7165416233308 16.2141300050589 17.9863561708186 20.4158476338339 19.3517096536474
TCGA-E9-A54X 18.1805850608661 16.8120282074666 20.594229446609 17.1073087962863 17.5282537818372 23.1478214638015 19.0856091459033 20.131341259673 17.450472891211 18.6742214382999 21.3496403017901 18.8750315834797
TCGA-BH-A0H7 16.6173890125719 17.1658881722861 20.3038021255385 17.3333854720115 17.8400810106077 22.6208579814361 19.074831081113 20.6333119564208 15.8495112299091 18.2587511846346 21.4669182962714 19.5482235260756
TCGA-A2-A4S2 17.3076970250237 17.8124944480085 20.5553695436342 17.1006582311309 17.3589156538222 22.5360544480951 17.8909151430345 19.586298343364 16.3947618872059 18.3018571886962 20.964120918537 19.0087679248709
TCGA-OL-A66L 17.8051268838042 15.8348109366028 19.8049541756581 16.2918717054509 16.8274672926818 23.7569362038895 18.655612651096 19.1368668352232 17.0658913293118 17.7908813891833 20.5726784784139 17.9892626959226
TCGA-AC-A6IV 17.2429258322093 16.7995437139153 19.8616936072547 16.7810455482419 17.6795424720381 22.364766003916 18.1693469287544 19.2166832225127 16.1928376604279 17.842813781979 20.5611856449466 19.0648890083638
TCGA-D8-A1JH 17.4684784621662 17.0208834904776 20.1461192292113 17.552352034343 18.4785162964631 22.2329332600569 19.3046851671897 20.1013247633526 16.3810668282163 18.2894061712074 21.0055638087357 19.4209414681449
TCGA-E2-A1IF 17.3042997657955 16.8982409830157 21.0585832655954 16.8733220738389 16.8316484644046 22.9361373437477 19.1938557193296 19.3641140989821 16.0230960412699 18.0027321728638 20.8427115562918 19.2380991706481
TCGA-BH-A1F8 16.8162082760025 17.9485297624845 20.4840674403621 17.6036963398574 17.8610590825218 22.4820967127564 19.126983746778 19.2635476008884 16.9002720995667 18.305450091223 20.6574237552963 19.825737757307
TCGA-B6-A0IE 17.3375785796572 15.7866128469856 19.7160956061286 16.7561176935766 16.3743079391016 23.4376695382441 21.0195918292398 20.3537322454238 16.8753524410363 19.6005440350941 21.5484970238892 19.638083446372
TCGA-A8-A09K 16.0035484066978 15.9809287201735 20.5443926784274 17.7614092614053 17.7205602443337 22.103797532089 18.3715215818524 19.9117829969841 16.8721358355999 18.0528868208036 20.3035659056385 19.1365527111124
TCGA-A8-A08S 17.1320912725598 18.8540822788873 20.5633377549279 18.4191200324886 17.4840585245984 22.563266229337 18.3955268559615 20.983166768651 17.0688258324798 18.5768876223081 20.8188884663955 19.3733782350969
TCGA-A8-A08G 15.6341217872394 17.187558625668 19.4253479361586 17.693869714308 18.048275233577 22.6283373972111 18.7322403922042 20.0267664619277 16.4112241459614 18.0638411927577 20.7810789365435 18.9932073823879
TCGA-A2-A3XS 17.3583199818342 15.2259179177774 20.8634609336576 16.7956849507183 17.2106936949325 23.0821820738148 19.4831505685368 19.1631309080288 16.6670967412184 17.4750356415285 20.6497996496995 18.9964008015925
TCGA-A2-A0CQ 17.3978959458718 17.3792807109225 20.8805191356644 17.422385025057 16.9018734694678 22.6521255938096 19.5578928385993 20.3103665248447 17.0047739121585 18.8589828288191 20.9968458546205 19.5875768299715
TCGA-C8-A12Q 19.1962582547436 17.2855150716575 19.8388674130586 17.5497048470681 17.9290658316073 23.0821409363011 18.9042386943943 19.9199982548705 16.0427746657391 17.6689588669162 20.7694952763583 20.0856025398086
TCGA-A8-A07Z 15.3633646528024 17.224344343733 21.9114257665321 16.1214300156148 18.0966854572329 22.6695416482487 19.2365984552692 20.8929245265931 16.4395671344739 19.1324322534505 21.4277750416319 18.4991615303518
TCGA-BH-A18U 17.2163061567628 17.1224168213451 19.4696106078633 17.3095386275807 16.5137560844808 22.4386579030669 19.9484937632499 19.5949606703545 17.1226130671943 18.1910049302197 21.9046336856874 20.1318218430849
TCGA-BH-A0C3 16.9136235136338 17.1036890479194 19.6699124743878 17.819130151329 18.0443071136949 22.3680768540837 18.76801647434 19.756763898686 15.9305456669777 17.6328332280018 20.3766949845708 19.4704589929434
TCGA-AC-A2BM 15.8140903204045 17.599344760769 18.9265271646819 17.9965605837914 16.9730198002127 22.4867751089157 18.707180332476 20.6772683941431 16.8028672450677 17.6350072794898 20.4159300745779 19.1934992843574
TCGA-EW-A1IY 18.3934559099799 17.5852775911028 22.2807740567374 18.3987737567217 18.1186314806459 22.0698893908182 20.0894691234058 20.1528511080756 16.360316200862 19.3209330567838 21.0237567286574 20.0267185193649
TCGA-A8-A07G 18.8508671009374 17.7446555339713 21.2011368715467 18.462880533933 18.3790810863791 22.6656283047225 20.2605025455883 21.4448394803451 16.5560496381785 18.030038360684 21.6662141558037 20.0110278010144
TCGA-A8-A09B 16.950274944211 17.1520411177808 19.4539104282538 17.271589296467 17.7091926339564 22.711304748331 18.7934754256759 19.8312293328071 16.37368820736 17.810534282747 20.5600581703112 19.2546901689697
TCGA-BH-A1ET 18.05751396289 17.7636999299596 20.5783264826862 18.3445764705263 17.0273820239706 22.7721273175641 19.4968130057536 19.7990819041592 16.8643502631522 18.4796794331283 21.2138438547284 20.0103560737208
TCGA-A8-A08L 18.5417903101666 15.8086991818397 19.6118042829293 16.0718952286054 18.7259160470336 22.5195858978352 18.6750891068169 19.1443330664574 15.6444201325411 18.4400101904913 21.7129264878371 18.7378201361921
TCGA-AR-A24P 18.4847693260922 17.4322950611677 21.5273950164939 18.2911461775255 18.0515451610927 21.9049563859834 19.4313771659781 20.0635721869489 16.3057379580355 18.4844216895049 21.1155855877779 19.2324049342521
TCGA-AR-A2LH 19.6802811219304 17.1711249091119 20.5974354894824 16.9927972543612 16.9942047794879 22.7674861157365 19.1349112803972 18.9282904153273 16.8295211532707 18.1505285863633 21.1466184679863 18.8529499560347
TCGA-A1-A0SP 17.7401433597373 15.3887860619663 19.7280838017448 17.1305477683494 18.9653023884921 23.1515290875605 18.5938181686605 19.4875154367102 15.3807764834124 18.0344181080169 22.009865500717 18.6655018979804
TCGA-AO-A0JL 17.4689525354934 15.4532729469129 19.2735068476813 17.1139927956448 17.362854560415 23.7346384294727 18.6550503824881 19.2792236025797 16.1285066924014 18.220922725498 20.30090332124 19.3480453000799
TCGA-AR-A2LE 15.413983152988 17.8245313350246 20.285633513008 18.2647595567409 17.7761967063994 21.8065849468397 19.6894156209906 20.6144442736357 16.0324681693272 18.7736636987872 21.0590518334717 18.9829394295626
TCGA-E2-A1IU 17.9529676224462 18.1173640975959 21.4190524825021 17.3517725656027 18.0766962397187 22.4655728563082 18.4301334585319 20.3872215138708 16.600973758581 18.1854479451322 20.4043826806512 19.2182031221202
TCGA-BH-A18H 17.4530489037922 16.7949080554204 20.5713482715457 17.7477337976255 17.2104954042066 22.5822195121556 18.8284772933365 19.325057695909 15.7687186661938 18.8316841356556 21.2217840911214 19.4049801648323
TCGA-BH-A18P 17.5727914382391 17.6982459511391 20.2145000620198 17.6585561127219 17.8884603153157 22.6272942592189 18.886317994493 20.5113640809205 16.4154034176168 18.2245814889639 20.4254990522539 19.7533242172569
TCGA-BH-A0BP 17.3776335312249 16.0313974725653 20.8219646539971 17.1848156021362 17.9058111563777 22.8295997509025 18.5204085570111 19.8270315217472 16.8767758424651 17.9491620128932 21.10160004113 20.4410793110692
TCGA-A8-A06Z 14.2199820064376 16.9719138825568 21.0251332786719 18.4441613450843 17.5569885319322 22.4578683242943 18.8511993993722 20.1211719286209 16.4734165496457 18.3468527410152 21.2926555231536 18.6755295155391
TCGA-A8-A07L 16.7295774153872 16.6471532619608 21.3514730458271 17.7043252176776 18.2132513000009 22.2358719412964 18.643383059634 19.8014530938355 16.0163527339618 18.1156274143437 21.5564692227412 19.5066526383139
TCGA-B6-A0IH 18.7245571179347 17.7002570492008 20.1428985712187 17.6853357035267 18.1200506420068 22.4252602198998 19.2024781936662 19.9059181484147 15.890242805979 18.3475504802768 21.3419878591116 19.1268782442595
TCGA-A8-A09D 16.7596339957322 17.4329312655319 19.8935679669552 17.5923810462519 17.4819826726278 22.5772442358279 19.0680309198199 19.5398560714644 15.7640921961254 18.3982924158702 21.4883927038388 19.4500964200424
TCGA-GM-A2D9 17.3741233226656 16.3203275560358 20.0945572996831 17.1788149075458 16.5931081051719 22.7056082771901 18.5100958122431 19.898112781245 17.1724632584165 18.2318883272145 20.8565661329724 19.926596573966
TCGA-AO-A03V 17.0987754394927 16.6929885156504 19.8531240676096 17.6844590056032 17.5370550986941 23.0274518952819 18.4780202272161 20.5237023696951 15.8783043857942 17.7163545729963 21.4891620167211 19.5661871861089
TCGA-A2-A0SU 17.0436308105483 16.1134946089547 21.5779539697385 17.4500525480493 18.5161255228726 22.8241147996613 18.5784848374491 20.0648332932521 16.5542848641773 18.6317475953976 21.4464740165358 19.5176581315889
TCGA-BH-A0BQ 18.4517649646606 16.5469390185048 21.3872491175903 17.3873906163614 17.7785648664416 22.8209941877459 19.5497962688489 19.5787257881822 16.6382538139521 18.5555224837613 21.2315690042381 19.4079250988061
TCGA-A2-A1FW 16.1711449591019 16.2522281691156 19.1024051798247 18.108688789472 17.6007467645196 21.7554738430699 19.0550466396073 20.2424717045891 16.656862431826 17.2341272985201 21.0556324483257 19.7467476600585
TCGA-A2-A3XZ 17.7109931942899 16.0217154758174 19.8709811424586 17.7048202896008 19.3452920609794 22.3324027201208 18.1356635670755 19.9433632488942 16.4482524359478 17.9626577215882 21.0274848511768 18.9747082785174
TCGA-A2-A0EM 16.0826029795581 17.6840634475574 21.4312125661082 17.6948837397501 18.4489819067525 22.461108332846 19.4138737826175 20.2968735786245 16.3181580180149 18.5591750411867 21.2730837697215 19.2641180924895
TCGA-LL-A5YO 19.3676686735333 16.3927995704809 19.5735639415057 16.9277795387563 16.7697372250395 22.9958963627435 18.7836359280569 19.4825403061501 15.7840187163548 18.5839047285181 20.0780303212902 18.5257483620188
TCGA-A7-A0CH 17.0485837001212 16.8264656426456 20.199026758092 17.8136726504248 18.2014107050135 22.2898597542584 19.2796540318612 20.029585405348 16.2718938221537 18.3608436906624 21.007000069905 19.260460641229
TCGA-3C-AALJ 15.5608144230459 15.5345926829758 19.8546782748864 16.6471741109539 16.9603414727011 23.2913653595804 19.4768742059777 19.9221440399979 16.3832246755063 18.4658150346746 21.3321316205292 19.0982059457172
TCGA-A2-A0ET 15.3607738916471 17.7195446524096 18.6278165726272 17.1294381474307 16.9882259332329 22.146621157892 18.927290715824 20.4422376939823 16.0518148900113 18.3306690094997 20.5258925715326 19.7542986218873
TCGA-A8-A076 16.0779608239774 17.2527538039149 20.7820722721678 18.2984362427076 17.6312669770454 22.9343360308563 19.8667011518179 20.5804460848799 16.276658954608 18.7984624938286 21.3285972443432 19.7865686608728
TCGA-B6-A0IK 18.4925914159882 17.3843645730331 19.5386976373263 17.5891629076925 17.086950691461 22.831701854025 19.4177188207409 20.5875082756861 15.7393458739599 19.9319280317644 20.9482584824608 19.0758106471248
TCGA-BH-A0BL 18.0232003552263 17.6210807212018 20.4223145935063 17.2202261487779 17.9726286385105 23.0055398151842 18.766577696483 19.2561709651563 15.4549567961052 17.8036450544823 20.8449694710911 19.4571504991393
TCGA-A2-A0D3 18.3008548145936 16.2676497445055 21.4503355785228 17.6801764579739 17.6731364969328 22.005859905555 19.6628660968358 20.1454904153459 16.9163160713227 18.6993560994867 21.102963187936 19.0889674301152
TCGA-A2-A4S1 17.084343256254 17.452671817688 19.6442321638891 17.4415622271089 18.3334029821078 24.1147087190721 19.2596095187291 19.813382743696 15.8952223246862 18.0244582061074 21.8997088070661 19.8533737264151
TCGA-AC-A3TM 16.4597824703626 16.3470349349742 19.4660580261911 16.2324740091172 17.1979742397052 23.1718136978329 19.0240471580281 19.7989626615558 17.0759421010983 17.7311338362357 20.4526863964088 18.1066944505695
TCGA-AN-A0XP 17.039130635384 16.8436613522648 21.0144208558237 18.142947817325 18.1432860707331 23.0655449195163 19.4974840776162 19.9420339824864 16.6559198904338 18.7869591009561 21.1620034988559 19.6316354200517
TCGA-A7-A4SB 16.119042504191 17.1977977677476 19.4901180176391 16.6662022399034 18.3906147449208 22.2255342265033 17.6577532635126 20.4903780536347 15.7626380225479 17.9748994315197 20.7156624890051 19.5945382809131
TCGA-BH-A28O 17.1798309475302 16.500795428251 20.2455024600689 17.0410645514103 17.524548426922 21.9384782862029 18.5723231063732 19.2873772442559 16.6852371943419 17.9111028424105 20.6838652962722 18.8854124711027
TCGA-E9-A22B 15.6112975843154 16.204605886132 19.2175778162604 17.988655355001 16.6013969685603 23.1072603251403 19.5569003673992 19.2257193392103 16.7189692365722 18.4077651691951 20.9543929752229 20.1245834011296
TCGA-A8-A0A6 18.5496318022526 17.287650135158 19.9282433859573 20.1602919343763 17.2622957174089 23.1159700230021 19.0925438489457 20.0339468994434 15.9818530840999 18.5594456752231 20.4942511495468 19.8950649028871
TCGA-AR-A1AU 16.5852008108594 17.2436145691341 20.5652551961654 17.0280165525846 17.9545453142572 22.7309404310814 18.990566036134 19.5473030262805 15.9497529935982 18.1155941576741 20.8311598206909 19.4798977491982
TCGA-C8-A8HP 18.6853604909837 16.008688295658 19.5152892047278 16.3422045332466 16.203528399081 22.8903193400697 18.5931085538245 20.0283291462269 15.7577795684526 18.7595113052883 20.6752016819662 18.8266799785777
TCGA-A8-A075 17.3537023563252 16.696695553128 20.4373867157019 17.7543633357894 16.8942355186674 23.1019198404921 19.8213498178511 19.6770863130614 16.8816145326763 18.2307509392809 21.7212464090509 19.3433156973269
TCGA-A2-A0D0 17.0398123344074 14.1380615301932 20.494638378182 16.5693305059012 17.1314798924878 24.0705299185614 19.7790229554521 19.0469370875785 16.2756756111069 17.9212280702639 21.6415058741076 19.4372795777065
TCGA-BH-A0DS 18.3822910133135 17.3721702071708 19.7856918762447 17.2139022890716 16.8398893270434 22.3092738312982 18.9858898371915 20.0521019188439 17.2339041603187 18.2613326792727 20.6679317917832 19.2840174548742
TCGA-A2-A04Y 16.3152740131305 16.4923564678882 20.6830730683422 17.8390278894355 16.051859670606 23.5996930442634 19.7894106543154 19.1434173632505 16.3593494794294 17.584988926172 21.2079680668037 19.3503027317749
TCGA-A7-A26G 19.3731897964603 17.6620990833664 20.2076746295782 18.1485994836918 17.9059498864338 23.8817976062126 20.8740870195221 19.923900987731 15.6076144754673 18.3777719034213 21.8949959390308 19.8986151860525
TCGA-AC-A23H 16.7529575426954 17.2525379756518 21.685637694262 17.2276353544657 17.9646853855184 22.576121520453 19.5761434540282 19.546499133273 15.9400053106431 18.6029432278992 21.4498159961521 19.592019744365
TCGA-AR-A5QQ 17.2384365020587 16.7619214324907 20.6755768397029 16.5324574752933 17.1141653280403 23.7129809481048 19.1994917014578 19.148595869276 17.1507421777359 18.0305945481801 21.233818993617 18.9768432605875
TCGA-BH-A0E0 17.3575724130641 16.2247169403038 19.7244200334696 16.7091069359241 16.6602527863731 23.5587602813015 19.0962744362234 19.6589538272706 16.2402573552788 17.8378547748391 21.0440139549188 19.1077999761669
TCGA-E2-A1IN 17.5331108891109 17.4087669982081 20.0881484237649 17.4634007229185 17.2091454920815 22.2813042083831 19.3017398027671 19.2583126349188 16.4403247587989 18.2083443877755 21.1541461636993 19.733284841523
TCGA-E2-A1IO 17.4460109704688 16.8530261478891 20.4970857629214 17.8480025212746 17.6394769241146 22.3960908272996 19.3334929011591 19.8700641346505 15.8662658300286 17.6416115105867 21.2925126600428 20.0949159394355
TCGA-BH-A0C1 18.3320857769018 18.0656521111246 21.0020908227577 17.8503169624022 19.1319007854616 22.4425750562558 19.3320912793196 19.6441739252218 15.4899319844255 17.8608057698276 21.3836060735761 19.5480122193276
TCGA-E2-A106 17.7032295319831 17.1941949349113 20.1558805735734 17.6802150831395 18.1826375129557 23.8724829299446 18.5726023499398 19.7402648454582 16.8395923014757 17.9271085010413 21.7285137726917 19.0462584711541
TCGA-AR-A5QN 16.6196875587561 16.3892582190776 19.8076800420899 16.6101248813189 17.4806111973797 22.160034190335 18.7909871466221 19.2445571752598 16.7072553426126 18.0915415669944 20.5828023954991 18.6715095573008
TCGA-AR-A254 17.3069533574745 17.4934124891564 20.6313787136516 17.9504341291126 17.9276302213977 22.5585214783511 19.3138308743017 19.7938329574771 17.104323336758 18.3499211512311 21.1529821910658 19.4699569460374
TCGA-B6-A0RU 17.6025643572474 16.0252814617829 20.8920129956633 18.2646164274782 17.697345487081 23.7018251013982 19.598003052936 19.6285086890096 16.1825224789015 18.9135539200831 21.9449994082984 18.898621474203
TCGA-A2-A3XY 16.7535573096701 15.9427454182608 20.9069761523913 16.8925755884607 17.7972337239316 23.4302540901122 19.0435365543396 18.8643116446394 16.2608445035542 17.2327293062391 21.2397001545306 19.4376087051269
TCGA-BH-A0AV 18.2300515559213 17.0508105510438 21.6620099373677 17.9327263297747 18.6235032257641 22.490511531249 19.5915071829538 18.9927547086522 17.0456251035458 18.1974980457139 21.0494713041887 20.2225532029669
TCGA-A1-A0SG 17.79295802656 16.6082708579632 20.7886888332536 17.6727077552603 17.6078174984658 22.493916302336 19.2749487968837 19.4790792772895 16.6433651834111 18.1262398939539 21.1542459031762 19.3066007122958
TCGA-AC-A5EH 17.7855875176787 17.0218166228448 21.1321344465454 16.6573464714829 17.6165815603445 22.8988352682486 19.0265652605698 20.0551020056131 16.2057797160376 18.3170323039376 21.2711846083073 19.1475422379849
TCGA-C8-A138 16.4764246041117 17.4172595660426 20.3090260410712 17.1561097063453 16.4814214383579 23.0151114544436 18.8495549348087 19.1093940554345 16.7667816624593 18.175866476519 20.8326636729 19.2046172979057
TCGA-AR-A251 15.3537375829874 15.8644114080311 19.8481553118562 17.7140190678885 17.9595310161422 22.8859739012845 19.7856390227648 19.5019360769209 15.9212140494103 18.3397618301013 20.7106925110564 19.99547320727
TCGA-A2-A0EX 17.3044463407031 16.5563588261301 19.766235091629 17.4605651973887 17.5232933704459 22.5159036322051 19.1367521380176 20.1695509250069 17.0857597691416 18.2792625363413 21.1562737779672 19.2754325896714
TCGA-AC-A62X 19.1263795152352 15.9194201678184 20.6300278255904 16.6540124460005 16.3632433318843 24.0821941278506 19.2095810697641 18.2117265099508 15.9802252925508 18.0401180829401 21.1661336047104 19.1714914549644
TCGA-GM-A2DI 17.8168416792836 17.2429018288665 20.6940373000454 18.0593932731527 17.9714533850056 22.3930935493138 19.0343417864008 19.3029940708577 16.2695171933651 17.9654893055211 21.1844073978532 18.9617808936025
TCGA-D8-A1J9 18.3611134491909 18.0037705587704 22.4866109542175 18.2242904265224 18.5576235172106 23.3970562961328 19.3829031197703 20.3231488417457 16.4781249782689 18.9980163706576 22.4500426419099 19.8790568795584
TCGA-A2-A0EU 15.7372693201763 17.6113374903841 19.4138875259059 17.4727916476615 16.8552237331297 22.2757915546569 19.3240906489493 20.2499400676766 15.6295187559645 18.10902259604 20.8612267937831 19.3664969781637
TCGA-BH-AB28 19.2643982607978 16.4774876817823 21.5793030846111 17.0867177716546 17.8951575371198 22.3550219759955 18.5608546457557 19.5115272196176 16.6348452207987 17.6761827637175 20.9374710993222 19.2980361140911
TCGA-AN-A0AS 18.9057333007343 17.0850691560861 21.1485812208566 17.745852153997 17.3471671270752 23.2714722376566 19.366009289561 19.9979472060039 16.9095647399201 19.1748308478226 21.2249007016703 20.071393475348
TCGA-A1-A0SI 18.9774855674646 17.5653476750875 20.6604765685561 17.579151758766 17.2931756947347 23.0596980765012 19.5228894611824 19.1303376440163 15.7493649539994 17.795491543181 21.3902176805807 19.4201589595697
TCGA-BH-A0B9 17.3995245436483 15.2546760504335 20.9231358357577 16.7428531032933 16.6966776339304 22.9355051057058 19.4876695262257 20.1595564587608 15.9701954200765 17.5718388001634 21.2080081756612 19.6887159964537
TCGA-A7-A5ZV 16.6601132034604 16.5199834384823 19.5498907847443 18.4604962870897 18.3332989580066 23.9578240396961 18.9894103919115 20.2753528058891 16.7717063870205 18.1926078013446 21.7391018996535 19.5255523873743
TCGA-BH-A0HP 18.850359567427 18.7761984053385 20.3420472496165 17.7610352451342 18.1029057560258 22.4938981353706 18.6400360252988 20.0393741366512 15.8286457977101 18.0918593398804 20.9507734892066 19.3641338931641
TCGA-B6-A408 17.7220848035649 16.3580992109047 18.9474654938117 17.0323522808454 17.3744713072903 22.3189972907027 18.9473935903924 19.2193148892166 16.6964310402617 17.8986714908599 21.1747696323498 18.8861611928755
TCGA-A7-A3IY 19.9389310463841 17.3495545358616 19.9583326176864 17.178647289779 18.0213195249922 22.9911718492775 19.767270378461 20.3900104699634 17.4379568137529 19.082636987465 21.0560061315533 19.035887379941
TCGA-E2-A570 15.8504156975289 16.7433187974832 20.686480119838 17.0184739940102 17.1669166453313 22.308707898579 18.4284839236583 19.1016696998937 16.0686744900062 18.0316771666371 20.2451401374728 18.9432010913548
TCGA-A1-A0SD 17.1317135993283 17.2985424075819 20.8727967988548 17.2785029294468 17.7126578483647 22.286001338014 18.5665630607642 19.3219946841965 16.4222740673575 18.4496757878237 20.6212169898442 19.5012460639361
TCGA-S3-AA14 18.3231998580676 16.508336535574 20.8616750237463 17.9151617583223 17.697905725689 23.3762808681734 19.6406271217771 20.7791396836117 17.1366256574027 17.6488142219915 21.4208275410128 19.603554367626
TCGA-A2-A4RX 18.954332750486 18.3685900859342 20.702922509199 17.4498955411395 18.4100235585452 22.710667377313 18.9253210969038 18.5294873546765 16.6513133045321 17.6930555425394 21.3695135582315 18.8608639397241
TCGA-Z7-A8R6 16.0622503947815 16.1706585432475 19.9683973549373 17.3786945873148 16.7746873704175 22.5633095043864 19.329030129578 19.5546212508345 16.5463766894091 18.0528859464073 21.7092802886967 18.7051274268823
TCGA-A2-A0EW 17.8254237685787 17.0901516036374 20.2501980193991 17.8913288415557 17.6151731506685 22.1718859204581 18.5571246954681 19.6571073889982 16.2706162916755 17.4642045631082 20.3586502690884 19.1610758726926
TCGA-C8-A12W 17.7509760649671 17.2238983286247 20.1424935682483 17.3650527366682 17.4528469309789 22.9394060152166 19.4685242766602 19.5229711816827 16.895644323567 17.6977209306981 21.2633998033592 19.458314751458
TCGA-A2-A0CV 19.7840489036662 16.0732667879181 20.8235631310793 16.928296908018 16.9692575820079 22.4070867257422 18.9437720523994 20.0584551837415 17.1492239179169 18.4617212858221 21.1436705036533 19.0955230116373
TCGA-A8-A09E 16.8414738046212 17.9930276860756 19.9679604716695 16.5322637314831 17.2919895349742 22.9674474391394 18.0002760817393 19.445986303513 17.0956988377075 18.6428604355586 19.5601138979719 19.2054352908493
TCGA-AR-A24N 19.0445955559004 17.4609534651963 21.2772852352188 17.9922867295668 17.0707438119137 21.9342746778252 19.4574037453047 20.2070666324077 17.1533268983508 18.4656093211761 21.0270452413731 19.5899487590714
TCGA-BH-A0HA 16.4161896863778 16.8979356983112 20.4360907993091 16.8842284264681 17.0248717424112 23.7289046883268 19.5394802061463 19.3511146945046 17.0023568133433 18.6684509312659 21.0930240548766 19.7613848170524
TCGA-A2-A0YC 17.4482683271824 16.4841306607263 20.351023467298 17.700057125993 17.7467059939323 22.1072989531972 18.4149848415765 19.7435899515324 16.6741852845721 18.5941639022861 21.1189742976905 19.101911993552
TCGA-OL-A5RZ 17.2976100983166 15.6635285702347 19.3264591667878 16.6006860420379 16.7276877222797 22.5572358272705 18.3140163978253 18.6837882091379 16.5190182954073 17.7341472235771 20.8386221209221 19.0127146780163
TCGA-A2-A0CR 17.8273642993146 16.1624827807998 19.7248757480745 16.0614411443739 17.7531256972345 23.3735282133934 18.3359425425222 19.706904238595 16.8001197269992 17.6732030713154 20.4974709096369 18.3326447321576
TCGA-OL-A5RX 18.1692786140198 16.2724664247067 21.4171862474571 17.0474055174628 17.3462419806245 21.7691358251194 18.8980641139606 19.3064447663188 16.3102160283735 17.5828341390681 20.7644479101303 18.7465368823929
TCGA-AC-A3TN 16.1609620697138 14.7831801963175 19.9367587680624 16.5559555577137 16.8984868760138 23.2312214482756 18.9816479099708 20.2416581022148 16.8684280839385 18.0529418989589 20.8165885959862 18.5536512352803
TCGA-AQ-A04H 15.5549411665413 16.8585650778359 20.4212976237822 16.6860733759949 18.1222087781373 22.1710959384697 18.6482564780412 19.4590670975564 15.8844039975806 18.1289634474816 21.4127320974957 19.1320047324135
TCGA-AC-A6IX 17.218465683382 16.4972189319846 20.6301718792725 17.1149417763103 17.1967255189751 22.0137106182745 18.4875786145751 19.8934670845268 16.3425326212737 18.0949152477167 20.4546595998073 19.6245168920546
TCGA-AR-A0U2 16.1413601024908 15.9689815037778 19.5103609899209 18.5456968479062 17.589610244432 21.1548650741745 18.980918955302 19.6978581700575 16.9735755981379 18.1137427106048 20.8416811522467 19.814173693999
TCGA-AC-A3W6 17.0078764153286 17.1102795445742 20.4634687195676 16.5248359041736 17.9737661951693 22.9542975790762 18.9690607208469 19.4566096945904 16.3871548000042 17.7571227608325 21.2012384946598 19.4170226390722
TCGA-A2-A0ES 17.8532588233713 16.981555826887 20.5065690560895 17.6346742081547 18.3322917103332 22.415110518045 19.1230290299118 19.659993562754 16.4174842151912 18.3939603558737 21.1906680302887 19.2429900459992
TCGA-AO-A03U 19.2159790911824 17.2458551206923 22.3955656525822 18.1402253562061 17.4404185318846 24.0204265329304 19.5613247397633 20.2170693269237 16.4546350381121 19.006081863096 21.5533553091569 19.4707494699081
TCGA-AN-A0AL 19.3540398926851 15.9242505492372 20.2602978626363 17.5239187364637 19.055472633375 23.5479410278718 19.9998214808563 20.5373658096655 16.1403005679144 18.6022343297763 21.5050554485431 19.6047174007278
TCGA-AR-A1AP 17.8168216019889 16.9170201809408 19.9842146224762 17.4451638184724 17.7618745346524 22.3649117339411 18.4626703010379 19.7568589294229 16.207594798353 17.2032725238453 21.1300992900353 19.3831415196698
TCGA-AC-A4ZE 15.5771214408531 16.143886160457 22.4551457470383 16.9535756164903 17.5911801430192 22.3551549274467 18.1664879823105 19.1646021120354 16.715409377637 18.4185677974702 20.0454029378308 19.0797890717748
TCGA-E2-A15C 17.8969002742841 17.3094328688693 20.5566463024665 17.8078111781015 17.1657313207468 22.1431740390229 19.0111805350543 20.0613747635018 16.8351669997237 18.068332657125 20.9988015922151 19.1829999453725
TCGA-B6-A1KI 17.8683000630106 17.911517326397 21.2895512546734 17.405951897267 18.8556621717288 23.1796365352818 20.1000233431204 20.6371796736415 16.2494188719174 19.0562522914017 21.4091238858702 19.2534845718257
TCGA-AR-A24T 17.0175828906448 18.097080922704 21.0457159103385 17.4016868244585 18.0146931019418 22.1970536238274 18.8362680811 20.0197438919375 16.7258865669771 18.8182665747229 21.2709946997536 19.9845001149361
TCGA-AN-A0XR 15.1099343553962 14.5929820805447 21.4109449318124 17.5118354975107 18.0544637862256 22.91340150151 19.3703077136502 19.5078745515982 16.2844609008274 19.2639405632734 21.1371304661892 19.5488914066267
TCGA-AC-A62Y 18.0032136440555 19.5422203722249 20.2687354864055 16.6792639810719 17.9014219914379 22.9783449242566 18.9756017767991 19.8034901634451 16.5898169504842 18.4334192186104 21.1773235775141 18.7115932884644
TCGA-A2-A1FV 15.8027690493266 15.7575881450043 19.0957981868888 18.6638704289353 17.762303714646 21.3074673123496 18.4639102093055 20.6481245994099 16.5813534026328 18.5957073835547 20.7613270102584 19.1814980857418
TCGA-B6-A0RT 18.5912184099091 16.911614147623 19.6217957883468 17.5053280392316 17.7776220822398 22.4124597755575 18.5355084457971 19.3065595221417 15.7063082537177 18.1731017514109 20.7239429069866 19.09500939916
TCGA-AN-A0FN 17.5456763955729 17.4689436051843 20.77175442162 17.5402398499804 17.318467355598 22.965244676501 19.1018312500365 18.8801775431983 16.1909394234103 18.2830323186548 20.8846318282132 19.8066450582811
TCGA-A2-A25C 16.4189996776922 17.1645313536726 21.2605600657039 17.6999863866222 18.2482123649667 22.4565067973421 18.6166474138317 20.4095068636041 16.5668559925595 18.4188167091346 21.2218580786187 19.3360994194162
TCGA-BH-A1FG 15.7391177561681 17.465677129533 22.2216243940425 18.0065278458391 17.0913646891252 22.8915292718244 19.7179846897085 19.6803701136596 17.235344007004 19.486303740501 21.1684513186018 19.7307573355279
TCGA-BH-A18M 17.4726034197352 16.9250073228588 20.6535561140462 17.7215031962971 17.4301831618837 22.3708911540063 18.6838225892382 19.9695195017028 16.7049691525856 17.8200498800075 21.4744422802089 19.2883899037676
TCGA-AR-A24M 18.2462479419577 17.5372309010553 20.1221356084286 18.1279625246072 18.0850074530541 22.5435645305361 19.5180506372572 20.4698417791705 16.3265487989164 18.2779153859646 21.261704961749 19.9789390643884
TCGA-A2-A04T 17.7892430968029 16.1386644184607 20.0967115919172 17.723515602747 18.2940568035333 22.8714994688105 19.2528567398985 19.5196322588879 16.2642815126994 18.4715063655006 21.892675555785 20.3337760703407
TCGA-D8-A1XM 17.4969681382224 17.9691207922001 20.1831193818011 18.5244417206739 18.0267048107013 22.7081629431917 19.5800158784527 20.1403143555485 16.6336861792798 18.3171465300527 20.9863031884941 19.522043257067
TCGA-A2-A0YI 18.860448500049 18.3369907938516 19.9263238267757 18.3703073560278 18.2033531685839 22.1249468812808 18.6438874389153 20.1216835190126 16.5077998922871 19.2844443111508 20.8728810503966 19.7032767286379
TCGA-BH-A0HY 19.0412257921356 16.5955775237592 21.5319671245938 17.3079869040251 17.4863303923009 23.3107573711917 19.438417700015 19.999091179474 16.3841670198028 18.8960149015625 21.791820200385 20.0975559306101
TCGA-A2-A04X 17.9902667195221 17.0131795446917 20.3327583619904 17.1548972427386 16.2689007305031 23.2561663294774 18.7816545788085 18.6754550029855 17.048704634051 18.5569648054508 21.3248463680636 20.2473280314309
TCGA-A8-A0A9 17.9230596958607 17.6927430158766 20.1459557364904 17.4770956719555 17.3469657992138 22.7523337129367 18.9329176191064 19.3460523799603 16.3699655319202 17.9227724327175 21.2538105504512 19.7762465166108
TCGA-AN-A0XN 18.1982790855604 17.495875819742 20.5910583218847 17.6646017554065 18.1566764859727 23.0961667992201 19.2638478843168 19.3179177049673 16.428328216719 18.4850924334928 21.4114461035911 19.9139812770648
TCGA-D8-A1JF 20.0551505516547 17.7972767928814 20.7993658156724 18.4134704988656 18.3674915129133 22.629322770684 20.2653422557169 20.8175295075763 15.9210165160147 18.5827653264656 21.0394670117316 19.5590361267707
TCGA-GM-A2DK 16.9765865333093 16.299053958493 19.8507861807374 16.9991107264067 17.2219228950496 23.3269517405863 19.2015990305356 19.440880348817 17.0889959077482 18.370810878868 21.2547534289257 19.1930761508224
TCGA-GM-A2DH 18.3159897141661 16.9769648003705 20.3577544170948 17.7338460654239 17.4714431873379 22.7278719356373 19.7180305603303 19.2720625238327 15.6083461387351 17.5418143332226 21.528332476908 18.7582811223092
TCGA-BH-A0BO 16.7910372922283 17.1255959543753 21.4893588897276 17.4987593260026 17.5019701274234 22.0905109271049 18.9708078081814 19.9035371258341 16.1013575027461 18.5124142607825 20.9086101174582 19.1081321517203
TCGA-B6-A0WX 18.1681571986592 16.2028595829775 21.1419481593554 18.4319521273214 17.604901882507 23.7788900650713 19.7401741241313 18.7468908336539 15.756541913598 17.860552310286 20.8942418486205 19.5065354674947
TCGA-A1-A0SF 16.9344546278733 16.3229445835112 20.6520489525382 17.4600501683082 16.9753762299653 22.936270746702 19.3928051176851 19.3838077326399 16.4040335722106 17.9355359428328 20.9447920311797 19.4027129964939
TCGA-A2-A0CT 15.6924466749982 17.7468970340285 19.4323079253771 18.3601867636119 17.0141184561552 22.6077768179786 18.8867527927655 19.5035289668153 16.5387686983561 18.7740881446655 22.1063326949349 19.2514041032819
TCGA-A2-A04Q 18.8464722075631 16.3151137642461 22.0804174818586 17.1428532162504 17.2460390033439 23.7102939903021 19.0867612823374 19.0377990293099 16.0083819693231 18.1738484616141 21.2665238134916 19.5799023808244
TCGA-C8-A3M7 18.5132597917632 16.9926804889697 19.8475565231312 17.0976160985223 16.917045223236 21.9091349819155 19.0453331952049 19.5836438678047 16.0733073846224 18.2861513210091 20.6023571922436 19.6178523384065
TCGA-AO-A0JG 16.6937586504251 17.7744746407796 20.3202672699475 18.0782061491068 17.3218380269157 22.1610687045814 18.4536494124 19.371337940449 16.1535232475907 18.3765602420534 20.5153645690529 19.9120414138542
TCGA-BH-A0BC 17.5034312902628 17.02433387876 20.4508019254621 17.5957388912202 17.9081992698227 22.68372667005 18.9005735217553 19.4010899700129 16.7475076433654 18.3088998092786 21.522429444971 19.7767801606255
TCGA-B6-A0IQ 16.3674633840278 16.4120348933657 20.6143988588328 16.3180650788017 16.9706221256068 23.7676372891759 19.5005839205844 19.4864250191351 16.5827884144039 17.3417680872434 21.6761270459102 19.236770536647
TCGA-A2-A0EN 18.7517628307649 17.0619339542038 20.6169687139533 17.529845762969 17.368988524594 22.5720520828512 19.1026985360033 19.7623849623085 15.450228749932 18.5043422709501 20.9988508360119 19.5987212459845
TCGA-AC-A2FO 17.7763739427545 17.1456566478602 19.8025079697716 17.3886074447523 17.7909470458587 22.1967688460418 18.5659227954274 19.2856316967504 16.7291846986662 18.1291586023899 21.1127705470667 19.1062999348864
TCGA-BH-A0B5 17.0402486923464 16.9830269947116 20.3588296715269 17.1926283854285 18.2029342815864 21.8976677588924 18.7210494148496 19.7328257644825 15.7960490951194 17.2714843672915 20.7679615577723 19.0952104751171
TCGA-5L-AAT0 17.2635323967668 16.376307447475 19.8723086885079 16.7480696505448 18.0531060649826 22.8642657884209 18.9815350558633 20.2621130701173 16.585411553702 18.439239433393 20.9073126010932 19.066971929998
TCGA-A7-A4SC 18.285873781187 16.3992290286703 20.763458098578 16.833299918246 16.8676973677435 22.6330400172822 19.7489462610833 19.9610844159668 16.5726195036816 18.7126099309995 21.0161749794005 19.3598271018081
TCGA-AC-A3BB 18.064360049035 16.887307648525 20.2603008813062 16.6191467066445 17.2624371849361 22.341578208145 18.6825943370455 19.3026511258778 16.8908716461436 17.7910956506354 20.7423642579507 18.901306027236
TCGA-AR-A1AY 16.8460387713324 15.9259339985698 20.845843695156 16.9317506458575 17.6669120789625 24.0969745442781 20.6698035359449 20.5401479773872 15.4258920769508 17.0506536505229 22.4178712659905 19.4441567658676
TCGA-A8-A06Q 17.5114102682716 17.7755460182087 19.0724175327578 18.3711526071362 17.4433043892953 23.7835497942597 19.0497148879972 21.1503647137237 17.2506244771274 17.597470479905 22.0163773515599 19.1327350623399
TCGA-A2-A0T0 16.328934523438 15.7241425025557 19.3920216348348 17.2561046609018 16.9724184542074 23.3013417218217 19.8659135125841 18.7938475340101 15.9380893372703 18.5257870984547 21.1691680668 19.5694824139866
TCGA-A7-A4SA 16.7832914511743 16.8093093163881 20.9089388859622 17.5493952814266 17.87455730096 21.9485142562389 18.3040078945917 19.2390031482107 16.5520932684964 18.2346889641142 20.8149026982046 19.1468782687251
TCGA-A2-A3KC 16.741014027971 17.5629688091116 20.3765658708015 17.6670410996165 17.0134108779074 22.0031618523881 18.4745809869892 18.1349883005056 16.3503878724586 17.9776725306579 20.4581296987669 19.2044847685029
TCGA-BH-A0H0 15.0761344096493 15.0970484091496 18.4312783050702 17.4768643688351 17.2828420581833 22.4779293354738 18.7352580149584 20.4280848761952 15.8752965973014 18.9733628726666 20.4205863719579 19.4615297477828
TCGA-A8-A07O 17.3134986546501 16.7362376820712 21.1205922713886 17.592170136106 19.1865323602992 22.7046576148426 19.337017586299 19.9732491876869 15.3063160895508 18.3604888503573 21.7669039372157 19.2592281055804
TCGA-A2-A25A 18.0556568535614 16.7371686281901 20.0914954414852 17.5559971909763 17.7955291495945 22.1583730539573 19.1936450006647 19.6182169740236 16.2116102841093 18.0520508249764 20.8633121426056 19.4284239784861
TCGA-LL-A441 18.1803615880729 16.1611037363083 19.6314571788903 17.0586145608943 18.5105168917515 22.774216797833 19.3002609833109 19.4935693213486 16.2441791121436 18.2012160521587 21.3516045091365 19.3958331562072
TCGA-A2-A0YT 17.9782831619366 17.5192504989707 20.4807786959174 18.4734727258745 17.6733770739665 22.5694702282216 18.8382783542416 19.6077415812333 16.763245419278 18.1376868259032 21.1362284397942 19.8968173597219
TCGA-E2-A14U 16.7126257248002 16.1453845004292 20.2284213230688 16.779083670572 17.7909695744791 22.0487919018247 18.7765015849582 19.5657841885645 16.6452799479903 18.2414478772476 20.9290488205657 18.3683287136003
TCGA-A8-A083 17.0898469735332 17.493509704259 19.9638726346983 16.6081062743385 17.844872349549 21.997429070659 19.701726136383 20.5509911171167 16.5922843726669 18.8454155476779 21.3534634673132 19.0010471400991
