X8342 X8359 X8290 X3018 X8337 X723790 X8468 X8370 X50511 X8338 X8334 X79682 X55839 X4001 X401541 X10735 X5928 X8467
TCGA-BH-A0HW 12.4875258936714 11.9692860472371 3 10.7067009633891 11.4771270444911 11.4383486443853 9.58219443359045 15.02975964509 15.4046035937823 14.4523465388772 22.7787135636319 17.9137126554894 14.5599094856121 17.8532702599437 13.3702543343583 18.6887759593514 19.3125332062972 18.7657348867922
TCGA-BH-A18S 10.8426666554941 3 3 9.29156000623536 12.4812977715797 12.5942596320858 7.21988087874653 15.525500527703 8.53863889369879 15.8028868323007 22.1180223520468 16.1560032658664 14.4738088132017 16.4239787845386 12.8885651997524 18.6834074666249 19.4742409042968 18.8295869443949
TCGA-D8-A27E 3 3 9.32607460624419 3 10.7090840422784 3 3 12.0475972565226 10.3241519734229 14.3115498919155 21.3170956715068 14.4046848647594 14.9211706419389 15.9127146500267 14.4803315673324 18.8902078233352 19.0462923168729 18.9274522294032
TCGA-E2-A1IH 9.80009877244954 3 3 3 3 3 7.17329444849248 10.0829405511525 11.0484117982828 14.6607473125491 21.1758645613988 17.2757919571468 15.2709398437676 18.113152361468 14.7437245732454 18.8218469897894 18.9280488291409 18.6320963770313
TCGA-A8-A091 10.3026368979933 3 12.6594485192437 11.3196109370583 11.0936734853354 10.7343562778007 11.6011256300253 12.2439815154738 11.9215394858584 13.9043955743517 21.5295392510837 16.6679369329362 14.7808724686279 19.0596092530554 14.890585109235 19.427510579048 19.0354034710793 19.1573703009046
TCGA-A2-A04W 14.4062259960537 3 3 3 11.0766780031082 3 3 11.1111246074541 9.28781896964962 15.9571551352825 18.1789283490072 16.8265146185647 16.3991262463795 17.0193201002128 13.7225131301265 17.6277377541622 18.414597184935 18.3946337075482
TCGA-D8-A1X5 11.2663526376781 3 3 3 9.74812821354836 3 3 13.0506863295838 11.0255648081195 15.5857631096001 19.1614001733168 17.9458227022007 15.0291054803439 18.3443443104762 13.5327947142821 18.3855246083014 18.6780741792581 18.7834828720376
TCGA-BH-A5J0 11.9474331186871 3 3 3 10.8388455213508 9.80658713703394 8.69166829285767 12.8162370607835 10.210141909424 15.7183937101562 20.4668056538372 16.4387798079311 15.3517371758583 18.0899944227759 15.1676767377375 17.5584716727248 18.406413293275 17.7707842405966
TCGA-A2-A1G1 10.553431819778 9.84656680193419 3 9.99375193170718 3 3 8.46760709201752 11.2506787717228 11.8920916275295 13.0983272715393 18.0117082807022 18.8739461146941 17.3745066847729 19.4526354375406 13.6340935069414 19.3721284636775 19.3277701694765 19.118882435974
TCGA-A8-A097 11.041575328237 3 11.9252067486443 9.89991464142812 11.5130288274572 10.4782987056653 8.37521073516354 14.0827327156065 9.46042699233043 13.1191813160944 20.9620248307982 18.4719717156556 15.5210359367541 18.9525300203394 14.6208593903089 18.3171488347309 18.548670867663 18.8382610598171
TCGA-C8-A130 12.0062774823511 11.8797426545112 3 11.4442731099646 9.49256572998169 10.4458634633 3 7.75800048420967 12.1363619940633 16.0360470601553 20.2116801832525 18.6209320403485 16.1878821111568 18.9301029551107 13.8040568489469 17.9084008600615 19.2239256486392 18.0215758861358
TCGA-A8-A0AD 10.2743865722006 3 3 9.71548735552957 3 3 3 11.4288645256361 10.8490938000759 14.8755944716753 19.0991424499342 18.1420661055373 15.3280841545276 17.8689906383453 15.5016037805745 18.7030044286039 19.1763292833617 19.2167518660577
TCGA-A2-A0YL 3 3 10.4409578824806 3 3 3 3 10.7975075275191 11.9662216267825 14.4905828651341 18.4762802209001 17.3528164570251 15.4214705762634 18.2034298624159 14.9708975476661 18.9001741496959 19.0383137506217 18.7052933414739
TCGA-A8-A09G 12.4897760883426 12.2928880842569 3 9.13770606281692 9.17352522670031 3 3 13.239790840408 11.3999798269681 14.2322923160264 21.0147079515847 17.9416735304116 16.3631904331472 19.2449163751886 13.8332191889885 18.194007817081 19.3652356772879 18.0288693299804
TCGA-A2-A25E 11.7230339780522 3 3 3 9.21219198105208 3 3 13.2538909111087 12.5623455025949 13.6868081794504 20.743392934794 18.8865308830789 16.6358596480576 19.2895035325124 14.3848482697536 18.7114958174926 19.7194489991471 18.8775036864532
TCGA-LL-A73Y 3 3 13.0017328571617 9.33181792532629 3 3 8.2203034582483 8.60724559243975 12.1943554161102 14.014078901237 17.7525596866909 16.34081238141 15.6999519351017 17.4826619129847 13.2386926236512 18.1298674604949 18.4585671679869 18.1000076350657
TCGA-AR-A1AK 3 3 9.69835203095316 9.47362037023892 3 3 7.39483793671251 10.8968325482397 11.6950189738655 16.053214259532 18.1419043810145 17.4747131065006 14.902287148807 18.379320780308 14.3733207053844 18.3158736175791 18.682653861179 18.3791068805127
TCGA-LL-A740 10.1448836229146 10.4312812278932 15.7986099147878 3 11.6113318491184 3 3 13.5362679225366 10.137757796425 14.8562468572168 20.1119511354284 17.4211919445306 16.1121346856953 17.9964426284697 13.9311373450695 17.8112071666592 18.5851514417959 18.2566489655058
TCGA-A7-A425 10.944789205594 3 3 3 9.42875135482638 10.9637706971761 9.26178296236649 12.9260109946544 9.9435142301026 16.6867079198089 19.4890407388369 16.3920054414913 15.6544075051411 18.7514023090409 14.2526574970292 17.4669825933122 18.1005149792548 17.4673673748703
TCGA-AN-A0XO 10.6376990994299 9.93055708232545 9.31245824484546 10.0778115755166 3 3 7.02577962188662 13.706542632708 10.2179457819533 14.3521928587996 20.7234343644489 16.7663340302192 15.1382135097906 18.6413156279776 15.5325462024446 18.777572027346 19.1301032452349 18.7642558134094
TCGA-AC-A3W7 9.62586115372749 3 9.29344429965387 3 3 3 3 11.2231084885756 10.8732028157036 14.5779675268262 20.1941035857481 16.994570504241 14.6417653630394 17.5241045197764 14.3243108864975 17.8794592777872 18.4139822445231 17.9132442375922
TCGA-BH-A0H5 3 3 9.66744969386597 3 3 3 7.36513065561734 11.7803831067756 11.4717519933105 14.8630272025485 21.6704537887089 16.4509845338768 15.2742236013438 18.2597326484875 14.3666394783692 18.5096180365719 18.8965027718987 18.6915883314814
TCGA-C8-A1HL 10.5306293596061 13.3970835262837 3 9.97100776817389 3 3 3 14.2009017635198 10.0122750041551 15.9155741307467 21.1455621248362 18.4265010677581 17.7468166404774 19.8269834146164 13.6470253819068 18.162452602443 19.03070900801 18.3105242638524
TCGA-A2-A0YF 3 9.83480547888098 3 8.99334837901569 3 3 6.93532817198992 10.7004537844705 11.63466076902 13.8932594310473 20.1036264071508 17.3386735165424 15.2107999025021 18.4691885855259 15.0717533961993 19.0551391448657 18.8014246408044 18.6723476411659
TCGA-E2-A15J 9.95076652734462 3 9.61757836737065 3 3 9.39045310729377 3 13.5943896288472 10.4257223813274 14.153934479263 20.6737672335081 16.3000309630373 14.7620680752045 17.7692893322782 17.0298948226638 18.441950530276 19.2686363121607 18.5475814619842
TCGA-BH-A0BW 10.8973580670897 10.189457232893 3 10.3369017926719 10.3730086439042 11.6509118053561 7.27191198899934 13.236549842883 11.1522321085318 14.3817138691403 19.8051030066473 17.9042491165484 17.5383151179857 18.6496005679822 13.9662035015394 18.8502257396195 19.1326175089697 19.2169199600303
TCGA-A1-A0SJ 3 10.2838950303477 3 3 3 3 3 12.7756752735404 9.83983252578949 14.9530433119682 17.7000813868009 17.8924025579983 16.0048380443683 18.7937853845628 13.396155346355 18.8121021064168 19.2266291615223 19.3159659672938
TCGA-A2-A0EY 9.93321339259369 10.2193188456774 10.5926075940373 9.37549765284661 3 3 7.30043644280125 9.63614052940376 12.1184149961188 11.8907193123198 17.3591280798785 15.6572626089919 15.412048186082 17.0615361130926 15.3487367300748 18.0674454131233 18.3865542334881 18.0697086303027
TCGA-A8-A07R 3 11.5892930940314 9.39335459951141 3 9.20500961952198 3 7.10278184523111 10.2295383343773 11.3418799170051 14.8489680168563 17.5406918593796 15.9480236833857 16.4653494226419 19.5562606473701 14.5659940244254 18.7574208294443 19.4745239495012 19.3225256632726
TCGA-BH-A18G 3 3 3 12.9184556492772 3 3 3 13.2405977216061 9.58138533045911 16.1837455207204 19.364089182785 18.5325798240581 16.7767200359878 18.8648661093541 12.5170613294571 18.1559757675622 19.1382981221309 18.2781771005657
TCGA-BH-A0BR 3 3 10.877426624482 11.2339426659527 3 3 7.57336706090549 12.3023315288725 9.89062968087855 14.4222943428843 19.3346730930391 17.3287549891508 16.4129456484162 18.2626014483887 15.534959257629 18.0855890565056 19.2897170890247 20.3087537762866
TCGA-A8-A06N 3 9.55582126981708 8.93961288816929 11.0163265766811 9.73871685662893 8.71400500286996 8.18137426776578 14.1128854879432 13.0224746036539 14.773477392963 21.0096051987539 18.3198972948018 14.4390544251456 17.7749342207052 14.1233599201206 19.3072430886127 19.4141333905362 19.0719882239001
TCGA-AO-A03M 12.8662305553522 12.4180737597851 3 10.5719764150789 11.6044146884931 9.98825983841585 6.94363824766405 12.566790613025 10.8050788479503 15.6385820228715 21.433223121482 18.650511600044 16.8114585342755 19.1130440333227 13.7573997117707 18.392423433119 19.4399308834644 18.9324316311215
TCGA-A8-A09X 10.1539624912748 10.4403716925683 3 3 9.63140729073622 10.5854236701442 7.51237360893045 11.5482982475612 12.5171018625723 14.7543872916907 19.0722293798011 18.2882042750425 16.6031603310736 19.4135864675386 14.7707869952035 18.1362171601763 18.3838861842351 18.563844560002
TCGA-E2-A1LS 3 3 3 12.2143558814741 10.9322444305802 3 8.78370581427052 11.6166557140444 11.3765112831296 14.7420071671529 22.0480273410493 17.0840680670304 18.3109321142507 17.0440489450125 13.2217254431567 19.1342883720271 19.5300592196883 18.5201675092918
TCGA-AC-A5XS 11.3220699747024 11.6094983066681 3 3 3 3 3 11.828290339781 9.01099638565634 13.8696055949696 21.1239415417695 17.0197482085637 15.5293381430033 18.4496118906675 13.1816568369385 17.3643344672354 18.668989731423 17.7441183258037
TCGA-AC-A23E 3 3 9.37659660274173 3 9.18827992266893 3 3 9.73114944103914 10.2824567263633 13.8324073599252 19.5774077637001 16.3091538218064 15.186107388357 18.328188243732 15.736916371467 18.639527668172 18.9952438586265 18.704458982049
TCGA-A8-A06Y 3 3 13.4347132306997 3 3 3 9.09511225537385 14.3614388397014 11.1827508230076 13.6116247441599 21.4554475737098 16.4031961336321 15.5240001962917 16.4592605454196 14.5265472860783 18.6501542475198 18.4111540090393 18.4533838898966
TCGA-BH-A0H3 3 3 11.3917326197338 3 3 9.17783919157059 9.367125006358 11.8863632376153 12.805575850246 12.6917390594355 20.3038051346462 15.8194063367222 14.5843566624283 17.0260124255289 16.2015562383348 18.8249732364864 19.272991204971 18.8116123423289
TCGA-AR-A2LJ 11.7884598194217 3 9.87631748610917 10.6441172013977 3 10.6415697712702 9.1101669110555 11.8105413191866 10.6855063121341 16.6585124139624 18.9940667725508 16.6575350538828 14.4329316869784 17.706042323237 14.9922831589766 17.1633930082757 18.5337864594312 17.9652341801297
TCGA-A8-A06U 3 12.3711057646057 9.75782765317989 3 3 3 3 14.1738255954901 10.7582547355115 15.2952119422338 21.1278486722737 17.8329074826185 16.3888376572181 18.5633908543765 13.9596122366072 19.3432575460845 19.0315711931853 19.3429170990911
TCGA-D8-A1X6 10.5358669866481 3 10.7833519895114 8.98764494152613 9.02340823289447 9.97369203503299 10.1640309499284 10.9346234783237 11.2481140982075 14.0186462143613 18.7647099358103 16.8429782308044 15.1497595766932 18.7257534466597 16.924613767489 18.3234667583977 19.4691886420936 18.8171803111308
TCGA-A7-A6VY 11.469799637369 10.1789975599315 9.55988942521846 3 10.3625403195305 3 8.79586569061601 12.4898637458621 10.8060458219468 15.2049366596728 19.4308816383043 16.819845018253 17.2756340207131 18.9753842450999 14.449908115868 19.1619137905985 18.2184577038405 18.7007420939474
TCGA-E2-A15O 11.1182357762022 11.9890837548214 3 3 9.60095862309792 3 9.02427098564836 12.5700242106402 12.6925647148101 15.033891590455 19.5488470228819 17.7926701113028 15.4859459699239 19.0999514541853 15.3042656526234 18.3721258306162 19.1864204855304 19.5110828839302
TCGA-A2-A0CY 10.7336114471703 3 11.9783968179984 3 11.2047003080524 10.1709593685019 3 13.5572609729414 10.8633527037304 15.7808018365595 19.343092389313 17.3594070730532 17.2924265825592 18.3781871335793 12.9511305619417 18.7697404174783 20.569460600735 18.6683098015408
TCGA-OL-A6VO 11.4256579420393 10.1350392673583 10.5081943321891 10.2824466600736 9.32755479489431 10.8617676021578 7.21999976901183 10.8648272399511 9.97830796203979 14.6612370641984 20.8207992598532 17.3979418980435 15.8644630110226 19.9908723942013 14.1559058283632 17.8265490515387 19.6449857808822 17.6535985187072
TCGA-A2-A0CL 11.5023333008188 3 3 9.36762103058202 3 9.36509182274898 3 10.6209375618107 10.179233349972 15.3718290167764 18.1538574195973 17.2035086780258 16.9854310818312 18.7435939843848 13.9130944882363 18.8558998677689 18.7083647988045 18.7984536024889
TCGA-AR-A0TQ 13.4495515294678 11.419057405536 9.22480265817636 9.98968181001659 11.3409979213059 10.9814445189006 6.94258453171686 14.2311169349593 10.6790127921568 16.3409748172364 20.389018592122 18.388648245275 16.8738493649534 19.3891737993089 13.9136241232488 18.5618482491391 18.8436176726624 18.9196278135582
TCGA-E2-A573 3 12.0204068967014 9.8209894712922 3 10.6247317254413 3 7.5129683465404 12.1690580954394 9.41725643943798 16.1983517731241 20.073855080775 17.3849243985009 17.2014881786827 19.1643525524438 13.741996671157 17.8620592957804 19.4869281154572 18.0687567822285
TCGA-A2-A0CW 10.6456319977337 9.93846472499147 3 9.09630747324492 3 3 3 14.0258050676272 9.64571350530053 15.1596304334482 18.5783033929725 18.3020531608787 17.5269117013794 19.8661655355327 14.4081756347061 17.2669364186009 18.9172228281013 18.6710934209878
TCGA-AC-A3EH 3 11.2330492307772 10.611153269567 3 3 10.3827677141256 3 11.1048859636433 8.64011932572858 15.8837890670319 20.1820756448128 16.0519420032805 14.4614532052049 17.7821511387696 13.6704794789388 17.8674487013585 18.790731834736 18.3014646110776
TCGA-A2-A3XX 9.9068949105241 10.1929609453899 9.57380105991973 9.34928258007519 3 9.34675376921392 9.21826663095213 10.602467768199 9.58086741753658 15.2537518529403 20.019014739604 18.204397892497 17.0823378105969 19.2988599961337 13.5155534536541 17.9771894920857 19.0589269115392 18.2088756955973
TCGA-AO-A1KQ 10.3905481554759 13.6710545089896 3 3 9.86731927892634 3 7.74085088149436 12.6075399818058 11.580156112009 15.9631318221288 19.0049067266445 18.6985123962596 16.5789559020838 20.0687664923649 13.7861691886517 18.7161593994423 18.8025777780668 18.6978196993148
TCGA-BH-A0HN 3 3 12.1549293494625 3 9.97315570315939 3 7.84371638215075 13.5821040967119 10.3384045259868 16.4550875203662 22.163023477071 16.9202791823243 15.1865115048426 16.8629744278317 15.651888414334 18.3299917488345 18.8140726473373 18.0120878820725
TCGA-AR-A1AR 9.40066159959074 3 10.0581049053377 3 3 8.84293601530071 6.79526900981836 11.2583312413291 10.4549427100661 14.4795890382113 19.6110687557664 17.8983456554336 17.231785271788 19.3136834072351 14.1533527306567 19.172729951884 19.400843970563 19.441467569429
TCGA-AO-A0JD 10.0283112814752 3 9.69496326789154 9.47023716752765 3 3 11.1336537533594 11.5286864636125 11.2165321848201 15.9837116963234 20.0537616708338 19.1684990166897 16.9102955737602 19.5534668836568 14.3224295622405 19.0881199073918 18.6655547710085 19.2364376843211
TCGA-A7-A0CG 3 3 9.71484642364398 3 3 3 3 11.0648214758492 10.9619129741995 12.3277840939798 20.348951257853 17.0343445446594 15.215484432045 18.0929429194545 13.135899514084 18.8972461625404 18.8880210981485 18.6821343942542
TCGA-A2-A0T4 3 10.6838191055288 3 9.83786380466292 3 3 7.74722017960601 11.5520242219079 10.2389433199359 16.4424499343901 19.8191071769664 18.3605524500173 15.4047279723162 18.8404671199902 14.6907837399783 18.4664293464733 18.4061412959062 18.6144653052102
TCGA-B6-A400 3 3 10.294076189562 10.6499198035872 10.6860699420034 10.0660033002414 8.54131544011055 13.5701798931681 11.6176010617239 17.3948388341995 20.0471208752513 16.8529933543436 16.3158297809551 20.1084358559083 14.1398281065359 18.1180672125998 18.7614405265924 18.0809882369521
TCGA-E2-A576 12.3602984491255 14.2319091606812 10.0329149311492 12.7963811632887 9.84370230702077 3 8.69025263994437 9.65762843037378 11.8395046694089 18.1573480967005 19.7776428530932 17.9076559529242 16.3741588861791 17.8960134745309 14.5449140836885 17.5326034539936 17.846770480892 17.7538532342316
TCGA-BH-A0WA 11.875697953269 12.1633865937049 9.55183713366766 10.9002934030199 11.933524379816 9.32482986044512 3 10.1678570842277 10.7203010891248 13.4249525530968 21.0098906941762 17.5385853667734 17.0611968288708 19.1993670499445 14.0901168237572 18.6273998633093 19.3464801323548 18.575882953228
TCGA-A1-A0SN 3 3 9.48124019501534 3 10.2835215386593 9.25436574397008 3 12.0890638175926 10.0678976447022 17.2270704610158 18.776269835746 17.093751397355 16.105539179556 19.82015310218 14.848921631339 18.7318404944698 18.6309573873074 18.0688359000614
TCGA-A2-A0T3 3 3 10.9788207620227 10.7526973467876 10.2071554375214 3 7.11412282708838 10.2414973740672 11.6084236909029 15.3633899588474 19.9778330074178 19.8231452994217 16.7079003754575 19.0511196759363 14.8039545411355 18.3099899459888 19.1469685885308 19.8257264079287
TCGA-BH-A0AZ 3 11.6702354501537 3 10.8214927493777 10.8576629184576 3 7.73750148486721 11.9883817570679 10.6415456717372 14.0458838817002 20.7241817069994 15.9517853983249 14.6907873160534 17.5825859566946 14.4057477213544 18.2027170602299 18.8884215643954 18.4486915710857
TCGA-A7-A4SE 3 3 11.2883942821993 3 3 10.0649296524404 7.97071281479426 8.35588697558881 7.36279500980063 14.0464491161375 18.0520468469428 16.8873822154577 16.6897910175231 19.995632069943 13.8674927977132 18.1553118774326 18.9400080542894 18.5548310604881
TCGA-AQ-A1H2 10.4844335186052 9.77780762786046 3 8.93675733855472 3 3 6.88164654416641 12.426583232799 9.62140959738319 16.1152594547306 20.5663328466466 16.6933219016842 14.886107753698 16.7661915501756 16.3184706890105 18.5695654721354 19.1417260853784 18.9811309222451
TCGA-A2-A1G6 3 11.0860101919348 3 3 3 3 3 11.0829421437636 11.8587696347955 14.1517146199165 19.4179283054361 15.4930139234007 14.2240080874971 16.1668383681562 12.8648463474396 18.7901154392753 19.175598898172 18.7355366459391
TCGA-A7-A13H 10.7454817098023 10.0380081092648 11.7278321745309 11.5013141311827 9.23106303405608 3 7.12766617819337 10.447236729683 11.2218337645604 14.2905985799157 19.9031193001734 16.4084388964258 14.1487506416219 16.8735581121972 15.102159963658 17.8824625152917 18.6470266123412 18.0974186156153
TCGA-B6-A0IP 3 9.84463368417381 3 3 10.0278640458429 3 3 11.0567674466864 12.1479590947352 13.9031690023061 19.359351523645 17.4128960918821 14.7598880100142 18.4812648907215 14.8797194951679 18.4118139157723 19.4590424414756 18.3883608506705
TCGA-A2-A0CZ 3 10.6286233259987 10.0080758401858 3 10.812486732574 3 7.69385350323285 12.123324974293 11.3303822279004 14.2999590208314 21.395418681351 15.2245429158673 14.2561542015413 16.3791148080948 14.046321664979 18.0475115060673 18.5615907791847 18.3466086665193
TCGA-AR-A2LK 11.2414598186984 9.95166972754784 10.3245054425537 3 3 9.10690369336887 3 11.8785559150821 12.7672176592766 14.975949458624 17.8501897818121 17.4999825723514 16.2887999946159 19.9242010109986 14.3986741091051 19.2306652145117 19.0308731852498 18.996734249331
TCGA-A8-A06R 3 14.1729524900088 3 13.1155887191467 3 3 3 3 10.6552616583744 15.9209747685281 18.0268878526429 15.6777297150335 16.0051432849016 19.0475325341618 13.6603705516479 18.3009966170859 18.8923406858251 18.4816164519309
TCGA-AC-A3YJ 3 3 3 9.88011884844836 3 3 7.78827776502955 13.2200388581295 10.1125213327032 14.9214136663522 22.0038394127426 15.1775955726215 15.2594868426278 16.7015346403465 17.3246266988251 18.2041741167811 18.619057233492 18.0326292051583
TCGA-5T-A9QA 3 3 3 13.5248921312356 10.1112820296357 3 9.53239404298981 13.9137385313178 10.476767202785 16.1178660495067 22.1044389272203 18.1990656252465 16.890515165018 18.741421374795 12.9564696494664 17.1287294591989 17.9389101299055 18.2228581780699
TCGA-A2-A0CM 12.2775453042178 10.5710705198605 11.5278494350436 3 10.7548982436059 3 3 12.6211112467297 12.3745538935371 13.8272924115999 20.26066554626 18.5503500918177 17.7301359297733 19.9291981386945 13.705789719071 19.0860807658991 19.095707173334 18.833321887424
TCGA-A2-A0D2 12.3328646813695 11.884960016699 3 11.4494865682757 3 3 3 8.7362222908448 9.50294336624604 10.9807371489348 17.7687572364455 18.8109606277978 18.0012624910777 19.4792892100856 14.6470403829503 18.3069222055516 18.9713874367812 18.355132429707
TCGA-A2-A4RW 11.6597222668007 3 10.3289060230666 10.1033369424109 11.717529164693 3 3 11.9442478979696 11.1395258470964 15.7101455882493 21.9912082509234 16.4601833396694 15.8761729794884 17.1257403354286 15.3923438225885 18.1754296150912 17.8232151696445 17.9494650254828
TCGA-A8-A095 3 3 11.5147898025787 11.6093689224337 9.33801572008652 3 7.23002568782677 11.7206379580985 13.7379947571176 15.0616679290299 18.7869760955558 18.361934845636 16.2236104849795 20.3947969112776 14.8845315361204 18.6984925454482 19.5288003593713 19.0160610615997
TCGA-A8-A09R 3 3 11.8478490657368 11.3589828648974 10.6610907195947 3 6.99347913391447 14.4565857244224 10.276230308583 14.3702147907078 20.734436311033 16.9271742713652 15.7846914149393 17.8420961798174 13.9894879599316 18.6445134272911 18.3474712158217 18.3173929188663
TCGA-A2-A1FX 12.0365327744611 9.75052665031593 10.7044702691956 11.4745006149793 3 3 8.37295973213838 11.5452080094199 12.0051690616845 13.4161934234617 21.4600365183375 19.1840825255562 15.7897274685508 19.2858177994971 14.4430229704482 18.6823682247927 19.089027562125 18.7161815964229
TCGA-A2-A0T6 3 9.9842758796901 3 9.1418247734379 3 3 9.3285193701024 10.2019810857442 12.1908470925063 13.739215077387 20.2085327159963 15.1526543060102 14.7431615243854 17.0031331506672 14.9316625008236 18.7098418005218 18.9945555140094 18.769029827915
TCGA-E2-A15F 3 11.4488240435337 9.83290932841429 3 3 3 7.52446950879658 9.8690425466095 11.6888208840453 12.4467581592674 18.928586203471 17.3301902547162 15.1094272512738 17.6705580579537 14.538983158178 18.6222150610538 19.5297368178902 19.0314895565847
TCGA-A7-A3IZ 11.8791729842894 3 3 9.33079731051415 9.36668032329121 9.32826890494653 7.25751368455803 11.1663020979536 13.878684371485 14.0130459519126 21.4437983935264 17.7138178640733 15.0796389902182 18.3507623253423 16.9183818576345 19.087052589487 19.1294627700191 18.8974764671705
TCGA-BH-A1EU 3 10.346319909658 10.7197958952299 8.51767787690284 3 8.51517356998058 6.48781375756439 10.3432594603575 13.633874720632 12.602318526457 19.8974690628981 16.2242972351243 15.3359358757227 17.6327795990469 14.693135030755 19.2473813720943 18.5524621746249 18.590759425747
TCGA-AN-A04A 12.5137707318005 3 3 11.688917585798 11.7251594263194 10.3696789487454 3 13.58217411211 8.94329505546894 14.5940566916186 21.8088554484486 17.3124358080814 16.193590088566 18.382221501517 14.3570903092145 18.9816689718616 19.6020301071316 19.0466941093979
TCGA-A7-A0CD 9.6511931438933 9.93683626663804 9.31870973010229 10.084095784933 9.13049336959825 9.09216688711019 3 13.3604362194193 13.6123653626623 13.6040116008105 21.7903261258692 17.3898753781038 14.4100450419977 18.3922813262159 15.5904966867214 18.8995694124738 19.2992748086525 18.5150296736351
TCGA-E2-A156 12.6067389739813 3 11.6871833046775 10.4647710462267 3 3 3 11.3096446461568 12.9017824531591 15.0740392725911 19.4979389427734 16.9725868073546 14.9119877040014 17.7165067547818 16.5319987253914 18.9231510715229 19.6198536563058 19.119135362095
TCGA-A2-A0D4 13.0846410404541 11.3759062010554 9.18211041797556 10.9408886068399 8.99414734104448 9.94420845129713 7.85308657270774 13.7992750662817 10.7608739350355 15.1654200151217 20.0655054648965 19.5085677192784 15.9205388842806 19.9816753404199 14.9682261722496 18.2148627267089 19.5944996188646 18.5975685963417
TCGA-A2-A04R 10.9930126164763 12.27790947778 11.2408321942809 9.44069951500187 9.47661522858952 3 3 12.6435428595109 13.3175762641728 15.1634233577516 20.5047732243972 18.0930817631868 15.041198987804 19.2814347981205 14.3427778550238 18.4024811528632 19.1034016126865 18.5704476365457
TCGA-AO-A0J4 11.4188779808308 11.292472640538 11.0837380671278 3 3 8.87357120293652 8.74573280482056 12.5761823103593 11.1350867084212 14.3357278811766 20.7148592729637 16.9371761286549 17.5183820441952 18.9582313940876 13.6503822393706 18.7497226442002 18.5439530217303 18.3658564018386
TCGA-A7-A6VW 10.3120070582262 13.1773532213212 3 3 3 10.7437418354547 3 11.3295222134836 7.06281213397572 16.7611731875062 18.4134673089873 18.453211764439 17.0138431364318 19.2966561839832 13.7643519276994 17.0667182259995 18.0219660352941 17.6333566895849
TCGA-E2-A14Z 11.8405239593088 10.548383528823 3 3 3 3 3 12.1251249826177 10.7374373887458 15.3482875050262 21.3866013370323 17.2953436962772 15.5567791268489 18.9109023370894 15.040393370424 18.1883730925425 18.9562253824642 18.6098753094343
TCGA-A7-A5ZX 10.0677136735204 3 11.7240889010767 3 3 3 7.42941447319206 11.3465237358387 12.3150436426796 14.1937770348778 19.5413877099217 15.7502685063792 13.6507430453751 16.4221376053606 14.0946428839503 18.2022898389564 18.7977040071865 18.1711307832905
TCGA-3C-AALI 12.5344894831262 10.8271545901357 12.7828979916643 3 11.5942279319343 3 11.3004936399152 15.2103302465536 9.22288371524925 17.9418489866963 20.9621470832623 18.4888984277814 16.579203545965 17.9797286844059 14.3044052571768 17.2078093690676 18.1016534320225 18.0018972759848
TCGA-AC-A2B8 9.37291225928042 9.65800123629014 12.0219309024153 8.81785986331826 12.1528485459975 3 6.76922535471959 11.148159278806 11.5220769626405 13.8460616776209 20.7361604468249 15.583709808594 14.8767227010158 18.0972020356709 16.31039398717 18.6287685223424 18.6892212298025 18.4385152993789
TCGA-A1-A0SB 3 3 11.4764731798247 3 3 3 7.58886750962106 9.52462169249613 12.8269223568875 13.1912518065857 16.3462480283205 17.1305493335719 15.7177610984944 17.790631846318 13.6386024897181 18.8005413458969 19.3110241951181 18.5799656963857
TCGA-E9-A229 9.50804033511037 3 11.4818248135834 8.95224852206099 3 3 3 11.9501119564441 12.0483672519144 13.7072091119426 20.3512482632356 17.9150402966402 15.8723715348923 18.482306113125 14.2265209493801 18.475256312331 19.02537208349 18.8381236197272
TCGA-D8-A1JC 3 3 10.6004500973411 3 9.83000195526802 8.80442484405707 8.27103379919205 12.0472131698529 11.0649672954256 15.6327526204046 18.0516944969063 18.3470986723572 16.2669212493339 18.6364575127108 13.8729029933902 18.8051971025769 18.3593041031417 19.1812682117683
TCGA-A2-A0D1 13.5391322768735 12.2438264210328 10.042973450264 10.8113306722627 3 3 3 10.6605511153225 10.3698096864523 16.6745146000074 18.2851410368665 19.0138535706458 16.1551632974903 19.2864465423064 14.3213905787967 18.2345490886013 19.7697808710785 18.8715709177331
TCGA-AC-A2QJ 3 3 3 11.8920098048682 3 10.3105639825037 3 12.6568055301327 9.143758824714 18.2430962619499 20.0713786263486 15.6946101563508 17.1696073836774 17.2084536029721 13.4035499806957 16.3786526604133 17.6199243129151 17.2132232016109
TCGA-A2-A0CK 3 10.3689267209896 11.7390618772449 3 11.8699272695715 9.52180982640784 8.41019559672131 12.2979861953092 10.9187221400835 15.4308230203353 19.6074655006245 16.8198814090575 14.6968583834863 18.2959171337574 13.9922268817818 17.9319037920722 18.8488878634034 18.179974468382
TCGA-AQ-A7U7 10.0058792230018 3 9.67257657360283 10.4396007960443 9.48380530195858 3 7.37005756213979 11.2844103228326 10.9931071044898 14.9612888264204 21.2330012718812 15.5951136920389 14.8762656656532 17.9293284757089 14.9619881752532 18.1440079763127 18.4490877993658 18.2543018676569
TCGA-D8-A1XU 10.5586514148319 9.85176876692886 10.2244126075432 9.99895831115348 10.0350065796202 11.79567960078 7.90392669619904 11.5768929344669 10.4779170269045 14.0415421554042 20.7033831807066 15.6975398061468 16.3011488675005 17.5047566352668 14.8952282215517 18.7269559311508 18.5406455058696 18.3938460472336
TCGA-D8-A1X8 11.369642146024 3 11.0345406131684 10.2266322151114 9.272085565432 3 8.12615949686664 10.2970721107605 10.2679525290948 13.9952626024118 21.1648971212172 17.6652521453157 15.2293160937946 18.2296559721956 14.9561739073699 19.0405950245001 19.2657948891429 19.1320592168441
TCGA-A2-A0SY 9.92110651400701 3 3 9.36343811069661 3 9.360908992968 8.25146721855668 8.63860925161868 12.2263146657673 16.1975511017957 18.933737323398 16.2334333648289 15.0572778208875 18.8867989877411 15.6765487574446 18.7138779855937 19.3151567666697 18.7298570154807
TCGA-BH-A42V 10.5994207309426 3 10.2651260367644 10.0396260273416 3 3 8.51280965516041 11.2039569353784 13.194826390532 14.7681463020646 21.30945293351 15.8642496139042 14.1662374721632 16.945160595141 14.5139000237912 17.7545544303032 18.5831118949618 18.120384647443
TCGA-A8-A08R 10.6870924562462 11.557117713369 12.346047561706 10.1270887333769 9.17319168895659 9.13484880474527 8.59904890996822 11.7056657072928 11.1633660605631 12.4558026194662 19.8083971336437 16.9949715062099 17.7037668026829 19.274439296075 13.6551460382623 18.4733492169758 19.4245096125992 18.1951177666625
TCGA-A1-A0SH 3 3 10.6636755509209 3 3 3 7.36832437358297 8.72061348181565 11.4750989572959 13.7672885689071 18.3106842059027 16.528440398241 14.5473778926399 17.4759555689462 15.6081925950402 18.8136370988994 18.8747346177259 18.5242162087106
TCGA-AC-A2QI 11.3623120283639 10.0719665049324 11.7619681347532 3 3 9.22645204930919 3 10.8015710619996 10.5390946623508 14.7840790169645 21.6104727276164 16.3126376820599 14.6702702113591 17.0225789125935 13.4164091187071 18.1344091938214 18.6312161676961 18.083509977077
TCGA-AC-A2FM 9.81704432307477 3 10.4760723342932 3 3 3 10.2873187888394 10.9695940304581 11.4791361495895 15.7479987989084 17.8699713570843 17.3968351518147 15.1734416643195 18.2452888326558 14.0096001585343 18.5178226752413 18.4596055802688 18.6104741332285
TCGA-AQ-A0Y5 13.72889888447 3 3 9.37483958241294 11.7190342602706 3 3 11.7940754656214 11.1815291910666 13.6952358384439 19.6229460358796 16.5514578603489 15.1735335310676 18.0554548332851 13.5044384021827 19.0306400940683 18.507867068723 19.0757064977978
TCGA-BH-A1EV 10.0668422235368 3 9.73341791343449 3 3 3 7.42857723621356 10.9320884817211 9.74049210361707 12.0251297708146 18.7507696487867 16.6467995933546 15.5049936677579 18.5289913385439 14.5094918812335 18.4537694617928 18.3492775863613 18.4718743448716
TCGA-AC-A2FK 3 3 9.81806356224552 3 9.62910075226822 9.59060991512356 3 10.173625506945 12.7682134524523 13.1090902587514 20.2328066186431 14.8385937231953 14.5220347663202 16.2480659108374 13.3833242776713 18.9817783532328 18.7733626837396 18.6293666440899
TCGA-A8-A07B 3 3 3 3 3 3 3 3 12.6620709332001 14.5576400298894 21.2308812488809 17.8758470501635 15.9758016023208 19.1159421768286 15.1891535179825 18.1185512612159 19.1485521237838 18.8538836848274
TCGA-B6-A40B 3 10.0985863584208 10.4716811341437 10.8277589699878 9.2913003093073 10.2434246989066 8.14507072587098 10.965195633592 9.65498407051399 16.2897991208161 20.7369608018135 16.979973378157 15.6198766399521 18.3927852055919 14.5653657035417 17.3223767852263 17.8508240517265 17.5907773460726
TCGA-AC-A2FB 9.74626911404069 11.6096732293687 3 3 9.22516738789163 3 7.12203332173695 10.6102980753229 13.0488818303144 14.5069354163985 19.0193306718738 17.3483741301683 14.8678449310513 17.687148504902 13.75001019776 18.7746723665347 18.9946611796364 18.7356042356883
TCGA-A2-A0CP 3 3 3 3 3 3 8.18137426776578 3 11.3198940341256 14.5043752914122 19.864224649972 15.7031988693389 13.6551583400177 16.4481387815979 15.3869757700234 17.9686799670411 19.0533907401268 18.031853221768
TCGA-BH-A0BG 3 11.9855567944656 3 10.1413742980518 9.18738126959567 9.14903304127817 8.04284162794339 11.7902458023817 9.70121787556428 14.2463362647507 20.4756064176228 17.9038411851852 16.3284373542817 18.7679006517298 13.5812252134018 18.7597424607547 18.9954373708026 18.5543582230188
TCGA-BH-A18K 3 12.189863071002 9.57807930846656 10.9267057072131 3 9.35102429346104 3 13.8669080244943 12.5942763675616 15.1137156304906 21.5325204533136 17.5013954892982 15.8344818323536 18.6195732423457 14.3955550927315 18.4204301388416 18.5751382279025 18.2606099459746
TCGA-A2-A0SX 10.7284057456737 3 10.9760446768024 10.7499231381177 3 3 7.11149677732457 10.0179273880295 12.820343379599 14.9361993599064 17.4067801111941 18.6719305822912 16.2953774790458 19.4248623774108 13.682285926107 17.1887348629386 19.2883036484047 18.3267534922951
TCGA-A8-A07F 9.53073181360007 3 11.7670749794737 3 9.99934838350519 8.97230295258183 3 10.0336544947563 13.5877555113816 13.8040951806189 18.9772661046954 16.6719708459679 16.2580435425914 18.1275182013189 17.6118102164791 18.9112688525804 18.5211724617216 18.6870953292754
TCGA-BH-A1F2 11.9681577646386 10.937488229281 10.3161816003132 3 3 9.09864932169097 3 12.8369806007998 9.65060108060944 13.0704370075976 21.5580851980275 18.1195207686505 16.346969238624 18.3204506860635 13.8908082142551 18.859611512665 19.0920092845411 19.1912332397304
TCGA-E2-A1BC 11.0802291669125 3 3 11.5154924354126 3 3 8.41308722783071 13.2997986199159 12.1406595453404 11.0466719569044 21.630041612147 15.9281101956768 14.2744831611116 15.996692352056 14.4998760145789 18.6911030364031 19.2024110461735 19.0604940552377
TCGA-LL-A440 3 3 10.415324338713 3 3 3 8.66079505550323 9.77842726095757 11.7748384911702 13.958063559258 18.7298576103462 16.2297946723881 14.9213545241672 16.3847479632709 14.6852054918447 17.8758512837264 18.1155361617557 18.0627022253226
TCGA-BH-A0W7 11.6884692479284 11.3925500023613 3 12.8601428969096 9.58806471198193 10.5418641664269 9.0114433238354 12.889193664615 10.1033590734523 15.2365464524911 21.2860352499723 17.9998203504488 15.3648795114112 19.6647039415377 15.0050359687035 17.9445826037719 18.7598685402847 18.4743629154901
TCGA-A7-A3RF 9.87115400822797 10.1571653462868 9.53813913230759 11.621030174134 9.34956284491918 11.8808989269345 7.24109613557628 13.1148706530198 9.54520361832254 15.6066849964867 21.3009885563714 16.2555453438919 14.9356734494448 16.8027962727417 13.2896370369513 17.9500356226946 18.8343250534147 18.2599528796966
TCGA-AN-A0FK 10.0426560743863 11.3244243124009 3 9.48452991624078 10.5125788942784 3 3 11.8225277327117 9.71635247884773 13.1691670981357 21.4722236999464 16.8256454469927 15.1884323883086 18.4570054314632 14.5404136386651 18.5869041333427 18.6290692013471 17.9229855643516
TCGA-AC-A2FE 3 3 9.38461103560606 3 9.19628078028505 3 3 10.5811674855749 11.6259649706676 15.161970661244 19.8029621659895 16.8126627369689 15.0079649128748 17.6006274175032 13.9180418146471 17.9288874754807 18.1064298441342 18.5204200419134
TCGA-GM-A2DD 3 11.6463490234162 3 9.80412332109751 12.1519502987595 11.7918536453643 3 13.3037714636941 9.62504759886223 16.4084114553287 19.4887009463728 17.61698386404 16.0282858404199 18.6389326027583 13.171561100055 17.9437907583935 18.6639203490827 17.9959144700867
TCGA-D8-A1XD 3 3 3 3 3 3 3 9.50749766017349 13.048570367533 15.1730165627243 17.0275019645089 17.2351371754733 16.0480831535401 18.2935311910618 14.4828580362345 18.969062919352 19.3205633071114 18.9712172110791
TCGA-AN-A0FZ 3 9.72040436385336 3 3 8.9154996090237 3 9.06597367064602 10.9318907741861 9.80272845184693 12.1945488792291 18.2211469651744 17.1628775577136 16.1042131585436 18.1135221531116 13.5839405616048 18.9201863643033 19.0280397496769 18.9591037080781
TCGA-A2-A04P 11.4846030639376 14.0914041648948 10.1544860721428 9.92911336000412 10.9593628032569 9.92657414739711 8.81044490988319 11.1857361159568 11.8550237217985 16.4693816476233 20.1333216136961 17.2371324459745 17.3368660904371 18.6093837419271 15.0495402657458 18.0191209992336 19.553304964085 18.1373307607933
TCGA-AN-A0XT 3 3 3 3 9.71150371230788 9.67299077257219 9.13427163062226 10.2562854300887 13.838884310257 14.5837910573509 21.0026407360394 16.1982996857414 14.7987388687166 17.1488871736814 15.4020048753895 19.0112768667537 19.227300427249 17.6892347981474
TCGA-A8-A0A1 3 3 3 3 3 3 7.7890094133534 10.7239277539143 13.3892955106072 13.9839138531124 18.6603446359149 17.5206921722392 15.3290709746558 18.4425119180912 15.6993883104134 18.5214412073534 19.001624755809 18.5910769570014
TCGA-A8-A084 13.5198242767127 3 11.3126708876861 12.3057021966775 10.5401664433977 3 7.43178954402667 13.8689088756671 10.5454035225074 14.8334768538193 21.7395273995094 18.2725458302581 15.7748773478002 18.7639647139761 13.7160823081808 19.1459572617453 18.9005513973571 18.5982575922209
TCGA-A8-A0AB 11.0097361323342 9.72114966260079 11.6714245423123 3 3 3 6.82840946625586 9.45780314180607 13.8323188308921 13.0872485256228 17.6672590398438 17.7211087731786 15.2954872330905 18.7033547914936 14.8776203375257 18.910902120528 19.2873831690891 19.1394572071332
TCGA-AR-A1AM 3 10.1622423608645 11.1178094564879 9.31873376060211 3 3 3 10.3801342497365 11.8233755791896 14.2902145439486 20.7448672960528 16.542687505145 14.0467102419371 16.3024777223197 15.875274882546 18.3118974467435 18.6655179225336 17.9844806107383
TCGA-BH-A0B4 3 11.1709158519202 3 10.3233485455657 11.9385469916307 3 3 13.1027339323526 9.15391860041415 15.166215153545 20.0141973136654 16.8212829331356 15.3921389503702 17.7237589271757 14.4468033164521 17.8568422864283 18.5016348804624 18.7011132495929
TCGA-A8-A09I 9.10235396137334 10.9602136434881 8.77160891447589 3 8.58456829218756 3 6.51700776966039 12.6411933088685 10.3459544390511 17.3695145347452 17.7050514034808 18.8700584353045 17.3873457487267 19.7168498020665 14.2115557913873 18.1660383261793 18.4333517996348 19.2700787304121
TCGA-A7-A5ZW 3 3 9.88790546887929 3 10.6918969323423 9.66034771243272 8.54704532130506 12.3737289729986 11.4106209755122 13.9863010635619 20.4389467388891 15.6544280508739 14.2613774519968 17.1223500414016 15.0180784741711 18.4712263182931 18.7668843011937 18.6068673427016
TCGA-E9-A1R4 10.0361048380676 3 11.2784407513438 11.052134613532 10.5060137068842 9.47547089086748 7.39905938167765 13.1528059346308 10.1654819045342 13.4518491608337 21.7648928017948 16.5075872291289 15.947747284051 18.4530423711368 14.3472133837768 18.4311361069617 18.5812743103867 18.3045167363802
TCGA-A8-A085 10.9101943116772 9.62218691928933 11.9858243313533 3 9.80516547458318 8.77981843471691 7.68054302882702 12.0222023090813 12.8245989849458 15.0672346393508 22.0194338497154 18.9281227876061 16.2045614618647 18.1464476029042 14.4317484869526 19.1827794535284 19.3278757849744 18.4375612012879
TCGA-B6-A0RN 3 3 11.4226059990428 3 3 9.61853220945281 3 13.0806680481129 11.6515209848718 14.7213854171128 21.359804120123 16.0766141894922 13.7114709947259 16.549495793687 15.8077727518286 18.7942507900052 19.4523111430594 18.5197306014256
TCGA-AC-A2FG 10.4228075552245 3 10.0887667670951 3 9.89949506251872 3 6.82395712947445 10.9278697171686 12.6720024286911 14.7030528246597 19.5020919290196 16.6853735741781 14.3725419311163 16.6530417064517 14.2026272602566 18.7135503612767 19.0081649026007 18.4529346311897
TCGA-A8-A06O 13.256961966142 11.089900625699 12.0477959697239 10.8243486871594 12.4413373355425 12.2328464630978 7.18203960594984 13.8371927343253 10.7220228750985 15.7170783107368 20.5184365753344 18.959373460114 15.8430900899141 19.3488135402684 14.7974695345621 18.2714048152371 19.297297689931 18.6300467494424
TCGA-BH-A0BZ 11.7244216843023 10.0204075340834 3 9.17773111464466 3 10.165189471616 3 13.2037933910972 6.52318270202863 15.5944475646059 20.5518458138591 17.6547264142298 15.965609673423 19.1312865418631 13.0881460455591 17.9990499122794 18.9274858264352 18.8554078590767
TCGA-AO-A0J9 10.1071935657097 12.7085898078471 9.7736915048731 11.1234925503131 3 3 9.00818063828273 10.3904811813479 12.2617918877688 15.2727532880711 18.3382465575424 18.4541534719693 15.5735790270298 19.2365339685325 14.6822219365046 18.2055605440757 18.8031509091124 17.9140777221261
TCGA-D8-A27P 3 10.3145533117857 10.6879840004474 3 3 10.459532467406 3 11.3069449731367 11.2165321848201 14.0716668748201 20.40955013372 16.6309680499628 14.5783384144148 17.3461294944061 15.8917919615157 18.8199870910498 19.1095497030565 18.7429449062934
TCGA-A8-A07J 10.3335587730825 10.6201829716211 9.99965859202258 12.0858281224855 3 9.77194437467675 8.65739393638231 12.114856883558 10.5879622136416 12.2932047358347 22.2836173101801 15.5553830733771 14.1423662805981 16.7260305261288 15.6987599359381 18.4510952305488 18.9756651136658 18.7981701746773
TCGA-A8-A07I 3 3 9.95915417697726 11.3099303314425 3 9.7314952749541 7.64647907813139 14.4274289845044 10.4225195378956 14.8943106118282 21.3313931506952 17.8042104270917 16.705869943824 19.3935164322254 14.5831870700314 18.5136244552279 18.9037517436294 18.8809801493693
TCGA-A8-A08B 12.8109274200418 3 3 3 3 3 3 11.9275269061662 11.8982798789144 13.1919086584353 20.7343530224765 17.6942601126621 16.1721871317968 19.477382786401 14.9753091354015 18.5687533908633 19.2143558581803 18.7331032559196
TCGA-E9-A247 11.6103680848214 11.897944370535 3 10.6355638529907 3 3 8.93439386168684 9.90393518604545 13.355484369369 15.2171480150634 16.0426405606127 18.7025692851303 15.8634285909663 18.497425511474 14.7320249755493 18.2696934491205 19.0068505760959 19.0079297873724
TCGA-BH-A1FJ 11.5224950136668 10.8132400562045 12.1848016222921 10.5479151415015 12.163993444739 10.9584740231513 6.92103323861552 14.9939102904798 12.7147415270136 15.0999218086046 21.8000889525083 17.9447547605547 16.4701056823991 19.5160258625231 14.5509740019733 18.8971482084426 19.3857270938061 18.558369758945
TCGA-A7-A4SD 11.9802360845959 12.6824159666592 11.6447397654128 9.84170349283765 3 9.83916559363245 7.7509496425829 11.9029890244095 11.8737430401751 14.2662074539244 19.8805551945369 15.8176738828724 17.6389237077943 18.6314980237727 13.5858347669398 18.2832598397718 18.1519507396356 17.652338869253
TCGA-A2-A0CU 9.99313940294999 3 9.65986283235296 3 3 3 8.3222242880847 10.0150981642738 12.6317647994244 13.1193094545922 19.7379854483531 17.6972766822092 14.939759855741 18.0453613256949 14.3589799463069 18.5506814417842 19.4425056120178 18.7940398123937
TCGA-BH-A0B8 11.9300616485685 3 10.0170741579683 11.3681299101672 3 3 3 10.6345822829277 12.1854386488234 15.5181545879587 20.2603780619685 16.7344395193123 15.5455795559341 18.3044085742332 16.1063829973285 19.2004973845484 18.9429729903205 17.9617204995616
TCGA-AR-A2LR 10.331983516693 3 3 13.4611209964479 9.80891128799053 11.3464988443486 10.9546926284818 10.0342532760938 11.3203451809791 13.6121683690549 19.5067772086561 18.4415178988588 16.4578206877541 19.667303835901 13.9750733549533 18.6135201719346 20.7168800813303 18.9096894218266
TCGA-BH-A0HI 10.9691759872374 3 3 3 9.45295482632724 3 3 11.9145306703635 10.2289145102047 15.7372903358667 20.7203781499112 16.4249617376914 14.7023717990285 17.8413718275511 15.2824765794063 18.5835536673524 19.3329336253807 18.5248169931011
TCGA-AN-A0FW 11.7295214456046 12.338521845059 10.3984492219578 13.4117616680999 14.1997169775928 12.6214788028347 7.11576683734305 16.2530179777427 9.00462318224095 15.5995585649477 22.4090442563555 17.1641961808281 15.9190123835251 18.9155278732445 13.5428965894441 18.6931254620196 18.8192003549283 18.5367884350708
TCGA-AC-A23C 11.1874075367555 11.8887792751878 11.5869265001313 17.0731462762043 11.8808907999959 3 3 12.8538393745128 10.3646261486625 13.2654167065661 21.3414483996327 17.6964705175065 16.3245717422308 17.9259067513395 14.9527351999833 18.7024489081862 19.3770184209423 18.970056586169
TCGA-B6-A0RI 3 3 11.0381565150876 10.2302377382595 9.27566838498649 3 8.70084599017721 11.3953258489389 10.8534054700914 15.1081367123521 18.2675106668691 17.7328042217387 15.7167739630187 19.0566738219782 15.9834908531699 18.2595612304974 19.0704872926891 18.8704294086453
TCGA-E2-A152 3 10.4001387310258 3 11.5438542132565 9.59135197235808 3 3 13.09025668112 9.59656278239216 14.5295639251255 20.924543613736 18.1039731439579 16.9649530883123 19.1586720421693 14.099429821422 18.7292608042182 19.1859498808413 18.7586117343684
TCGA-A2-A3XV 12.4370452499146 12.3104439048495 3 3 11.9109475582261 12.6781752265839 3 15.0303281905207 7.18730401590658 16.1563248272787 22.3536207208408 17.9472759687285 15.5208381673135 17.8092480912434 14.9386467667507 14.7068895842685 18.0767900408552 17.8759293268913
TCGA-B6-A0RO 10.7417470822072 3 10.4072691984401 11.4975723642343 12.3800676812084 10.1790767364838 3 13.5446847326776 6.53595595978041 15.7459120651214 22.5040462988157 16.6356543181322 15.6138769997726 16.8879927404324 12.2031525872197 19.1809624596536 18.8774879014217 18.772546568704
TCGA-A8-A06T 10.4977330415384 3 10.1635807363622 3 8.98566216653346 3 6.89411698696486 13.5307571276067 10.8109189960791 13.1577486030815 20.7434529252821 17.5688924141821 15.6868608978651 17.6543385044443 16.5777132946621 18.7951765302453 19.3809876289787 18.4285570281328
TCGA-AO-A0JB 14.7284737873664 13.2101570241749 11.588201218765 13.6801573605099 11.3979618129268 12.3569912424975 3 12.7924495097628 11.5953238483987 18.931427721579 20.8871583626498 17.3151741198979 15.8229230697982 17.9848522867098 14.1680228194152 18.0508119265819 18.7461861311068 17.7099130487917
TCGA-A2-A25D 3 12.9035123722651 3 9.4816881470894 10.5097207527785 3 3 13.6367978474709 12.0599506403868 15.0829100882648 21.5860301064934 17.9231487095428 15.5699666845019 18.4492823085142 14.6671342816 18.0742806379794 18.8081387525245 18.1547909031234
TCGA-A8-A07P 10.9176441137377 3 9.59046830384077 12.3505328779215 11.7100272614896 11.3501887415194 7.29123543352343 13.1677118861591 13.2702296223366 15.9442542760693 21.4131583700377 17.6707885272848 15.0290535869894 17.8470044887274 14.6074706571809 18.7025113704531 19.7782001934688 18.3878367022084
TCGA-A1-A0SK 12.5421760116023 11.6097898563477 3 12.1720439841077 3 3 3 12.2428259592265 11.452298867584 14.6996354183784 19.1490603977212 19.1509070643841 16.0391331630657 20.3662440251814 14.770361683102 19.8703230476409 20.4762278382828 19.4437387678158
TCGA-A7-A3J0 10.4972418870624 10.7840400116724 11.7413262772801 9.93770732904218 11.2887681981894 10.5161954278602 3 12.4768659993975 9.75847934911506 13.9798279829638 21.4174814993473 16.342409993747 15.5953703989775 17.5791808093803 14.4277749244724 18.524760989326 18.8826990155924 18.7626458405257
TCGA-A2-A04N 10.0160699320231 10.3022948830224 3 3 10.4859357397736 9.4555095472955 8.34476163870498 10.2992350207142 12.3783847382537 13.9719157869782 19.8809620923136 17.046414413138 13.8658638606092 17.7649564754188 15.4309371008476 18.2001248211369 19.1848816576531 18.3988602717898
TCGA-A1-A0SE 10.8193429863062 11.1064307346533 11.0670477727926 9.26843492452766 3 9.26590792521791 3 11.7643935469545 11.1892277267274 15.560856875654 20.2650715077641 16.9017445926937 15.1709641802253 18.6743890126644 14.4240520895653 18.6993868138424 19.2963989739794 18.6545177830401
TCGA-A2-A3XW 3 3 3 3 9.49047497478956 3 3 11.2911336011681 9.49568183712193 15.9678519325362 18.4504467410144 16.2831954363692 14.8934226046345 17.5490165916245 15.2349910645545 16.7829996479814 17.9506266751561 16.8830214067661
TCGA-A2-A0CO 3 10.3366578591325 10.7101201728449 3 3 3 8.37850006856837 10.5547116488452 10.179771819832 15.9366981492516 18.9556681796288 14.5774667102801 14.4851359075843 16.8895443268774 14.26590369397 17.9488654690456 18.2079258005084 18.0188669537096
TCGA-BH-A8FY 11.617438361374 3 12.2798372057043 11.0558481135069 3 3 10.5105921655644 12.7750425408047 12.2869668846034 16.9377211071053 20.4274919988818 17.8567071515968 14.0876103797721 18.6006859111576 16.18254561282 17.9094343632217 19.2178762208851 18.0083350140655
TCGA-AC-A2FF 3 3 9.39689011531347 9.17270782552861 3 3 3 10.012297497553 12.1442476816701 12.4915903217711 18.6149726133312 16.907620597756 15.1507557174344 17.9429456869209 15.0874916999386 18.7575631082767 19.0158746056875 18.6351010586119
TCGA-3C-AALK 3 3 9.82856322874053 9.60362749798464 3 9.60109360715538 9.06270470451777 12.0249598963487 11.9134129730537 16.9764471012674 19.5497840185124 16.8143902636298 14.6326205833994 18.5417457302755 15.1495804098543 17.7329667918524 19.0475953682877 18.3707460338304
TCGA-A7-A0CJ 10.0430843799175 3 9.70970687295263 3 3 3 3 7.78558634029348 10.6172555846155 15.1686585285562 18.3489646683045 18.2664102559209 16.1381659329908 19.1007534204793 14.983235397743 17.8501516527319 19.3391336443342 19.0047192209948
TCGA-A2-A0T5 3 11.2800926282432 10.6581134895233 3 3 9.4380309045793 3 12.8182840833467 9.4816836088752 15.0413211376872 20.4755655569906 16.8721806569707 14.7087447040353 18.4656758165752 15.0962836263628 18.5577007938756 19.3689580280401 18.5191580465566
TCGA-AR-A0TT 3 10.4227062643574 3 9.57786607318838 3 3 3 3 11.324991307677 13.9004549765283 18.803151988519 15.6272650333026 16.3521841126315 18.5053016521355 13.6716963398092 17.9404989322111 19.0709240081567 18.4754782132579
TCGA-BH-A209 3 10.910384989697 3 3 3 3 3 10.6454853933567 9.88425315585709 13.1686641902254 18.426220813825 17.5634931260378 16.681309583275 19.2731185466072 14.0281835445778 18.4010591322464 18.9727049409639 18.5981187457026
TCGA-AC-A8OR 3 3 10.1782740408152 9.95287313052936 3 3 3 11.3789926615946 10.9884666262779 13.9310121140443 21.1295780205465 16.0581698346812 14.9429741604431 16.8879458152755 13.787090173703 18.2502663089414 18.7311056224358 18.6246281303116
TCGA-A2-A04U 3 13.8662094144319 3 13.1850122659185 10.0610211220888 3 11.0564817752749 11.2820367033279 10.9543547435467 14.0036426734388 20.6796625391088 19.791244339556 15.6075576588404 19.2476103078421 14.0537062478975 17.5590468857828 19.3596913126909 18.1176362224987
TCGA-A2-A3KD 9.69385276630207 10.9738445181497 9.36125986561134 3 10.1629369765468 3 3 13.570825925836 11.2135939202821 15.0040696261502 20.9005381685732 16.4174064142484 14.9998435258618 17.7664527817878 13.3675939915306 18.6276789842967 18.7569010085494 18.7566605441922
TCGA-A2-A0ST 10.1788788033587 10.4653194570427 3 3 10.6490777836605 3 3 11.4581611526321 10.5479524808176 15.5277661845926 19.9304264254545 17.4613736576498 16.6387154885695 19.0852217283342 13.2933572935094 18.9873555284209 18.8118605731725 18.4837582210759
TCGA-BH-A1FU 3 11.4926483584586 3 9.65147146971343 9.68744333545426 9.64893671939691 3 11.6047459533741 9.69265765769649 14.9744229028412 19.8839292762766 17.0324298163362 16.802963509322 18.9938991565954 13.8702749985021 18.2777886702703 19.1948360050259 19.0415334884071
TCGA-A7-A26H 10.4082465714703 3 11.0688652727346 8.86141517798053 10.4658595049244 10.8401338287447 6.81034947482184 13.6244075402679 11.2453107157352 14.6144328894888 20.0608488786034 17.3967614436679 15.7501138433497 17.9829192985457 15.0536543080826 18.7741707379098 19.1907729103089 18.9346871919941
TCGA-AC-A2BK 11.8435376754508 10.1389115863617 3 10.2863216704517 9.3314063272764 3 9.96329278442079 13.1565711697429 10.3276530813843 17.0162510222981 20.4894541396686 17.2215411348918 17.0869296571087 19.1631267831394 14.8042203143845 18.7899866138768 18.2493233484475 18.1944658581853
TCGA-BH-A0B0 12.4746105648459 13.2474404153297 3 11.1772643521311 9.6381949248793 10.5922446864388 3 12.1014126842988 11.0748365613778 15.2465500200064 20.8818774709122 15.6641625927338 15.190495722411 17.3568551252274 15.0041875583956 18.2824417655074 18.9925526399361 17.8328618213287
TCGA-A7-A6VX 10.0917425668926 10.3780708101856 12.0694969227591 3 3 9.53090959225165 8.41917949677028 13.9718730993095 10.6660337957206 14.9058008806353 21.0090369445799 16.948673752471 16.7150684567661 18.2346024171632 15.4580440451348 18.3563458295822 19.020004165554 18.2560270149983
TCGA-AO-A03L 11.8355151078291 3 3 9.28759686654159 9.32346632733904 3 3 12.6218517573328 9.1092621068405 15.3535350149705 19.2069352669417 18.4050565950112 16.0951137244906 20.4566348740564 13.9172488455104 18.5897707188115 18.6680469131598 18.8070591035921
TCGA-A8-A07S 10.8767150469775 11.1638479291994 9.54979939682853 9.32532415177676 11.3479830545333 10.8956928256199 7.25226183084026 13.9808716974194 10.9396645423254 14.2297988028331 20.9877953655384 17.4310245820468 15.2323254526158 18.5733078717686 13.901528289905 18.3836023611373 19.4390380849297 18.781192599063
TCGA-C8-A3M8 11.1010528309408 3 10.1845325780631 11.2740786146318 3 3 8.43350050240081 13.5518409072467 12.2715207806177 16.0008812847955 21.0278090039852 18.0509060932064 14.8538191700064 17.9330901410456 13.5002129172572 18.1615413413176 18.778667588723 18.1696965931024
TCGA-A7-A0DA 3 3 9.52244911872919 10.8707111298995 3 3 3 10.5508330430126 11.9091322045644 14.0578367702765 20.6770068316379 16.9276085902941 16.2846923163068 17.1230275944163 13.8461646191721 18.0888047858504 18.213953309907 17.8506219659297
TCGA-A2-A3XU 3 10.5423940716372 9.92208911397764 3 3 9.6944822073263 9.88451571639895 11.1217062307836 7.96425605818012 15.8276144143339 18.5319050545307 15.899589897014 16.7973149784698 19.6036687484787 14.730196788007 16.9457761944897 19.4790508305613 17.3747554045888
TCGA-AN-A0FY 10.4831687083967 10.7699526431062 10.7306078717017 9.92367144202079 3 3 12.6137513779049 11.349640243263 12.717548162365 12.2511240687391 18.5808699674009 17.1438109203068 16.9344226937597 19.4253016088847 14.479802967809 18.8972790151636 19.6010430644691 18.3834022096228
TCGA-4H-AAAK 3 10.5081099108021 3 9.66288266356859 3 3 7.57757653020971 7.95925829319011 11.4106209755122 14.98594543887 17.329659127497 17.60195340224 14.7061962474315 18.1898792470385 15.8409622406674 17.9704363497224 18.8060114886457 18.2911648424587
TCGA-A2-A0YM 3 3 9.3545952902733 3 3 3 3 10.9640575115724 11.1041380125166 14.8492639491661 19.1098720282316 17.9762167934037 16.2899150397378 19.8289422843504 13.4163881648004 19.0416616841175 19.2199367763293 19.4347581708615
TCGA-C8-A1HI 13.6107647653601 10.734949864393 3 10.4696974934295 13.6142620952834 13.7817230334706 3 16.8144123531653 8.72334350376535 15.976268387535 22.2716549876534 16.4969504626588 14.8819314438874 17.7340479048074 12.7291259964864 18.5922569238538 18.6309922579495 18.6030792626424
TCGA-AC-A3HN 10.4665390152305 9.75997702501822 11.448177806498 8.91905730956122 3 3 6.86487893228217 10.1686248573635 11.0887595917022 15.3318463640285 19.7944467502207 16.8462131994193 15.0863064980902 17.783956091166 14.5346982713688 18.0687590810367 18.0842594169922 18.3555851409868
TCGA-E9-A54X 10.50196396375 10.7887668186377 3 3 3 3 9.4000663822382 12.2839650215239 11.3392646363345 13.4613234668297 20.4597907876811 17.1228281160802 15.1918511181121 18.1157064510775 15.1140538705945 18.0738264273075 19.1891375423412 18.6402371438522
TCGA-BH-A0H7 11.8336412824213 11.7071392094733 3 3 12.1134224985358 3 3 12.7802478662423 10.2115771984879 14.9670779247437 20.3937146037091 18.2669001652013 15.9609558990292 18.7890909650263 14.1099892453035 18.5636431387392 19.0337071550715 18.581989243952
TCGA-A2-A4S2 10.3890907440737 3 11.0496674902806 3 9.86586568933947 10.8209484578221 7.73943958759055 12.6060757085477 10.6435491263835 16.2776577676912 21.5052343318947 15.3029423008173 15.621040140872 17.5649714037316 15.5639399970912 17.6722895404453 18.5111023991712 18.2712098607744
TCGA-OL-A66L 10.419455568139 3 3 9.86013174532062 3 11.4342385552686 9.31809787663507 13.1568648898033 10.41232093168 17.7436950899964 20.4222237974565 16.1847603640278 14.5936085343426 16.2479656776413 15.2952112677257 16.8804448508866 17.9573206799916 17.7883402189053
TCGA-AC-A6IV 9.86194921504569 12.1402966148564 9.52895499654306 3 3 3 8.19340549226328 11.0147165685173 10.9186800559042 15.5974021330214 19.4382135026486 17.2528001838238 14.5884928571042 17.7897705620368 14.0938956027845 18.491990519077 18.4163011016184 18.1658114847362
TCGA-D8-A1JH 3 9.68790275354358 9.07097166513666 8.84752746961036 8.88323307230351 3 7.74438563912313 10.899210345917 11.8924207078062 12.9383468595939 19.1272653471746 16.2800458725483 14.9915879657065 17.2846550092489 14.5333551036443 18.775633434214 18.9100684004939 18.9812921353655
TCGA-E2-A1IF 3 3 3 10.5892083667707 10.6253508269713 3 7.51356335190531 10.851503946658 9.41787141379928 14.6353732175187 20.1039140694547 16.9016230676486 14.6393396185069 18.3300494334422 13.8922173586829 17.569033280317 19.0806016579962 17.9475271173835
TCGA-BH-A1F8 11.5889426751185 12.4604478978592 9.26779105243857 10.0329063727636 3 3 3 11.5372104122771 10.4343763158126 14.5062003822415 21.1164952671085 18.8228820832833 16.4119966706048 18.4384881002193 13.8267628807487 19.1106598821143 19.2450466582206 18.9404493247613
TCGA-B6-A0IE 10.8993087096814 12.183980613424 3 10.9208374060581 9.3836210505664 9.34520405781123 3 14.4141638998218 11.3235462709543 15.0693590809607 21.0614942209806 18.5351548003941 16.8145771199492 17.8341452830692 14.336480299223 17.9763634731944 19.387534401475 18.2764774947826
TCGA-A8-A09K 11.7358828478976 3 13.1344987593131 11.9091207852358 13.2067012025333 13.4895227883781 3 14.7308031780021 14.0089525719271 14.7581221526172 22.1601833814919 17.4015150868789 15.4558120082726 17.3961381530886 13.6591465329666 18.9475920734618 19.2730809476154 18.8152816244377
TCGA-A8-A08S 9.76668626625853 10.052529724164 3 10.1998780182127 10.2359627565484 3 3 12.946894187108 11.2868785074891 15.3346816067919 21.3972926935007 17.9108916810493 15.5515027585437 18.7627851931036 15.4227498786158 18.8877824091088 18.3733792585178 18.8370883699381
TCGA-A8-A08G 9.55328858899202 11.8292647860184 10.211366678204 8.99726418021207 3 3 9.18369361511866 13.5244296896649 9.8066477324586 13.9643153162582 20.1045659383872 17.8291283777133 15.8304261905384 18.6202442276436 13.8962255967543 18.4347558385701 18.9918156581729 19.1351469749855
TCGA-A2-A3XS 3 3 9.47025092226909 3 3 10.2338449162596 3 11.3022681164606 10.7158341299615 16.6392055871079 19.0495288094246 16.6189270200082 16.0648854325277 17.9578923101921 12.7298491310311 18.0139603743541 18.9031619609397 18.3048141869224
TCGA-A2-A0CQ 11.8648126076271 12.1524970337924 11.5293787053853 3 13.979270567026 12.4677744588238 8.77716332054828 14.1324162054579 11.9948721490752 15.5561916075163 21.119211497647 17.04319100892 14.1819775574101 18.2958278019263 16.4923878599299 17.9238779835328 19.4451709308153 18.494059720767
TCGA-C8-A12Q 9.67897394142847 3 11.3330595959944 10.6934300541325 9.15815397871188 3 3 12.9811657923713 9.16334569892717 13.3327005181903 19.9220588692727 17.5630954284032 16.1312198245337 18.4823496336961 13.6924679836409 19.0507487254872 19.5119575982461 19.0971556666677
TCGA-A8-A07Z 3 10.7763921267309 11.1503924823324 11.5071410610958 3 9.92754810393857 9.38778305823965 14.4860386514637 11.3268720354261 16.4479977606625 20.9159270923984 17.5173988113659 15.8618232078838 18.8953885305258 14.8639927719143 18.250873644457 18.9192109239854 18.2992176846442
TCGA-BH-A18U 10.9202827442413 11.7907833875824 9.59309041257928 11.6764294339708 3 3 3 13.5696636959015 9.19006864141204 14.0512366278757 19.8332385724562 19.0261070863348 16.7424497224995 19.6175882777664 15.5285861966416 18.0525581507828 19.1587990065847 18.3829189890991
TCGA-BH-A0C3 3 3 11.8194798622135 9.60409181835924 10.6328010544727 3 3 11.6636488533208 10.2920904940585 13.9269418875427 18.9662749318534 17.5916593053749 15.2787133555716 18.1364804206789 14.8020530022489 18.4109618594273 18.9031828252757 18.4247812123222
TCGA-AC-A2BM 11.4683792843376 3 11.5469543808082 10.9069797886745 9.36987319057104 10.3224753317091 9.52099748156944 13.5577782346724 13.7894531378548 14.168209817583 21.243316642681 17.0323225268626 15.4072382095958 18.0162518264055 14.2991629428377 18.7573872278584 19.4327504574337 19.0686670853542
TCGA-EW-A1IY 9.54854686480977 3 3 3 3 3 6.9345667586767 11.5590131750252 11.5653125422871 14.4067906456079 19.2349128850568 17.8531601641158 15.7918317757088 18.9052573146417 15.6884387919797 18.909311527539 19.5975708951862 19.1871908202925
TCGA-A8-A07G 3 10.1294368524994 3 3 3 3 3 12.118614322311 12.4810464349895 12.1216881814078 19.1174124812882 16.3216883570291 14.7073176471747 17.4882580884317 13.9709019654838 18.3572445114133 18.8690139658113 19.0733132485437
TCGA-A8-A09B 3 10.1529904063816 12.3279282759592 3 9.34541003812961 3 8.19834681630666 12.6010287437102 12.2003477326993 16.213358850975 21.0489240707548 16.4984313627856 14.822475184547 17.7605668108891 14.495217755506 18.3537620678388 18.7938082961599 18.6036500985427
TCGA-BH-A1ET 9.19286376898133 3 3 8.63890991988806 3 3 3 8.8976147321252 12.1132954648045 12.1418793601459 20.4773861254566 15.7849463961954 14.6221684416925 16.9628255548026 14.3397146771143 18.9209224703722 19.2920972172833 19.0089210407148
TCGA-A8-A08L 12.0090958278405 9.98405152047922 11.3525395958899 11.709434120204 9.17742236928669 3 7.07645467287874 13.1931558167969 10.0665035584863 15.2948251698845 19.9094713880601 16.8477874621379 16.9084171864213 19.861400478598 14.1957017314624 18.2218267238786 20.1971112680757 18.3280678061749
TCGA-AR-A24P 9.60516234315606 11.4675553719101 12.9559137366663 9.04888005970062 9.08466685507979 3 7.94191939978739 13.6133190211013 12.8173505981106 13.0174077322209 20.0694303121654 17.5814508140098 15.5206063528451 18.3700809930472 15.4152805974649 18.972976794142 19.197809437081 18.9078029820165
TCGA-AR-A2LH 11.489506191174 3 10.1593684490738 3 3 9.93145062788062 7.84067080435414 13.186927858813 9.75476598087779 13.7745553781125 20.2481616911562 18.2159546599522 15.4334204003398 18.9916823855051 13.5967990400509 18.1345307023931 18.9544427338779 18.0926781795483
TCGA-A1-A0SP 3 12.2447333640622 3 3 3 3 3 9.6685635417864 11.8376138425406 15.1302004209195 17.4998712384755 18.7140622237444 16.9315190906376 19.6435217123333 13.3533253314898 18.4398734951376 19.7990941206463 19.0806692386774
TCGA-AO-A0JL 12.2962548344701 11.0028760866609 11.3770957426562 10.1558047933816 10.1918819609293 3 11.3393212690552 8.44275587203712 8.414128600956 17.6977347996308 19.7227736445948 17.9108072811933 17.266451163046 18.9182229298836 12.9212669665804 17.9337241415998 18.9289699341805 17.7979204981049
TCGA-AR-A2LE 10.3718969366903 3 3 9.8127076517628 3 3 3 11.068747041728 14.7893510482338 13.9151873161175 19.7550083803857 16.4560944942448 15.0491377432031 17.243078805992 13.3384515435484 18.9336554784827 18.7336609642766 18.518183362226
TCGA-E2-A1IU 3 10.4019430835548 3 3 10.5856573145875 3 8.44263823963953 10.3988819177828 11.7336271205496 13.7727238924775 19.9650012854325 16.1481623880799 14.5788011503533 17.5278620750396 16.7951612846091 18.7032785872981 19.2255904758201 18.5935909579058
TCGA-BH-A18H 11.4832331858268 3 3 3 3 3 7.83460025495592 12.7660195195217 12.9844061933862 14.9694346773303 20.5291672638624 16.5501374293803 15.3968691086811 18.7102439117075 14.6566945703508 18.0614943534306 18.7579187958202 18.6286862599236
TCGA-BH-A18P 3 3 9.66689654791933 3 3 3 7.36459912589033 11.3938122091976 9.00434823830265 14.9999370103296 19.3494855070886 17.9601549857984 15.8279086517927 18.997104642828 14.2123371985271 19.0740632177589 18.8225301309139 19.1879376161286
TCGA-BH-A0BP 3 11.725858152071 3 9.88313193051517 9.91915674756812 3 3 13.4573593522294 9.12590452771304 15.1557222959077 21.3658270189972 16.5568185711278 14.9555051387074 17.5352133864004 13.409439052583 18.6112254349175 18.6341868658588 18.4411274596918
TCGA-A8-A06Z 10.4387437156003 3 9.11512304169684 8.89156885531151 9.91539059958079 10.4576929196961 9.33725705209633 13.5578293694585 9.57593323539829 14.2552923181026 20.2734954766491 17.0317195964464 15.9648831164963 18.7639713875485 13.9019411344996 18.6042928474303 19.9153546826282 18.2596473847372
TCGA-A8-A07L 9.91287511778069 12.5130014711945 10.5722073256275 9.3552391249493 10.3825093814194 9.35271018459334 7.28097697938968 9.93482401469607 11.1005753036993 15.3592970382223 18.8752188409165 18.5211582235119 16.6779303083424 19.5840226031593 14.8429188098892 18.5359379116688 18.79541681139 18.8715118787454
TCGA-B6-A0IH 3 3 12.6562798413429 3 3 3 3 9.70483636854921 11.3290900639188 13.1806895837833 18.8920904037284 15.7508731069796 14.7713913043764 15.9470743280636 14.4330672261772 18.5114708571179 18.6891632433674 18.1507427688351
TCGA-A8-A09D 11.0882253213935 11.3755099063596 3 9.53521024343661 9.57115215270973 3 7.45421354750392 10.7896523066234 10.5687833585381 14.6346475092762 20.7819906854418 16.8081765608217 16.313184252612 19.1008075907838 13.8508715186374 18.4476194524261 18.7376020953759 18.7073035525078
TCGA-GM-A2D9 10.961000800369 11.2481968148887 3 11.3961440103618 11.4323662909413 3 8.29632368332298 11.8285042143025 9.95966001191346 15.3141168354788 21.0888040135408 16.7525293465624 14.1209118690922 17.5380117436663 15.1075412238506 17.9892031900918 18.8498845633274 18.1255588074328
TCGA-AO-A03V 11.6023403063818 10.3110199613455 3 9.46672160586064 10.4946674471807 10.4559969787783 8.35332675292985 10.3079599812782 9.50785205745868 14.228506752276 19.515960872353 16.2689420650375 15.1041486150601 18.3307276332478 14.689812027387 18.64333011853 19.1948623936345 17.896946109669
TCGA-A2-A0SU 11.2549638768896 3 11.5029324363262 3 9.73680890866155 3 7.61430768686423 11.6544610782101 9.74202494630982 14.2171565154349 21.6193283420435 17.4495315730766 14.5703497462132 18.0536151867141 13.3088030605164 18.8633618236223 19.381484828098 18.757357768427
TCGA-BH-A0BQ 3 3 3 3 15.0084130159827 9.81214476234759 3 14.0883865701321 9.37545860420826 14.791308540771 20.8535175769544 15.6542323039047 14.4512985029558 17.3763649255291 15.0235388877653 18.0593128340981 18.8350935976892 18.5132596682542
TCGA-A2-A1FW 12.6425172561993 3 9.32260397976932 11.0826985676321 10.7055863740982 10.0854689420153 7.03542549790824 15.7161680059382 11.6371624891629 16.7670027859382 20.4843392704882 18.2793530622182 16.493068288141 19.3414445021073 14.8609455467285 19.3272073432656 19.2756690857713 19.2186722047922
TCGA-A2-A3XZ 13.1566740745437 11.1268967644567 9.5131181385495 3 3 9.28618290795399 9.15776744596638 13.9267433534278 9.11037371236801 16.3848957827648 20.1603593253419 17.7199944599219 15.7279750046938 18.5506785664726 13.8747286381099 17.2089856206309 19.0772011927148 18.012465681462
TCGA-A2-A0EM 3 10.2460391617515 3 3 9.43798030680043 3 3 12.1105059532364 12.0481467587028 13.9153229969375 19.6445650884302 16.153970080203 14.8558218046207 17.9861755936848 14.2619906714496 18.7365251355721 19.2270678806185 17.8974840053384
TCGA-LL-A5YO 12.1339830019855 12.4217628497788 3 3 3 3 7.89954981587813 11.2513955244586 11.1293974844072 17.5462505277727 20.3185779058473 16.8306356639015 17.3220830927223 19.0266125828668 14.2510244062987 17.5063635266422 18.6739812536466 18.3183589587231
TCGA-A7-A0CH 3 11.5010571126951 3 10.6526681367864 3 3 3 12.9105275155914 13.5245558194657 15.1296598037606 21.8889420238036 16.6033502628175 14.2582854204199 17.516875661496 14.4171007198081 18.7128228654061 19.2110990775659 18.8223738089378
TCGA-3C-AALJ 3 3 12.005850404772 3 3 3 10.9709131603446 13.2885717262319 11.8207314866793 14.4760356299688 20.0893899755281 18.1078171429809 16.0488426921028 18.8325277895515 14.6556991402175 17.5165756346069 18.7872905233322 18.0144508619261
TCGA-A2-A0ET 3 3 11.2542059523352 11.0279132255387 9.08018637607858 3 6.98384773961852 12.8110909064529 10.9064958662511 12.8755006446374 21.1761392661964 17.4761696079391 16.4138809121272 18.5534333830874 16.7354702294216 19.3226559328936 19.0568833579399 19.3095017872011
TCGA-A8-A076 11.6513411764412 3 3 10.6764369006849 11.1259073007137 3 7.99756694356666 12.7419549373304 10.7846332182637 15.7017449198527 19.9863819127435 18.3623494134765 16.6909003462206 19.1560211605064 14.4257173170443 17.7380292744288 19.1685078170931 18.6671035103377
TCGA-B6-A0IK 3 3 3 11.7076305530233 10.1656256924904 11.7050764419521 8.03129841709339 13.084529180032 7.42235600375516 14.8191982462285 21.5004892661713 18.9844695561754 16.5795435219473 19.5236815519857 15.1307004862506 19.0327168776784 19.5942056602515 18.4664100859708
TCGA-BH-A0BL 11.6137917485461 12.2226941605045 9.29238368823988 9.06842020990361 3 9.06589815380313 7.00670399628175 9.64670633187164 10.1977511448612 15.1313316873597 17.9697408888509 18.3794806886971 16.9365729500963 19.1087887184413 13.9519371103163 18.7932591261421 18.7891106399669 19.1579918990901
TCGA-A2-A0D3 3 3 11.4827132109905 3 3 10.2584695549261 3 12.6044409291602 10.4938419628505 15.1034933488402 20.2623381471056 15.0258549833929 14.1505449937858 16.1691089947564 16.1097588884667 18.6190470771437 19.2445170524798 18.7203649111756
TCGA-A2-A4S1 3 13.1364867055995 3 3 10.7417379046948 3 10.1610117185183 9.97372415714455 9.53351304877137 14.8136771694952 19.5368972121308 16.3739036078484 15.7964982852546 17.3261813511085 15.0336330342185 17.3738113272125 18.0569903135149 18.21041687461
TCGA-AC-A3TM 10.3404050792815 3 3 3 11.8076834160891 12.3527420013267 8.66414667885867 14.3176460340328 11.0951191085186 17.9271952024967 21.8692205640694 17.9900697775114 15.5390933363819 18.0718648873752 14.9146003968428 17.0501093299903 18.4123977496845 17.8221332228921
TCGA-AN-A0XP 9.86849992714691 10.1545071490961 11.8449232576372 3 3 3 3 13.7665849457778 12.0532754820152 15.4950922599375 20.7828264641534 16.8281768533865 14.5835138900593 17.2610866165144 14.3525257451301 18.6074535000197 18.6616253270674 18.6420302200753
TCGA-A7-A4SB 3 3 11.255785505635 3 3 3 3 3 13.7825801863781 14.1392228895693 18.6382278941453 18.4160164891025 14.7698551560055 18.1896910418734 14.2657982452856 18.3975802604805 18.7929988119899 18.3607102251856
TCGA-BH-A28O 3 3 9.58015828357877 3 3 3 7.28135086756198 9.61623103445586 12.8405028507377 13.328117840818 18.6313297241822 15.3942794227834 14.3327648458571 16.1479530092845 13.745528915659 18.2325769014042 18.3733231304611 17.935700389098
TCGA-E9-A22B 11.7647838028454 3 3 11.7863530477621 11.8226005657476 10.7870682175212 8.67880368193358 12.7113158433367 12.1353658884038 15.3130261650063 21.400738978188 17.2219055277053 15.8963435452539 17.9106907915145 12.9181236599646 18.3559638074274 18.9365563577889 18.9194651958889
TCGA-A8-A0A6 3 3 10.159172831944 3 3 3 7.84048068445089 10.9985000361532 11.2483996466223 13.6224469212375 19.2997631495801 16.6396086411401 14.7820085647559 17.4341801239253 13.6413616133021 18.8063570955624 18.932292867416 18.947391380663
TCGA-AR-A1AU 11.9761864326377 3 3 11.7352923129173 9.46275375442395 10.415887902485 7.34980327131479 13.7828655463673 11.8567827334333 14.0277898062633 21.5109540916148 17.2858592405076 15.6651515842615 17.8519262091433 14.1101154154069 18.6941245905619 19.4508430719701 18.7185801250364
TCGA-C8-A8HP 15.228494636043 12.5797260618364 10.377090916151 10.1514716389245 10.1875480495774 10.1489294227995 8.05270331265324 13.312860348334 10.1927773104016 13.9935847422462 21.1011245076286 16.8165027582932 17.0995133150989 18.8426016977874 14.4262625207969 16.7138956282282 18.76699272741 17.6928549185563
TCGA-A8-A075 9.98105950014754 3 3 10.9968714793822 9.45907117288772 3 8.31035399655939 12.4791749018676 9.46427674885237 13.7441072540397 19.587125726545 17.6392136324326 16.6746664308101 19.3628714236184 14.147281886066 17.7343083188415 17.8980510318817 18.3324511180141
TCGA-A2-A0D0 10.2467681282953 10.5332917709077 3 9.68795468446182 9.72393546367355 3 3 7.98377100527205 10.2396388356166 14.7889248181066 17.1042426874151 17.04122801103 17.0935468169446 19.1604437543575 13.4060151035685 19.1064068781342 19.8903257634728 18.5615454848195
TCGA-BH-A0DS 16.2495762527074 10.6621701542249 10.0415321522417 10.8098848244525 16.1067200132845 11.8041120606409 7.72628058723515 14.7678416291833 10.2173328716649 14.9773159719983 21.4786646830112 15.822056786239 14.0228689278865 17.1442334148592 15.2585834694387 17.9497872789699 18.8921241117167 18.1809629242986
TCGA-A2-A04Y 3 13.5707841380752 3 3 9.18951651081102 9.1511674828525 8.04494092727838 12.5280693113581 10.8332944328021 14.5703097947061 18.5235041110046 18.2246508340278 16.0675956726296 18.7200621110604 14.3192189447037 18.2764658401315 19.5002584967858 18.3965847279167
TCGA-A7-A26G 3 9.772773063546 9.15541114502096 3 8.96750043233254 3 7.8269562917584 11.3458429018486 10.9030961223742 13.2461338804126 19.1778761266857 15.7531784165456 16.6598742187265 18.0091818670343 13.8324239424687 18.8722749312058 19.7628223120675 18.9197417056331
TCGA-AC-A23H 10.6731381788398 10.9601024497048 3 10.694651619735 11.4650536205561 10.6921037486664 3 14.8744342808371 7.96873365836654 16.3049370447281 21.9624565804838 18.0303197333248 17.0425113980638 19.2564970363153 14.2977397285632 17.8164058554575 19.0026550238598 18.9379767008689
TCGA-AR-A5QQ 12.4623403137443 11.7518890833947 3 3 9.94503508154035 3 3 12.8624871137947 8.74333731781336 15.1273727922934 20.200411620534 18.8525133705835 17.4080330419106 19.2269522105879 14.6925737311784 17.5803277902295 18.5021024631865 18.2083133805958
TCGA-BH-A0E0 3 3 3 3 11.2829226667564 10.2489104914799 8.15043712369724 13.1506274165451 9.08260245127726 16.3864598390959 19.7029615237848 18.0445479861523 16.2716785241017 19.0140126786484 12.8370867845634 18.4890354707087 19.276541542978 18.3057501374206
TCGA-E2-A1IN 3 9.80948719962593 3 8.96820883547182 3 8.96568952594007 3 11.9663001934449 10.6458706851986 13.723420313503 20.8726776116279 16.7684264283735 15.4462351223096 18.3652151080482 16.0616657893689 18.2503055392615 19.2541118622705 18.4575322627703
TCGA-E2-A1IO 3 3 9.59571739582671 3 3 9.36863077592894 7.2962690333309 10.4329007035678 11.1778175770179 14.131856626656 17.3848327381646 15.0290851526209 14.7290605101354 17.0058330913543 13.8521000932363 18.671278457478 18.5254160055394 18.1179491449651
TCGA-BH-A0C1 3 10.1310530623935 11.0865127870465 3 3 9.28519310503741 7.21620068142657 9.54818104737548 11.4616684593612 14.1917300810905 20.1105624255465 16.9670387537663 16.2015690738707 18.8643177862002 14.333877937919 18.718923826373 18.6698227703207 18.5774372679659
TCGA-E2-A106 10.9880195794702 3 9.66041323405158 12.2287434586815 9.47165886677852 9.43321393538581 8.32276629438799 14.9117220977157 8.27590895494831 14.7564146988036 22.1922001341543 16.167715527541 15.0637491905381 17.7549112242127 12.5194262164257 18.2571136371866 19.1166824622566 18.1144083960795
TCGA-AR-A5QN 11.2663526376781 3 11.9283778568797 3 3 10.7026972272343 8.0256179255696 10.3855538295512 10.6765893079347 14.6878453904775 20.4697760753585 17.7517180978962 14.8802796141394 17.0028023896303 14.0540363701476 17.9564707905354 17.9210166884139 18.162598067398
TCGA-AR-A254 9.58527906422337 3 3 3 3 3 3 11.9172220267906 11.2458311998992 14.7068490239794 18.9954889722955 17.9865888963063 16.3764814593796 19.0343607669685 14.0517269283802 18.2566910691389 18.6864545903473 18.9655079965516
TCGA-B6-A0RU 9.96623797554984 10.2523918828788 3 11.7166711295847 9.44430146628886 3 3 10.4703698965865 10.8796154155108 13.9217144474436 20.4457704490525 18.2429510997294 17.2944781163586 20.0034338498651 14.5975134879345 19.1314366653325 19.9594083938677 18.3631767640566
TCGA-A2-A3XY 12.2723086611571 11.3402845329509 3 3 3 3 9.36907761168649 10.1728550313627 10.312543361276 16.0584613807275 18.8292409319695 16.891019301008 16.3827060554608 18.5544782683704 13.8292251977389 17.168439027086 18.5537911522219 18.1726349436769
TCGA-BH-A0AV 3 11.1524840993594 9.53851784353599 10.3049684291476 9.34994098100269 3 3 9.16457881387438 11.0590368517915 13.8262715968778 18.3399631124148 16.9007029456424 16.175095014872 19.2263292229064 14.9000160218188 19.0120824453678 19.5115304773999 18.7267912830186
TCGA-A1-A0SG 12.5456444898768 11.8351201388636 9.63707264506291 3 10.4400670482558 10.4014050087779 3 11.3637792578306 12.6314656019882 15.210773757159 21.3921710554217 16.8294896805125 14.1833291997085 17.5517858067079 14.316939761988 18.1644946349409 19.0935203247321 18.4680408599016
TCGA-AC-A5EH 3 3 3 9.61965709814955 3 10.609755750149 7.53576892337181 11.0438601722611 12.8630679794515 14.7788386305226 18.5268734536567 16.8360869544224 15.7258500508565 18.2520577812617 14.9542250801951 17.6158999494488 18.3956179277585 18.4607196925953
TCGA-C8-A138 14.9734935504613 10.6834525339076 10.06275818652 12.6340001256441 12.4481864009514 12.1467436806855 9.29555511188704 13.6128588462185 9.6583835691244 15.6766375957626 20.0632672306801 17.0903613746196 15.0067602085485 19.2544818653698 13.2902520474147 18.0574800745985 18.1482445948578 17.7202546430742
TCGA-AR-A251 11.9187581513337 10.2137707390549 11.7528014670542 10.6814035806338 3 8.38481871176222 9.40674024170926 13.3175478443992 10.1816041430151 14.2402394600493 22.2036032694597 18.7340028690753 17.1080366178401 17.8293159210395 13.2469469746703 18.1488880215445 19.2524182285805 18.7661098269529
TCGA-A2-A0EX 3 3 9.94209476210501 3 3 3 3 9.97825099744805 13.088528048364 13.555763794562 20.1735171643892 16.5602885463927 14.0172834807038 17.0994800019756 15.9068931657989 18.5282755295036 19.2630496459936 18.7135296136462
TCGA-AC-A62X 10.230711254287 3 11.4738538965819 9.67194843491101 3 9.66941332535943 8.55600594860775 11.7320286778509 8.50896640927578 16.0702014563732 21.8460210064086 17.4811375299642 16.4676541727127 18.8985362702068 12.7578743005062 18.5675335745885 19.0302205065874 18.5274782897956
TCGA-GM-A2DI 3 3 3 10.5537415452857 3 10.5511949432954 3 9.82239390010617 10.5951174036951 14.5356210867119 20.5105193467843 15.3352563942646 15.6439104959361 18.1656036901538 14.9335147718693 18.6183712739155 18.8137600730878 18.5401132271665
TCGA-D8-A1J9 13.2528516611332 9.74606209005488 3 3 8.94097543946498 8.90272790897528 3 12.6381816542119 9.93440783914695 15.4108956929079 18.6896672937529 17.9883904082646 15.6117543638381 18.8369236100301 14.0918565934928 18.2781800995152 19.0443992168602 18.7410528908194
TCGA-A2-A0EU 3 3 3 3 9.53446987437541 3 3 10.5610550085457 13.3902330913979 11.6008371930888 18.8164725426701 18.0171166154945 15.5535340331568 18.0872008521068 15.7671502617156 18.9275890840205 19.3956606283874 18.7985629197897
TCGA-BH-AB28 10.1143818222356 10.4007399281829 11.3570554180403 9.55600303286361 3 3 3 8.82972683117366 11.4793152159735 15.0247915608321 16.4414109756088 17.0759931960652 14.7899762129143 17.6451058266056 13.6734459045894 18.5478912988843 18.8410482039372 18.1763791213749
TCGA-AN-A0AS 11.3086721659941 10.5998162123778 12.5547510807382 3 11.7803845925963 9.75166147284874 3 13.1754910713341 11.4386059616481 16.1285739102336 21.2074583869637 16.3583624877996 15.9899289167553 17.8924282596015 14.1559874084559 18.4598755381028 18.5015345288602 18.4961468836803
TCGA-A1-A0SI 3 10.9375976796881 3 10.0907351496251 3 3 3 12.5155565564374 10.0259041801958 14.8580891091526 19.2291804264758 17.40516607458 15.727028919469 19.3376293060158 14.4028971381017 18.4654984699549 19.2228995691926 18.0798822212293
TCGA-BH-A0B9 10.2606767746022 3 3 8.71561259183471 3 3 10.2650240672662 10.6590365393611 10.0207492538116 14.4659925317072 17.1224707575461 19.0400924093212 17.706595044978 18.933680204232 13.4959800828578 18.673731868091 18.8319766265624 19.1826203012256
TCGA-A7-A5ZV 3 11.138562340449 11.5128977913761 11.2864729015341 3 10.2885422315281 12.1516637017616 11.5492482282138 12.8395875918701 15.7186103422635 19.7715830431428 15.983805615314 17.4493078426865 18.2731652010296 14.7945549049186 18.5008984607264 18.8124112317725 17.8271972731561
TCGA-BH-A0HP 3 11.0591882822758 11.4334573216386 9.22164276374088 9.25749073571589 3 3 9.48195844921688 11.9628754598583 14.3762400437837 20.137363671937 17.5021388757518 15.8938121046729 18.1615212260065 15.0832295618921 18.6996915734375 18.9106883298115 18.3286725736081
TCGA-B6-A408 9.84396514164419 3 11.0853897808592 11.2726803333376 11.3088930987412 9.28408040892688 7.2151341923493 13.3655387695973 10.7568599620636 16.2735477263459 20.7703837126802 16.6535782580527 15.7866975482177 17.5395635341561 15.7877653991594 18.1109048241322 18.7016888230789 18.3967499025873
TCGA-A7-A3IY 12.2223107240718 13.3572354881045 3 12.3368540538258 3 10.3409871418656 3 13.4571759221294 11.3805508125778 15.4191344078979 21.8073165190903 17.5249085703445 15.2783332936698 17.9003327065548 14.2752080995781 18.3148789880864 18.8927545571108 18.9222341228935
TCGA-E2-A570 11.3387741469061 3 10.0093075336875 3 9.82012057680497 3 3 13.7358002201533 8.61981018774895 16.0012437277421 20.657846812632 16.6280341843957 15.5626241719737 17.7944499888752 14.5118569019792 18.4102119238911 18.6070435030881 18.2013927523335
TCGA-A1-A0SD 3 3 11.4808630034658 9.26855692949081 3 3 9.1376389875148 11.7645168710818 10.8824048886959 14.364891602697 21.0424263760739 16.8853654363096 14.7410520341989 17.6897481693924 15.1517147233896 18.7228705588862 18.381251273103 18.6620528547796
TCGA-S3-AA14 10.5931045716084 3 11.8374872028022 3 3 3 8.9136821829142 11.0984448342549 13.6149808608367 15.3071024977991 19.9497240217249 15.8213188560266 15.0381838552598 18.5147401134105 15.334399392166 18.0723241460833 18.9711142820705 18.5174768895791
TCGA-A2-A4RX 10.7306013961332 12.0148294404974 3 3 3 3 3 10.7526291589334 13.1772942776233 13.2762360418062 19.0874126073167 16.8437139666651 16.1620334387177 19.1380694732409 14.6512309416082 18.6962899759592 19.1359465094438 17.972111561012
TCGA-Z7-A8R6 9.97057322892877 12.5710947751337 9.63734341982122 9.4127138865307 3 3 7.33621254864712 10.8354820057564 11.1585389143854 16.3517434520879 18.9036014209895 18.9325063873758 16.0806657956058 20.5231164349552 16.212514334349 17.7022780560314 19.1366220232791 18.4144281823449
TCGA-A2-A0EW 3 3 10.5404169743906 9.3236736578999 3 3 3 8.59916830540194 13.0169141246351 13.1584002228964 18.6964906612662 16.0127805148645 14.5063217725077 16.7176766183823 14.2755515247597 18.7672046740212 18.8842420223556 18.604037967201
TCGA-C8-A12W 13.5684333442517 10.541564186846 3 10.6892181178451 9.73217419258443 10.6866702934505 3 15.8707630646177 10.2479011450321 15.5696610740067 20.7659079680064 17.7700576605151 17.0407555643017 19.6596036733802 13.5792711287564 18.6110710255483 18.7270736119738 18.9653831451662
TCGA-A2-A0CV 9.61526266940057 3 3 9.05893123950389 3 10.0455296537509 7.95179331552689 13.7444591313767 7.90529380280077 14.3746865799733 21.2350912462922 14.0131733330532 14.3045264949297 16.2810085063619 17.2333581622425 18.539848281129 18.8447690348232 18.301533583508
TCGA-A8-A09E 11.6727583472995 3 12.3352081982336 9.53653775337308 9.57248001850605 11.1085511939297 9.40531448530345 12.179267465162 10.570118266185 17.3174303871905 21.6309522401764 18.0928751418001 16.3885195942487 18.8320388507125 14.1920006953345 18.4107798465739 18.6062885453461 17.9999349687186
TCGA-AR-A24N 12.2193470103439 3 9.31396468270087 3 10.6968794777464 10.0767846201856 3 14.6087516484731 11.1154239315003 15.2132927106885 19.3342177074524 18.109182117061 16.0232682402171 19.0209627592923 16.9163269646671 18.7309359637807 19.3294936909844 18.5743897628833
TCGA-BH-A0HA 12.3031033716326 12.5909346762456 3 9.75093136036818 12.0983651394236 9.74839491198316 7.66286103867098 12.6466779780952 8.99452021261549 15.9111781138419 20.8668829530571 17.9333851878927 15.1876165004691 17.9908109872277 14.9117776802732 18.1398283135778 19.4533368560005 18.0751303360167
TCGA-A2-A0YC 9.61779906834726 10.8973427182477 3 9.06145535046643 10.6680920322631 9.05893347914946 3 12.6625701857783 11.3657720765447 15.7394867335769 21.1002025148965 16.8967375313731 14.656998760355 17.6862966991866 15.095501432881 18.7571395899153 19.2280296971 18.9452212831829
TCGA-OL-A5RZ 3 11.8446347816069 3 3 3 3 10.6716325611576 9.85096591201017 11.0370017167358 16.9290485483171 20.5812933158443 17.8265953828005 17.452764340139 18.7251923151755 14.2960515691267 17.8730784681982 18.5218672443592 18.6529444473789
TCGA-A2-A0CR 12.5735542628159 12.1255242481572 3 3 3 3 7.61382617554348 10.9557573390811 9.74152762630321 17.5824293975887 19.4918117255189 16.7893703977964 14.9417088164269 17.9345884355655 14.6902541600179 17.4088186344546 18.1517307064275 17.7087007375149
TCGA-OL-A5RX 10.1294750847702 3 11.3722117026187 3 3 9.56851142059601 9.0302776545228 10.6339739194863 10.498469921705 14.1735389756028 20.0271220729619 15.7943757906918 14.5788540340429 16.6291622950007 15.4054710669891 18.1843014908402 18.5951238852298 18.2885793075231
TCGA-AC-A3TN 11.6118649329603 11.3159892076928 9.70089893918553 3 9.51208885285435 9.47363165113463 8.93587002106357 12.8542556845432 12.3110881907905 16.544236601049 20.539294983615 16.6558432188382 14.5446332607698 16.7812413709315 14.4350929629212 17.4464256716393 18.722287900047 17.7745936425892
TCGA-AQ-A04H 10.6985809994324 10.9855676679742 10.9461974114197 10.1385508137221 3 3 8.61035600888784 12.9478726386345 15.10093521366 14.3023636774596 20.8203767084994 18.5475008618415 16.4644941783897 19.1021217509612 14.3255588200302 18.9972761710941 19.3878912670893 19.0373359460177
TCGA-AC-A6IX 9.94050083686591 3 11.1823985573273 10.3740862234394 3 3 8.84296159889107 11.5396828448309 10.0698128074724 14.2175580810761 20.3047672580446 17.1506411740938 14.6905756686025 17.5107314119598 13.654957844997 17.9521713014762 17.9823746034709 18.3878424441219
TCGA-AR-A0U2 9.72831357889037 11.591594497592 11.7037887155442 9.1714548078801 3 9.1689301198685 3 13.9233831547207 11.2970224589357 14.8512747814593 19.4196633757685 19.4023922805856 16.3732220198566 19.9133393881934 14.4426364931595 18.8788454820253 19.0331768838563 19.433375657458
TCGA-AC-A3W6 3 3 3 3 3 3 8.47677241069321 11.0157833676751 10.4044687039125 15.4285769751859 18.8615871711138 17.1487272686602 15.2706615761578 18.3114984916448 14.732583409738 17.5252311134618 18.0599191006022 17.8783083596765
TCGA-A2-A0ES 12.2681909453242 3 3 3 10.4253237852914 3 7.3218613530447 7.70069748603002 13.7552027396046 12.2345630878996 19.2081465574223 15.9727757897126 14.6537542481575 16.8718712228501 13.6006652882568 18.7948898189761 18.9381407747424 18.7611413663009
TCGA-AO-A03U 3 11.0312226788387 9.41817562736986 9.19395067708768 3 3 8.08454555154062 9.77283724832069 10.8071210050264 13.5121123036019 18.1100684805935 15.8331800758383 15.5493592459119 17.4586324723048 13.2929721289804 18.5532486594307 18.7798061226421 18.6304038840327
TCGA-AN-A0AL 11.1348601267744 11.4221752693945 3 10.5739659155536 9.61747177697336 9.57898416188535 3 12.8758518742612 11.5593305599309 15.7686673422233 18.2343168455022 18.4648743944434 16.4475592372471 19.1106589764241 14.6458057278465 18.0075001289503 19.1306350067676 18.1788420729098
TCGA-AR-A1AP 3 10.5611110796476 3 3 3 3 7.62867241227654 9.97690820624885 10.1164613628139 14.8757635288332 16.2695225599769 17.5517394690248 15.1778165688459 17.848007330427 14.3265669156078 18.4542464657401 18.8074611194508 18.8722127590347
TCGA-AC-A4ZE 10.847302091843 10.1395371424349 13.0910636490405 12.9795492341352 10.3230466924779 3 8.18516861379823 12.0034721628735 13.621359582069 14.6151555069414 20.2825290437321 17.4736084864336 14.6029196038803 18.271633614606 14.15480083194 18.5864450166182 18.9394078918798 18.2654738231693
TCGA-E2-A15C 3 3 3 9.5032863810417 3 9.50075438806741 3 11.2151362796733 13.0627333989823 13.3399970661536 20.9127953665434 16.1812838480521 14.3158050353619 17.2517133807065 16.349735077533 18.5689930965817 19.0725881105999 18.5685369385052
TCGA-B6-A1KI 3 3 10.8470644250699 3 10.6571806999052 3 3 11.5440692388248 11.8207466041114 13.3668332024628 20.4711237618027 16.3810366083426 14.8570577712009 16.9294494871717 14.6766582351133 18.4892601655539 18.9590529927512 18.5130182683629
TCGA-AR-A24T 3 10.052529724164 10.4255461126397 9.20965764941622 3 9.20713203233828 3 11.2656290297354 12.4263691220785 14.1797461134961 20.8075359506368 16.7721400226145 14.6964826127629 17.1936410571494 15.6888617417469 18.8240332219478 18.6491617232055 18.8361215136484
TCGA-AN-A0XR 11.196774097902 10.4881516984787 9.86800687705463 11.2183195410387 11.2545278516891 11.6295917228442 3 15.05226284697 10.570791898478 17.1916656837782 21.2702884899278 18.4224384472359 15.5117375139128 19.2537182689963 16.0749859830927 18.3824998012199 19.0186155489843 18.9653932608436
TCGA-AC-A62Y 10.1306894941585 10.4170688221118 10.7906421721904 3 3 10.5621077873361 3 13.9911946676484 9.97271016294642 15.7307429884097 21.1093717623911 16.983111927823 16.0806235723351 18.0021711083904 14.7011983098292 18.3276888078495 18.7969135409683 17.9336686922297
TCGA-A2-A1FV 12.636395120654 9.93466789115958 11.6239250140904 13.826919289291 11.1127872802208 11.6572175188845 7.98481357377059 14.4121294275094 11.1684806093709 13.7716486222555 22.7002369952741 16.8096463030909 14.7475981740593 18.0873885064271 16.2855223923878 19.6460950811675 19.7710978532807 19.2159692497244
TCGA-B6-A0RT 3 3 3 10.7419771510902 3 3 8.06140540516012 11.8093435563493 11.3888094678586 14.8897540840441 18.9938206774869 17.2105723604199 16.5686186817558 19.2743048943635 14.0442720944141 19.5031491966034 18.8299846841348 18.5254411165054
TCGA-AN-A0FN 10.8288498171112 3 3 9.27786042570411 9.31372677571949 3 3 9.85712006957102 10.3098619790326 13.8770375001104 18.3805182108188 16.7137694470695 14.9265253035254 17.9695827669457 14.1970615292049 18.2895973118379 18.7569892428938 18.6309668103504
TCGA-A2-A25C 11.1723162713631 10.4637473726679 10.837382392922 8.63332467410676 10.6475046287523 10.6088121936657 7.53486141061753 12.7271937451554 9.3158577335699 13.5269189634772 21.5094910017334 17.4291930224033 16.5640544248417 19.3028504422858 14.2202779786054 18.9282814626172 18.3739928573892 18.4461165804506
TCGA-BH-A1FG 12.3260960223499 11.8781951938065 3 9.45511238646944 11.0652621729865 10.4443216078446 8.34187261904234 12.1640702188554 12.696920813433 14.7760017026774 21.5350016024528 17.1872287055426 14.4118199822961 17.1420902594129 12.8272667686858 18.3598883241217 19.6703541889933 18.6413466230883
TCGA-BH-A18M 10.9539532170699 10.2459043049468 9.62655267349572 3 3 3 8.28942813224553 9.9817145406729 11.5298176868822 14.0026062099376 19.1967226890822 17.2118384302138 15.1682671466873 18.4539127733657 15.6086147825739 18.5586829059962 19.0014403041743 18.5755018990788
TCGA-AR-A24M 9.45078946255656 9.73604445666022 3 3 9.91915674756812 3 6.84239268047958 14.2948504589836 11.4667326008473 14.2590883340486 19.9603814937985 17.4471740962288 15.6747751990182 18.2979327309209 14.5188424700175 19.267314035063 19.1509014048107 19.1514595642078
TCGA-A2-A04T 3 11.7542087474129 9.55681646986771 10.3233485455657 3 9.32980007109457 3 11.4887715856614 11.4107778812388 13.0152928352377 19.8315562545362 18.6521366723225 17.6126341677898 19.9492529150397 14.1743849162774 18.7059110402268 20.3336815024797 18.8948578676239
TCGA-D8-A1XM 9.44123619572103 11.3023224214588 3 11.1880769856886 10.9035601774417 8.88328442400502 7.78189280294332 14.3541105817717 9.57012830751417 13.2988907624044 21.161082084955 17.5570786726286 16.0460784027525 18.3433887623685 14.3391117849955 18.7661379160599 19.024473646751 19.0113092737796
TCGA-A2-A0YI 9.65553203798419 9.94118298103277 9.32303734023107 9.09900803317505 9.13481334009859 3 3 10.5191641879912 12.6176634946988 13.4158781537809 21.0965654563361 16.1132590490904 14.9456444638957 17.1807194466472 14.8538368638577 18.6694906700576 18.2988684233045 18.5500113762819
TCGA-BH-A0HY 3 3 9.72575825793261 13.2934696244942 3 10.4904496080922 3 13.3643164152245 7.77296100279427 15.0149741088257 20.8117392323984 17.817701058667 15.5795148329197 18.6630888049602 15.1144681343232 17.3869461756126 19.4254480170964 18.4552853686527
TCGA-A2-A04X 9.91170309228762 11.1928544168779 3 3 11.6980615038496 9.35154281419367 8.24223501094502 12.4093518596723 10.8248703439112 14.258893771233 21.0343020006321 18.3774059200815 16.457181052157 19.494032444053 16.0628612974328 17.8780574840201 19.6695238878175 18.753340523441
TCGA-A8-A0A9 9.62554204038404 3 10.2838979156958 3 9.10495530557614 10.0558362446309 7.00740916482189 11.2227871896022 10.8728818128848 16.0530763517224 18.2111080740776 17.0776341345937 15.54371655643 19.0786778594387 14.9229597339984 18.219705235326 18.8708594548833 19.1421844542669
TCGA-AN-A0XN 12.0158824934865 3 3 3 3 3 7.78535515450265 11.4543803686282 11.1042777405608 15.1496523103389 19.3893261917966 17.3611011046496 15.2726316346856 17.2925469178036 14.2992565349692 18.9563319157263 18.3184296480649 19.2430160188614
TCGA-D8-A1JF 13.7542389827129 11.5430211384417 9.34752101296456 9.12344012066618 3 3 3 12.725400983239 9.67297241247567 12.9556392077856 21.4453001529885 17.240150842736 16.8734122801575 17.1575549531885 13.4008253698723 19.2768321607863 18.1401465049628 18.8193467552078
TCGA-GM-A2DK 3 3 3 3 9.79709777084485 3 9.62966086572568 10.3421312642045 10.4496843838608 15.8011621062407 18.6525279651138 18.280126417385 15.7564622677736 17.1999663822638 13.0462634143671 17.9544328541796 19.1494320158745 18.0217276520906
TCGA-GM-A2DH 10.3906392931725 9.68435729004754 10.6379938014533 11.991434516379 3 9.82885872064764 6.79390704169205 11.5455171358785 10.5202233523414 15.4146864263505 17.8273485947409 18.3855589182151 17.1937593759688 19.7886148206716 14.7658295277093 18.9941989628577 19.9395123148485 18.458711750355
TCGA-BH-A0BO 9.79433520509671 3 3 3 9.27304009155587 3 3 10.2980329986535 11.6651851190141 14.2076369541188 20.272853990626 15.6789289305798 15.3648707799403 17.4543401187476 13.2832765435811 18.4084075504168 18.5788700374461 18.7351170234103
TCGA-B6-A0WX 12.5976484780114 10.3081995770482 10.6816210852595 3 3 3 3 11.6215838898489 10.4970810417235 15.9773184968975 20.5646648737001 16.5683756806757 16.3630228745044 17.7778611065014 13.8973995878629 18.3109654902717 18.5650211014882 17.8832389002262
TCGA-A1-A0SF 3 3 3 3 3 3 3 9.89905647521258 10.5656847991822 14.6770340439329 17.8312947180547 17.4528387633051 15.5744082432541 18.3090341426692 15.6976533020601 18.3750659751205 19.5600942292042 17.9865543776345
TCGA-A2-A0CT 3 10.5043868341113 10.8780739428023 13.6457311322194 11.2708002511133 3 7.57398984371442 12.9972524371605 10.7924821632186 13.3455253839055 22.3594878804328 18.785262816253 15.5548085304877 18.1292176000247 13.4260547812141 19.2816942082727 19.1779402005532 19.0779034476305
TCGA-A2-A04Q 3 10.3320661640238 3 9.48766248781464 9.52359143275786 9.48513080240741 7.40836716725206 12.5948904962116 10.5209660727903 13.8093155942096 19.9130235193722 17.2455023437033 16.0977703070265 19.2096585775991 13.3853063671571 18.2647113488123 19.0576822936415 18.2574842839715
TCGA-C8-A3M7 9.78085866014225 3 3 3 10.2501714475157 3 8.11389014303918 9.07441356237857 10.6934878558119 14.1269582135448 20.1352841464752 17.8155220306447 14.9416721966837 18.2516645342739 13.0039123688608 18.3732525801401 18.4983939070343 18.320739692687
TCGA-AO-A0JG 10.6734714901334 3 11.3346171989636 13.3520750258243 10.1495690951676 11.6889455523125 8.99315231564256 12.4978700936126 10.5927032274191 15.4909357347587 21.9467837787248 16.0114515101162 15.0093401028027 16.9839822326692 13.6450312531869 18.9335537776681 18.9480940907869 18.9372508594328
TCGA-BH-A0BC 3 3 3 9.15921151640324 3 3 8.05036993501438 9.41938413294082 10.2892648604038 16.0781007447288 19.0211400484331 17.7535844197497 16.3485558136781 18.8321166236911 15.4214658405249 18.3090076003043 19.2432280182376 18.37673844395
TCGA-B6-A0IQ 10.6471584234831 9.93998630698108 10.8947348978291 9.09781914550647 3 9.09529631917993 9.2844358235719 12.6638542400662 10.3198965973405 16.1142176577194 18.6752497561129 18.3236434600787 16.5752002544615 20.4775096094257 14.0173002797361 18.7603065670062 19.7362514357203 18.1416660212301
TCGA-A2-A0EN 3 3 10.4552130873195 9.23909733536048 10.2656056036336 3 7.16962992148676 9.8181873403671 12.777682220393 13.2101812199798 19.106763448621 16.3148667768841 15.1524683101599 17.5412036404254 14.4417724336754 17.9623407646568 18.198450126905 18.4498418491202
TCGA-AC-A2FO 3 3 9.64059676779561 10.4074889703022 10.4436064189894 10.9870659828667 8.87598580453477 10.6696164833764 10.2278247199826 14.7364048199877 21.0790963760121 16.253692105465 14.7354805828019 17.2550152296518 14.1054782516102 18.417028572934 19.0245580354591 18.6661968895713
TCGA-BH-A0B5 10.7752379420429 10.067677066453 12.4344779236585 9.22471422128306 3 3 3 11.174282981439 11.0886979518308 13.0582360220678 19.0968080876664 18.1525376820841 15.5246230010025 19.6830842642985 14.635802204689 18.6340764746639 18.9520402196711 18.2701755975331
TCGA-5L-AAT0 3 3 3 3 3 3 3 12.4605757224716 12.3883045109024 14.2227438537327 20.7870544034481 17.2224292696273 14.7294351390188 17.8216891874191 15.0982901310763 17.8870365310967 18.9277353910816 18.1957257150324
TCGA-A7-A4SC 3 3 12.5723474361392 3 3 3 3 11.4590026817936 13.4064746903877 14.3589901449639 18.9241776179718 16.4666283347125 14.4133277620859 16.5818866020068 13.8498828246816 18.00404666163 17.913655073552 18.3476506067639
TCGA-AC-A3BB 9.95384735771592 3 10.6133035646209 3 9.43195457665323 3 7.32019085477123 12.5984243643076 12.4976980304175 15.9310321475491 21.1498118928583 16.0241910664597 14.4636137806191 17.5980654735602 14.7342843660239 17.6775626274109 18.326287037019 17.9743631944478
TCGA-AR-A1AY 9.95036517238793 13.0356272397618 10.6098109775452 12.3774789483965 3 3 7.3168562592127 11.3437425844149 12.8399411605468 14.1535300305676 18.4268140470477 17.1530850350063 17.8381531938372 19.5716366802112 13.3110354152528 18.6164967114438 19.6448225392504 18.4736197461955
TCGA-A8-A06Q 3 3 3 12.0894090803716 8.97626201721431 10.5071875754669 6.88521002312021 10.8869278218865 11.7690928647445 13.354486976044 19.3974022327375 18.1346156380733 16.4465790120455 19.2622116341831 13.4941100173203 18.6863643050701 19.5800876956615 18.6159816726645
TCGA-A2-A0T0 10.8543465891404 3 3 9.30314168187541 3 3 3 10.1435045947824 9.12478054234771 15.4585282892264 19.1540532760855 16.8782946962374 17.5881310043798 18.1228064958126 14.5504070813774 18.9809503177272 19.3448734173432 18.6952366615758
TCGA-A7-A4SA 10.5362706783042 11.8199185856408 3 3 3 3 3 10.2382677376641 12.4867873557979 15.6649417431978 18.3654817483707 16.8550273836331 15.2615207751989 18.4420023978478 14.7932161981435 17.746463472426 18.5943118019654 18.0041071355244
TCGA-A2-A3KC 9.90806296949459 3 3 3 3 3 7.27637450235008 9.20091172806135 12.0931012736342 15.7451700573184 17.7784194754511 17.0239171827153 14.8882964186869 18.0731959239079 14.2973464307782 18.3974133303854 18.0652765942766 18.3864594207894
TCGA-BH-A0H0 13.3500895456442 3 11.7936003060038 10.9839946377632 12.0174004030518 10.568308591857 6.94258453171686 14.6934787336459 14.676489324323 16.2360157512114 21.1259450515549 18.7790122329373 15.6342752317214 19.7051414498583 14.0029550027446 18.3986995931112 19.4395341652603 18.6313737822013
TCGA-A8-A07O 10.6370490356835 9.92990909429772 3 9.08780775724231 11.428888467976 11.8743114757148 7.98016726164006 14.3858079337175 9.77335903494255 13.404519760027 19.9841091022126 18.4236903979474 17.5150315930836 18.8805827436881 13.9122809655673 18.4877203738377 19.1548819581287 18.9134308617335
TCGA-A2-A25A 9.19756585208077 9.48224645865541 10.4348522954356 3 9.66504548532972 3 8.10909046180396 12.1658926926615 11.5803631645969 14.6680957492216 20.63694128876 17.4244192868312 14.9649022180522 18.4551573529086 14.8160664921578 18.6855585006721 19.2278061376242 18.5122723748736
TCGA-LL-A441 3 10.9150103403134 10.8756480080164 9.07893288382108 10.1042836847788 11.8653230139513 11.388454830098 13.1036500584441 11.3405223910376 14.4455906831184 20.8884669938747 16.5492204146479 16.4556973051901 17.9868243867218 14.0718368681048 18.1127162682758 18.2976255067264 17.9844383604597
TCGA-A2-A0YT 3 11.4437765542099 3 10.5955170338161 3 10.0117389353667 3 13.6768953915784 8.58952001605359 14.5776029410835 21.0430366347673 18.8541088942481 17.0974726486712 19.0590268792908 13.2411290766287 18.6550734056272 18.8632495616533 19.4838338179232
TCGA-E2-A14U 3 10.9865866999472 3 3 9.18558568766001 3 8.04107631100843 10.9835194611696 13.3304427564024 13.2451109306004 20.013607950219 14.8833640392515 14.3607560638108 15.8014897344628 13.7709841258659 17.9635310425265 18.7253876264028 18.2253164457817
TCGA-A8-A083 9.55015928203312 3 3 8.99415072669206 3 3 3 10.4132980265643 10.5353030955524 14.3595285658923 19.1559889687116 15.8332262217876 14.0495766170992 17.1579789455265 17.1355505054817 18.4332820226483 19.5317361188772 18.9870838813485
