X114 X111 X5136 X196883 X5153 X5575 X57761 X5154 X5155 X207 X5576 X6774 X801 X1399 X5566
TCGA-BH-A0HW 3 12.6852486311008 12.3826920375119 14.4766206207418 11.9141928186665 16.0748031179277 19.9589000258452 15.8730010441 20.0838928703009 18.4167874344729 17.4286332536239 19.6535565507085 19.8079095558819 19.5466757606321 18.6187042554512
TCGA-BH-A18S 11.2656892744342 13.8347579408801 13.0705943635003 14.1776554936116 13.5872191202752 14.2085413298883 17.9194160421116 15.9721521579235 17.7858311546198 18.1862390560455 18.079908292943 20.2776606024238 19.0632019991675 18.9179314270204 18.4718681754503
TCGA-D8-A27E 10.892073566505 15.1541919947944 12.4641162407888 14.3621378980192 12.2439208363557 15.9525125023995 17.4552562322977 16.2715779717999 17.3654876380546 18.5321073220957 18.5434744480116 20.3029927473939 20.1215868467701 18.7394453788671 18.7199024879425
TCGA-E2-A1IH 3 13.4849468839542 14.944395520319 15.6604350895837 14.9355549698791 14.8393389233858 17.9759588956145 16.6803444331749 18.138964206621 17.3602928694928 17.9865672127818 19.8619049129524 19.9525023579274 18.4569275799096 19.3662660399495
TCGA-A8-A091 7.70414187409255 18.6532768621625 14.3342674801033 14.9664763999006 13.8213406943921 15.7540953721929 17.6128521278117 16.7160316493222 20.1624191244623 19.3178210873771 18.0163813168802 19.1434934898034 20.491519337285 19.385184065338 18.6931627950941
TCGA-A2-A04W 6.74266179726588 14.5410803327678 13.868521233337 13.7185884315695 14.2199095022757 17.0863724418787 18.7352465244256 16.4612103376547 18.1398317305305 19.5896859301675 18.248150677142 18.5200341535785 20.3249905147091 18.8378395382324 19.33313595392
TCGA-D8-A1X5 3 18.5542064010153 12.5685945960354 13.5449566906913 13.4168992595068 15.9266726882878 18.3587934052404 16.2466644922092 17.0967602707767 19.0189462649585 17.9367979797621 18.4261838744241 20.2365488836515 18.2725608990126 18.4089870635851
TCGA-BH-A5J0 6.52313870618241 16.3524270918135 13.7996898825348 15.1180918774359 14.1261044088835 17.2619243930031 18.7902425149253 16.4705824525854 18.4815393606005 19.0236391298485 16.9752263497118 18.7903180015116 20.4457220175046 17.8504444767208 18.9404763767419
TCGA-A2-A1G1 3 11.0320622067339 13.6285510149581 13.8147883873154 13.893825276103 15.3726918791386 19.1261049196075 16.242391147592 17.7660915687337 17.1106440614316 18.9465962569149 20.4511369642476 20.1011583830785 19.2674524007347 18.871086021287
TCGA-A8-A097 7.54653045189876 13.8674423848339 13.730375164369 14.3984313437531 14.0431507655099 14.6066613583801 17.9493590704904 16.7250263090982 18.7314530139285 17.4784527432378 18.729443525717 19.9416395265126 19.6746756643904 18.8053164767202 19.1804551259893
TCGA-C8-A130 3 13.1566615729758 14.0177362808171 15.5317582755369 14.4605089948037 16.5239026735287 17.3173420635563 16.7601010048874 18.4476019312204 18.7746904024251 17.4141353464249 19.4388348678027 20.3660937969976 18.488888868222 19.3135360539366
TCGA-A8-A0AD 3 16.2953745064563 12.623740069911 13.7134765652971 13.9329108795839 16.0189203783188 18.0406900213765 15.7767490275024 17.9723569984787 18.4882995219545 18.5009033782872 20.0945624672889 19.6650003230071 18.8543378563545 18.4846746560628
TCGA-A2-A0YL 7.45354325003665 14.941930210531 15.1429426781282 15.1414600632413 13.677027788388 16.7605539474322 17.7287599845634 17.1594101969269 17.772875965803 18.0181170059042 17.6959511531517 19.5665911250719 19.5861731652433 18.8917600937598 18.4920909571929
TCGA-A8-A09G 6.8187630498853 16.5275317578839 14.071509034436 14.1867559101127 13.9595012745323 15.7508052702237 18.3012120292614 15.2657772360087 17.8097518709602 19.6438168403384 19.0645350061441 21.1211856574017 20.2627500592258 18.6157256385659 18.1983227049013
TCGA-A2-A25E 8.37214773696432 13.339042320323 13.1997064075238 14.3874474467297 13.2757476038088 16.1662234880544 18.0790118107809 16.2428354045154 18.8006318000626 17.1616170311389 17.6598883300102 19.5262037487139 19.7726044896768 18.6853884537188 18.6980769058058
TCGA-LL-A73Y 9.51032375515347 13.8441598421685 14.3210401618411 15.4969738596611 14.1964497020509 16.4538033107946 16.2540817090101 17.3279457848076 19.5134804895979 17.7983356389775 17.6793010703685 19.380004676806 19.8654380842994 19.0892236761799 18.4368980162612
TCGA-AR-A1AK 11.1455136812917 17.0149279162968 14.3437149645977 16.4699058142121 14.3614156067075 16.2897451911184 17.841598790085 16.4760358515997 18.0085995149941 17.8797688545459 17.8564998471057 20.1613565398597 19.5713693449748 18.6104792969908 19.1321712210009
TCGA-LL-A740 7.24512045384381 12.1348217046752 14.6217518586414 15.2699349083869 13.9986845180526 15.7875718417597 18.1085991492339 17.3230310765196 18.6347521760891 18.9771189358539 18.4054958885003 19.6101760252461 20.1788145643735 19.0493586831507 18.279773402801
TCGA-A7-A425 8.58653319522621 15.5837121266708 13.4031694055608 16.3113275299364 15.6385787351894 17.1774874870685 18.530967468574 16.3420877675697 18.1724404706472 18.9202761873885 17.6932213560824 19.4471929779417 19.2354793129539 18.2078482618517 18.4199934561384
TCGA-AN-A0XO 5.87427915478252 14.5426317839924 13.3538083444669 13.1223798136542 13.1367176948574 15.8995880050486 18.0555731803488 16.7481416212631 17.9008774671938 19.2170342049203 18.5289924392934 20.3872718937906 19.8554745057299 18.2806244538438 18.5581792941473
TCGA-AC-A3W7 6.75454584410486 16.558081497796 14.3405766694867 15.6656379865368 14.0284124094067 17.0882612912488 18.6169112057138 16.8635157903711 17.9189966308667 19.3527273644559 17.983887795679 19.2680246625462 19.4184787970421 18.1908125785396 18.6360652958727
TCGA-BH-A0H5 9.73578090976983 17.3000841642953 14.5521046188574 15.2455560457781 14.7636949843663 16.5952820632955 17.6962768746597 15.8084800782531 17.4335980057387 18.1341421608442 17.9764236346099 19.9938411602838 19.6417070595003 18.7858458215311 18.4987669076571
TCGA-C8-A1HL 3 13.9819601820578 15.2086847114346 15.6599559655402 14.2130914767416 16.9930076598948 18.9856119148298 17.6076738622403 18.7382319122991 18.9895996922305 17.9266285625751 18.6013302582412 21.2947088535627 18.3234018486431 18.8167222083532
TCGA-A2-A0YF 6.68310606124205 12.437333244637 14.5371162463463 16.9242057193111 14.0709687908562 14.8698958541571 18.5296015030025 15.7214791950331 18.0698587297607 18.0185261957053 18.5686321176476 19.8601557608382 20.0673688514616 18.7103635801785 19.0131731118139
TCGA-E2-A15J 7.61637788924084 12.8828423933526 12.0591707454282 13.7977929534277 11.3498566493158 16.2333423585924 18.1695479865155 15.9324371935282 17.5404985646571 18.5312275084215 18.2648266943805 20.3964538474116 18.7874192862667 18.8819354737256 18.9639376749251
TCGA-BH-A0BW 3 12.5995235539737 12.1811136048204 13.0430818405631 13.2003282420988 13.9401852044595 17.3864460321364 16.4902177334695 17.7160887833753 17.329316385854 17.553434720617 21.2581047131757 19.2659075167557 19.1598674980874 17.44037667576
TCGA-A1-A0SJ 7.10504225651548 15.9665841414674 14.7351675404728 14.9179564001314 14.4034380877592 17.3030094270627 18.8743797539377 16.806482235425 18.6550398220397 18.5311892274098 18.383071292615 19.4228991090704 20.883440922299 19.4846695781263 18.4729307651209
TCGA-A2-A0EY 9.55406642718453 17.0380979177538 13.4397363133385 14.2659691945051 13.388789375757 15.2572983983709 18.270478746281 14.8025971198061 17.7442180194982 19.2309569015164 18.3912954266336 19.7799349225968 19.4569839589758 19.030100102825 19.3405143620118
TCGA-A8-A07R 3 14.7296215277156 10.951060869128 12.3438106321253 13.071606993898 15.6944754573858 18.860568552391 15.2810493409471 17.8416726280216 18.0658274149146 17.8121976491113 20.736432555634 19.9357023957624 19.7870123810117 18.5114213698996
TCGA-BH-A18G 11.8377013413036 10.6091221824642 12.5726436790606 12.1085019738147 12.5299452698693 15.9100063198359 18.1454229299448 17.2013701094684 17.7532762132952 18.5717770303022 16.7341582044998 18.6448277322022 20.618538615852 18.3560763163167 18.7224729398465
TCGA-BH-A0BR 8.59198540090571 12.7550984642029 14.3404378664239 14.6803114331797 15.382100112936 16.9407637423615 17.416024106341 16.6043943350741 18.0213078367865 19.7099842218528 17.8252729793234 20.1055307070654 20.1182711064636 18.1571150380174 19.1137877697081
TCGA-A8-A06N 3 18.4229453233658 10.849765185961 12.8153765503578 11.519509383567 17.8044978451093 18.9819643453999 14.3655310696567 18.7902993430601 18.0875463279419 17.6681537899806 19.4797807218663 20.2102928048373 19.8059733484683 17.9949407439065
TCGA-AO-A03M 10.2285724101007 13.4451754858817 12.8316718463213 13.6233171950308 13.1472916888245 17.225044751608 19.8119996015646 16.8720431232377 19.349839911488 19.4720719041049 17.9981624344244 19.6163537522168 20.3919522624626 19.4875129084207 18.5039129692723
TCGA-A8-A09X 3 11.8532877891824 14.3206612926632 14.4440487023638 14.7855519219452 17.7757334048954 19.177887514199 16.4022373867429 17.5505486749649 19.5280231809819 17.4280025987605 19.3158949951703 20.5518614110692 18.8397444338072 18.4228210028821
TCGA-E2-A1LS 3 10.0104778343124 14.0809690620087 12.9210252370856 13.1664704516336 16.4353939809226 16.0060030531447 16.7593930168521 17.0540542085437 17.3852820255023 18.2103037930691 18.9617041210003 19.3927130610336 19.2647597443856 19.0234832816529
TCGA-AC-A5XS 6.48484964668406 15.8476539730536 14.0272794500471 15.7417327199179 14.6037994768067 17.5841936878184 18.6518634048667 16.3150439740775 18.2335075040016 18.6955158887244 16.6457195777402 19.0470361539109 19.9804263201704 17.811894494204 18.1623153680293
TCGA-AC-A23E 5.93053066305973 14.3317943446397 13.8724443755222 13.2112853956307 14.5492318331772 15.7730309825503 17.2648871886547 16.98372979892 17.9477140731012 18.2925182446935 18.5801681105826 20.2415521742576 19.9199345783104 18.951174132728 18.9287430119105
TCGA-A8-A06Y 3 11.202888214266 12.8888457961337 13.4612883342585 12.5235774941101 16.1843557879374 18.8203066207561 15.9969222119558 16.8775635060624 18.0838241701246 18.3499536293352 19.7637620183076 20.6926657146222 18.0089801857735 18.4639774039295
TCGA-BH-A0H3 7.41043696017499 14.2964334471033 15.7980655561667 14.9887472858431 13.6414354682648 15.9145591078161 17.4518259390334 16.8037023055768 17.6890198487294 17.9201764837384 18.4465771151434 20.121199841641 19.6763532417929 18.8046702074184 18.7192400644105
TCGA-AR-A2LJ 3 15.2919547202074 14.5275798686818 15.4275004877649 16.1768998467476 18.0886983100709 18.1925206979893 16.4218778451092 17.7978949218036 18.6888558777186 17.2124680380459 19.424467130041 19.5678380626708 18.107880102157 18.9333520203658
TCGA-A8-A06U 3 13.2545484136496 12.7440911789438 13.7107951921151 12.593889243274 15.0992643306627 19.6579082383381 15.8201593015092 16.8925655959527 18.5108323408477 17.3472669052142 19.9251430252663 19.5561437885511 18.8633292037503 18.9225029825248
TCGA-D8-A1X6 3 19.4056995389958 12.2059191769467 13.922307603071 13.3265874185846 15.5370968334995 18.3850204440959 15.1569332072174 17.9240034534215 18.4056278844953 18.3806595756128 19.5114412363259 19.8590922735331 18.8582454320748 18.9645080583894
TCGA-A7-A6VY 7.56050651165988 11.7349106440002 11.2253899583256 12.7262246295516 12.7800231856332 17.8447092102494 18.5925530353727 17.6700389154478 17.6597135487692 17.9597956854576 17.4215304157454 19.1584410128539 19.550748418252 18.4443823658102 18.9047849830938
TCGA-E2-A15O 6.29982309498683 14.0397662589204 12.7061006326327 14.3018935534112 12.8698432573105 17.7499001639106 18.6077039198347 16.3150382896272 16.9835471232778 18.444365638932 18.1949822285044 19.255196914802 20.0188821645735 18.2407368310638 18.6532149578201
TCGA-A2-A0CY 6.8619272367126 11.097425792768 12.4836704379909 13.0105475710051 11.8677908293766 17.0549486625234 20.1685892204215 15.1519028452227 20.3144067968674 17.8535004770008 17.0713357813695 18.9675475959305 19.4441836612783 18.609303021335 19.6713471134332
TCGA-OL-A6VO 6.96432182902543 10.550578001254 11.8315399179472 13.9605254996745 13.5711753191435 17.3306370117471 17.5395084780868 14.6440139499673 16.4462588767367 18.2666512392227 18.2594768253321 21.1083927074179 19.9239858528318 18.5199480433202 18.1212746865394
TCGA-A2-A0CL 6.1217561373363 16.3312452523855 13.8840001278406 15.4416915761226 15.3046496392116 16.2476628740544 18.7082525359753 16.4279236413577 18.7336346968273 18.0467440617715 17.6205621713448 19.6414640593177 19.7448449056397 18.7771573159487 18.4441684143115
TCGA-AR-A0TQ 9.58900184484269 18.3946999746703 13.5235142086399 14.7744960195787 14.8351842425504 17.26039712454 19.93768810802 15.9742630571476 19.9801696006553 19.0392682921445 17.9105914474933 18.6223434853902 20.3191151321874 18.8769249373176 18.2678087564678
TCGA-E2-A573 6.32805141719669 11.7959336086137 12.8878398834388 14.5480859973649 13.6692454547847 17.5732784488412 15.7073167819963 16.4370448813521 17.7069523738586 18.4749845327262 17.1858419472433 19.6276313064694 19.7760657603883 18.1994612552401 18.5281322944382
TCGA-A2-A0CW 3 17.6029678463056 12.6537725332033 13.6317543412549 13.4106773516961 17.5696443643453 19.2891702001677 16.3452367967385 18.8912066740465 18.427225448273 17.6694099979633 18.6233931820872 19.6365097798822 18.4785051792098 18.3013220307418
TCGA-AC-A3EH 9.3125050199229 18.6229248514066 13.4042480663257 13.7654797352106 12.6536672498689 16.6686507285636 18.6662254530994 15.5767905530826 17.8953613446699 18.6432625518494 18.3499064059775 20.3588681336562 19.6091110193218 18.9849010193107 19.5091956568429
TCGA-A2-A3XX 12.0996876806679 15.4685612658706 12.4881704362082 15.7136624537832 13.6456359459018 17.6451809536849 17.9480480575393 16.2405380465419 17.7034105240429 18.4555181050168 17.3429288845676 19.3020778348623 19.4170235752294 18.4104551427059 17.9034920319361
TCGA-AO-A1KQ 8.44767438500349 10.4922566134228 12.5013233009762 14.2957416742637 14.0268509409414 15.3660557392399 17.8529002655349 15.6195522477613 18.4710202076639 18.1454749273546 17.635002487433 19.3150088994427 20.0512055041684 18.3534732948246 18.7693786328085
TCGA-BH-A0HN 6.64145401190871 17.1051434270427 11.7969233691403 13.7291791654178 12.5089243252909 16.8823051453413 17.9006851441747 16.3308985466073 16.9031593657736 19.0626981393672 17.7400882363112 18.7494453864628 19.7670421533723 18.3450909662527 19.4761093887164
TCGA-AR-A1AR 7.08817332465661 12.8378555470621 13.5607398788243 14.2537010580708 15.8186904916584 15.7493320748224 15.5736371676149 15.5473075989812 16.7851008849732 17.6052886195826 19.0109651826094 19.6120918080945 20.1468398468278 18.8542776183458 18.9522142566076
TCGA-AO-A0JD 3 14.1237627368865 12.3931106088635 12.8044861659564 12.9163296173419 17.4997643100025 17.8296575702452 15.4575735592623 16.3158755740585 19.3483035963282 18.8699736893274 18.9905753635546 20.5286485062345 18.5761885870435 18.9020681094902
TCGA-A7-A0CG 3 16.3032308865505 16.2852712461012 14.8814328984315 15.2590690872481 16.2129800457455 17.8639039742564 16.5861670184811 17.2963530235879 18.5175333646902 18.5490780166881 19.3578422112344 19.9042487730672 18.7076274118424 18.4738667904532
TCGA-A2-A0T4 3 14.2139112599284 14.6079477908287 15.2746812971366 14.9065708539755 16.8888063717861 17.7154163160639 16.4568005034076 17.7018901914459 18.4394255371682 17.7406440522387 19.7131784299373 20.3209127011912 18.4826327085717 18.8292338610481
TCGA-B6-A400 8.49315540929047 12.7033244016829 11.405732225534 14.288969764369 13.9972241758764 16.8556268806012 17.8312060110515 17.9650827870971 19.2474934874774 17.6583881961427 17.1694145369247 19.2552040692684 19.6202466705065 18.7532134893263 18.6131557552085
TCGA-E2-A576 3 13.0467259820726 13.4255740241676 15.8382999071511 13.7922536232218 18.125959432768 19.3301129742402 16.3177884639578 17.4256012942683 18.5502138187414 16.5113235200932 18.6536673156958 20.0536032830871 18.0694175452248 17.8491698775314
TCGA-BH-A0WA 7.95230084196111 13.9016742377439 12.6033209033056 13.8912785646576 13.152255159107 16.5242433557828 18.7288742294744 16.9169685784388 19.3642090447427 18.0982003744661 18.4358424337033 19.8536459860513 19.5932896117636 19.5820636667652 18.7608797867333
TCGA-A1-A0SN 6.02295120314648 17.3160574171597 14.0208861139252 14.1691934749709 13.5030596252208 15.7301253020191 18.0851020139788 16.0888316309037 17.5987138183535 18.979392278666 18.4330209178005 19.0799313428564 20.0265217599383 18.2281868784814 18.5144760967853
TCGA-A2-A0T3 5.95575978016336 12.9324848451623 13.4802210488924 16.0190830437758 13.6229082215275 14.9857348309768 18.9947940738865 16.4261138978065 18.0780339556155 18.2071024168977 17.5164990095505 20.0562382751733 20.0230206832786 19.4359103089128 18.4962927130006
TCGA-BH-A0AZ 6.5404040043093 14.2340895098003 15.1779870219277 15.2153701264692 15.7471031932547 15.5677014289703 17.6158659992422 17.3696284068506 18.5830153674516 18.1043427624873 17.4267485862342 20.0708503005851 19.8618005264811 18.8152364260033 19.0779567155965
TCGA-A7-A4SE 8.27503783126371 12.9867724304201 13.4140480330967 15.3607815454163 14.9390813501261 17.1483868131781 17.9508685615565 16.9159826362294 20.1052896018333 17.9381542033465 17.6538635867988 18.977557763682 19.4848380604999 18.5417738834855 18.5556392564578
TCGA-AQ-A1H2 5.74220567714289 16.7979215847431 11.2614356810765 13.1714689145427 12.7930569822664 16.3456795897907 19.9526964613353 17.1729437799356 17.7123137941856 18.0597054445208 17.9467690345208 19.8001158642014 19.985588951069 19.1511098164935 19.5465378389453
TCGA-A2-A1G6 7.87478415470122 15.9146319566499 14.3403972616719 15.4505806047402 13.2729630626773 16.345850325811 18.2016577904901 18.6577746874213 17.7078098056651 17.5090301610388 18.0760975061558 19.7143807525674 19.4210359002865 18.8659857442831 18.6142472477604
TCGA-A7-A13H 3 17.5643853425904 14.3975663339267 15.9234741641665 14.6025331405949 16.9642944564743 17.6707147760306 16.8217008895566 17.6595471831689 18.5286700629913 17.7361403769107 19.5949665496549 19.1487092439129 18.2105686121231 18.4386971042641
TCGA-B6-A0IP 6.69225137578995 15.3412365385515 13.1219149495299 14.8525289932203 13.2177971908705 15.597708609529 18.0683289336414 16.1858028139971 17.750849759884 18.3425856368765 18.1085387619987 19.9005966745057 19.2638591678243 18.9943558697251 18.6614546384272
TCGA-A2-A0CZ 3 15.6262100311082 13.9817050265894 15.06622804872 15.8712477973626 16.4796547044161 17.3875222043122 17.4497806999576 18.7666670075201 18.4137292088179 18.1389187119929 19.6009617609754 20.0638426298698 18.1639086310034 18.8878323522453
TCGA-AR-A2LK 5.89268045363607 14.1276165652364 13.2585939131619 13.7758531299227 14.0587699437789 14.6126456033068 18.6636685232402 15.3561486823548 17.2976377885436 18.4825642079802 18.3878779274331 19.9246113860283 19.9861715440832 18.3588377741049 17.8871952887035
TCGA-A8-A06R 3 13.6508495917405 13.6871003567014 13.7832947925419 13.7857430231104 16.2383463757167 18.6666672078227 16.9579513211046 18.8022803801576 19.5428183568634 17.9358631302854 18.6076908047042 20.0466046971514 18.7271285497689 18.1099382870999
TCGA-AC-A3YJ 3 11.3203888478177 13.3797279659688 14.7856254158436 13.5781630154183 17.1860831360093 18.1038824470947 16.0942562590952 17.670029331749 18.5309739440887 17.0834898181632 18.8535951305904 19.7214618271944 18.0969442682483 18.4950236207768
TCGA-5T-A9QA 6.76996531331549 14.652768024177 12.2501033511151 14.0252478493081 11.7690179679787 15.5364995029568 18.8930533886234 14.6745234108124 18.3805655667079 18.5179921818441 17.5731447006621 19.8849485773788 19.6145097308273 19.6067375091299 18.271629520363
TCGA-A2-A0CM 3 11.7370448258968 12.31243438149 13.8202148226862 13.7489238687414 16.4559539779833 16.3771228614574 16.2391629143082 17.3898851082227 18.2183794365929 17.9047112753762 19.8737120819173 20.2624608041704 18.5508146821049 18.0424340925597
TCGA-A2-A0D2 3 11.6994319089416 13.1173502712487 14.2525781616829 13.743272600603 15.9634320820133 19.5629035877651 15.6022526580224 18.8859988907609 18.5216604015254 17.7854263891665 19.6861772887637 19.7552548883781 19.6530706755194 19.4610504267755
TCGA-A2-A4RW 7.7433523787487 17.3440805543841 14.7889155431872 16.5293906291452 15.2977837399275 18.4368592683821 18.1144312188411 16.8436478652263 18.6185408791149 19.1586847576853 17.2777083515062 20.1946745292421 19.9240568305604 18.7243181339885 18.6762193953247
TCGA-A8-A095 3 13.6193273475667 13.7023246156574 13.7791282375347 13.6659762258319 16.0278655624473 17.5539361492064 15.2752251803569 17.1269960217745 18.6280825978378 17.9302624850846 19.9907308635481 19.777562601778 18.8623705776816 18.5892256716153
TCGA-A8-A09R 3 16.702005511849 12.5897473810981 13.7999682846327 13.4454085260848 14.6071422147518 18.100850414529 15.6263634798958 18.8067439286948 17.8123411177576 18.5823214341539 20.0222296962739 19.8882310720092 18.4752020453201 18.5653874610954
TCGA-A2-A1FX 5.71882010297424 16.0437824799503 14.1880835745442 15.430774718711 13.7428229568954 15.8671195666752 18.0958159500498 16.2956894328899 18.4652709565168 18.5744269935315 18.3281841597685 19.1395758430444 19.977598856208 18.6028458720521 18.5073214047473
TCGA-A2-A0T6 5.92116667508023 14.7037974310693 14.8419193982534 14.5145346330989 15.2821946292693 15.4453481013787 16.5961597979516 16.34504223837 17.5183902888726 18.203212192664 18.4550623717409 20.2761854577308 19.7540726561043 18.2320293228048 18.6244068954486
TCGA-E2-A15F 11.7770078861413 16.1512910800617 13.8461771108666 14.0521625950594 13.121592764423 15.7724024263868 17.2228973980505 16.3566442921166 17.5247932118021 17.6043600455079 18.9371009226446 20.1888182179133 19.4087650296075 18.3808467613012 18.8969059267082
TCGA-A7-A3IZ 3 18.3190004953817 13.5319215661798 14.8166323758859 12.5788120054288 15.3805976429359 18.1974721891422 16.0062243886533 18.2212477550326 18.370757344294 18.0063986193975 19.4497691134056 20.0085893729654 18.6980640889644 18.5609185112317
TCGA-BH-A1EU 7.16428505063954 15.491579575617 15.8901553651239 15.2909589099547 14.8181445398263 15.2233251535735 16.8602453648181 15.7044643848078 17.3780826772138 17.4245142918122 18.4510350553827 19.5851924117577 19.8396190418174 18.786111442433 18.4292771572954
TCGA-AN-A04A 3 13.739265337474 14.0449232224264 13.9242860202016 14.6610119799839 16.4944890122963 18.9733918713928 16.9861452140609 18.9305191580605 19.0385234830831 18.1657230580633 19.658363161965 20.7664051663732 19.2320904870885 18.8184833233876
TCGA-A7-A0CD 3 12.7042691921298 14.0112132734283 13.3422343791151 13.5401889704748 14.6249449986061 18.8250636368216 15.9970918142536 18.2046874799089 17.8197780126961 18.5133134399092 19.594458995739 19.0551001956504 19.2259283942569 18.2509697302814
TCGA-E2-A156 3 18.155243995558 11.9702860577289 13.6500766512117 11.6561524108742 16.4063278240102 17.1053674800483 16.1367315082298 17.7321395782289 18.108392906216 18.4589640508396 20.131959121998 19.1716095318986 18.9992541815667 18.8308068197185
TCGA-A2-A0D4 6.65038569897188 17.1261696388686 13.4068961573734 15.4662115981161 14.2407912994256 17.4235605831985 18.5644580980932 16.7030156958267 20.0201649266664 18.1325321830238 17.3582912166027 19.1290755083251 19.877087981212 18.9422706744881 18.3124258085013
TCGA-A2-A04R 3 12.4365477574125 13.2847056346982 14.6115363583906 13.1100387049447 15.5421488385886 19.3969995253272 16.8121381872644 18.3962156873213 18.1851729821703 18.2490488627835 18.8418884939578 19.8399380123241 19.2690720799909 19.1630856471381
TCGA-AO-A0J4 7.82086258236713 12.8346800741807 12.1847983531529 14.2083135977513 13.7449995870383 15.3172447494063 17.9765367344469 15.4711516670957 20.1264796138659 18.2519780101698 17.5223497178459 19.7897183058556 19.396060382399 19.0896650108529 18.6083995219262
TCGA-A7-A6VW 6.47150914838889 12.0120647611515 10.2598254791499 13.2574610515928 14.0427298972081 17.7709919741308 19.0008735027826 16.0348947266157 16.9036218895407 18.1573475990571 16.8334449980884 18.7196866802182 19.4942914146109 17.6723374824239 18.461854011556
TCGA-E2-A14Z 8.32126239190002 17.0930179967516 13.2885096016723 15.103597981719 14.4192284561126 16.2130252894788 18.5077275868362 16.1038949737175 18.1159888871572 17.6164198080693 18.7514435309856 19.5038180547505 19.5374609710704 18.895115822767 19.0132257548858
TCGA-A7-A5ZX 3 15.6474418998006 13.8125583154512 15.1588768527863 13.4574953119573 17.1675945949134 18.171488844635 17.5929487591202 17.4296881307527 18.3243244383164 17.4241476560032 19.6063942731738 19.0692566534579 18.3631704033434 18.2419357882184
TCGA-3C-AALI 6.68188553224045 16.8821034587383 13.1106866879436 15.3332241749033 13.2782448063368 17.6546633062159 18.773111251376 16.0119339224717 17.4973088407651 19.3275655538066 16.6857504963754 19.0472288972792 19.9368263804169 18.6912700397696 18.8383820146179
TCGA-AC-A2B8 7.0617548082755 16.5200268909932 14.3882274685076 15.4572976352161 15.032784264585 15.6309235715974 17.6185784264466 15.856903604229 18.3676122310078 18.1848412979654 18.5051819822683 19.6959997703711 19.5983287573311 18.8121595404076 18.4867007280324
TCGA-A1-A0SB 3 14.7513381898474 13.3016088719098 13.3520168141183 11.5207941532842 18.1173232412412 17.4685344718633 19.982533862253 17.9296220573727 18.1182301747135 18.6856747359335 19.747728334802 18.8730564389924 18.9582056596077 18.2581816039499
TCGA-E9-A229 5.75560998441476 12.9632157010288 13.5012750136243 14.1944564202218 14.2926608698909 15.6525406082439 17.6532857239743 16.4644856446376 17.7953040702631 17.8896376032127 17.7241424867415 19.5922550017506 19.4500979744478 18.4959772343459 18.3103462631803
TCGA-D8-A1JC 7.75303613354481 15.357585180831 14.0067091994309 13.222090260092 12.9129715979572 15.3740930829558 18.0765533702955 16.7133743201813 18.1895422573681 18.5033519906135 17.9155837925823 20.2667573647434 20.2703235650939 19.4309720401621 18.1849480866468
TCGA-A2-A0D1 3 11.2907242990728 12.602977856356 14.2361292619115 12.9669934377513 14.6233021342758 19.0314926992574 16.1443878175488 18.6433848534671 19.7509134062311 17.2850950744316 18.1475672824944 20.7630622180914 19.0202082021445 19.1162064207801
TCGA-AC-A2QJ 6.99322217451582 11.3745398392254 15.1945193116739 15.9207488444518 16.0695316559068 17.1010498273055 18.7163308511133 17.4260412296221 18.3867023548016 18.6365448009472 17.0572634157876 18.8884375405231 20.1765500351761 17.4233453766766 19.2111307017721
TCGA-A2-A0CK 7.18577135877067 15.400999836314 14.814225824162 16.1446635767014 14.9131434786505 17.5414108710552 17.8650113764659 16.1925395344775 17.8117514544827 18.3717282019168 17.4067238704879 19.5338936355061 19.363710590726 18.7957324328513 18.7636764173939
TCGA-AQ-A7U7 7.66970767021694 15.416211022311 14.9452728757524 16.6163873048527 14.5923912510935 15.8343775281308 17.8429175651425 16.47395338541 18.4632907199329 18.3721337326473 17.294659016317 19.8864596595379 19.417934088035 18.2867720760844 18.1641756526761
TCGA-D8-A1XU 3 17.7603879347549 13.7984788745022 14.9863687602544 14.053475539809 15.9577705354127 17.2570761782921 16.6951426129448 17.2942390726543 19.034516297725 18.1021260651346 19.5384091778882 19.7030962457875 18.5554562610638 19.1380849056968
TCGA-D8-A1X8 6.00460782992167 16.4268538216809 15.0523134157575 14.9311002798539 14.5387316845096 15.9165523654871 16.8129555398653 16.5527930120695 17.7011137182539 18.0645657597482 18.1899770990349 20.0244800961126 19.9158429872744 19.0537314929768 18.6845293277295
TCGA-A2-A0SY 3 14.9954807392841 14.9681302221863 14.9232072379285 14.1235253239945 16.2281800002217 18.0669637846786 15.8560685447678 17.935741519971 18.6999658292804 18.1091847468648 19.3727117828945 19.691715025426 18.6460846850016 18.4450051124711
TCGA-BH-A42V 8.81996289619695 14.8370673238478 14.1584610489522 16.7984577871189 13.8785098397282 17.3194168866465 18.5199711682187 17.4467835124456 18.0532083698294 18.3972748787424 17.5486509338643 19.298927694828 19.4874410112223 18.555051221796 18.3482454146168
TCGA-A8-A08R 6.81844879694199 11.4281126731022 12.7377719436595 13.9241066701614 12.9820046211382 15.2734773679861 18.1954619118394 15.5407827116674 18.7849113850752 18.2151181980944 18.7115214753197 20.0021787338404 19.986291912171 18.5932901891083 19.6933069133498
TCGA-A1-A0SH 3 14.2429879820686 14.3115258052984 13.6448032449932 14.1148335892123 15.8045040569501 18.1947527756265 16.6752973652391 18.2857612576128 18.6100048521646 18.0544466305851 20.2663810053379 19.7145525968463 18.948820788401 18.7469930170182
TCGA-AC-A2QI 3 13.52699865562 15.3298997377661 15.1405985471306 14.9173489372254 17.4110679797544 18.3695637052546 17.3330573056548 18.9698229065052 18.7797155795081 17.9097361152572 20.236554627868 19.3941399208078 18.8376587377137 18.6572467678443
TCGA-AC-A2FM 6.93411162132992 16.6356116195806 13.8292828780924 15.1568951935027 13.8409816256491 15.5716849361512 18.588570563597 16.0900807258829 19.4505993256322 19.4480479497711 17.9622679843183 19.2218841267622 20.7616410511189 17.9840926180931 17.9974922000211
TCGA-AQ-A0Y5 7.04327238155669 15.598535731297 14.523301756571 13.4948043840803 12.9044311633858 15.2475129194417 19.1759988362707 16.6070702004585 18.7898932132041 19.0215725912847 19.028946976271 20.0637864080641 20.4956119633909 19.0159088559152 18.6309332251494
TCGA-BH-A1EV 6.24872100718853 15.4454780739913 13.0816705492717 13.5835495948238 12.2126588026202 15.0479548405122 18.4595852563054 16.0720920830864 18.5026882274046 19.2800313220379 18.7524559758291 19.5104697634676 20.0638020540291 19.4304259463869 18.8363203866248
TCGA-AC-A2FK 3 15.9466039461974 14.1770344517332 15.4688707068948 13.6409998484264 16.7473045394929 17.1256031718738 18.5800704583899 17.5282721419184 18.0500030721772 18.295181773965 20.3232552368578 19.328216135453 18.709439879926 18.4683622761501
TCGA-A8-A07B 3 13.0175110974868 13.8076203260681 12.5365423562219 12.6942490333914 15.600377366086 18.3377154105634 15.5062437885656 17.044990660675 18.4615201257927 17.8298440522838 19.1167576843406 20.859576054642 19.0569855280527 18.030033743685
TCGA-B6-A40B 3 12.6862341423496 12.8985175569464 15.639007050999 14.3916532380097 16.2137340579079 17.8727555674309 16.8856569754721 17.9631543242035 19.2919520838212 17.4305398915061 19.9852145004456 20.0085687401679 17.4133034419795 18.6588535157032
TCGA-AC-A2FB 3 18.426058944471 14.5199448246811 15.16811575607 13.5102400303079 16.6300622029497 17.8205337969753 16.1714986795126 17.8240268402755 18.0062422084846 18.2429731437981 20.3008056183746 19.7484092422491 18.9078336681973 18.4275494992807
TCGA-A2-A0CP 6.96490990783501 13.9183604073697 14.5729800562121 15.4472314835168 15.2873507320764 16.9055760867524 17.5169054526647 17.1729638004752 18.2711524311254 18.6218083253016 17.7470964473746 19.8893152543544 19.7275710259727 18.2177361695259 19.3530565558557
TCGA-BH-A0BG 3 13.6456577709257 12.2442385021488 13.5104514454138 13.5587456538594 16.3951662650951 16.1664488818145 15.8765926057489 18.3182819767281 17.7067897551263 17.6102785730831 20.629863900405 19.5681298472788 18.8375710457849 17.8680711739694
TCGA-BH-A18K 7.02304058265154 14.5179499935859 14.0567583399748 14.4612723724914 14.1855461707214 15.9251198683578 18.5349063381238 16.9314002662918 18.0393967336003 18.8499761259006 18.0493772123335 19.7453727858971 20.4187169549742 19.2594665188208 18.6454568720112
TCGA-A2-A0SX 5.95333218042098 13.3758707178676 13.2775617343669 14.2368785614549 14.3372330469581 15.0934804572125 16.6171088278805 15.8890494485124 17.0801947699914 17.8194413749063 17.5818748980976 19.7804630984051 19.5974570022793 18.4732059276845 18.7741978200324
TCGA-A8-A07F 8.57787641492361 11.420643927811 13.3340078177645 13.2968963678368 13.3893266217599 16.0448282414999 17.7353862679625 15.6527538806884 17.5099140932403 17.8955384963831 18.218035962832 20.1807013035292 19.4069228241509 18.8613238401366 18.0177455402763
TCGA-BH-A1F2 6.78435442723443 15.6585162913091 14.3987173728463 14.6103257136882 15.0432378080966 13.7216515472939 17.7440013684471 16.6167716962153 18.3369541249794 17.3500704219253 18.6339037346699 19.6403298764742 20.3131510629763 18.7359212980988 18.6406627659016
TCGA-E2-A1BC 3 15.1073037399009 14.2128029950855 15.1588748145509 15.4470845648325 15.0317592188381 17.5771127637448 16.4270850941833 17.8471633017679 18.3357260973901 18.4791851324637 19.8618369378755 19.3895942921335 19.0893714671781 18.8701470032589
TCGA-LL-A440 10.177719032729 15.7997895472385 16.1347156005032 17.1551871768897 15.9005027027622 17.584858097351 17.004739845108 17.1320491479348 18.3005751482445 18.2555233979057 17.5367103157501 19.7799311932202 19.5355865868943 18.3137930831347 18.6081324286998
TCGA-BH-A0W7 7.21232078801837 14.5645474727368 13.9247467565225 14.7379178365643 15.2706013129149 16.5812392072648 19.1988769284874 16.4968847081417 17.7712183711603 18.9837149363166 17.9165437187649 19.0430135764869 20.4998567943175 18.2416650095023 18.6490511881204
TCGA-A7-A3RF 9.49216428558641 12.2620841249549 13.9967896955938 13.726922246573 12.3596044403885 16.8183562958947 18.2005158605717 15.7731367316866 19.2991137633405 19.2782403978433 17.8812043985249 19.2588497909725 20.2460075174411 18.5306351459358 19.705456267987
TCGA-AN-A0FK 9.25294722329074 9.59260214642593 13.3201325022453 14.2391240930062 13.0061466194384 15.050266889463 18.1967472984081 16.2336838609122 17.7653305295097 18.7954343538873 17.9357799710965 19.7760569089997 19.8217464025578 18.3317143466522 19.146596737019
TCGA-AC-A2FE 5.9375810539152 16.8317966111097 14.0482539197934 15.4632216747981 14.8801710685203 17.2178598909768 17.656282113353 16.0312013712548 17.9833597439498 18.233608166074 17.9130578597715 19.6928797854986 19.6574578840958 18.6994942302991 18.7171637934951
TCGA-GM-A2DD 8.73606031774229 13.329761254326 13.8496573947152 15.1029425337371 15.041720501782 16.7187597216546 18.9065828553793 17.1569095105708 18.1831413798394 18.8783332448759 17.7573501712434 19.1390525266316 20.0249188853083 18.0059786822771 19.0213653781771
TCGA-D8-A1XD 7.31315934431401 13.1974388410514 13.3348956507406 13.0889453593073 12.8171753076846 17.4769994226668 17.9747185077044 16.8965950987162 18.978635328802 18.966857777386 18.5280194397657 19.2960491865027 20.1783675326086 18.2993498520337 18.7033889522018
TCGA-AN-A0FZ 3 18.3443664890774 13.2126009559779 14.5712235883921 13.3123175089129 17.4028206892992 18.7685024658919 17.1608660172095 18.6057884287466 19.0305963906365 17.7139740885648 19.2084714387537 20.4286982655945 18.4454273843654 18.6777122395046
TCGA-A2-A04P 10.9112014851465 13.3495078133334 13.855095458393 14.9502091495095 14.5038131639272 17.8843396447991 15.537603979427 17.4057276034972 17.757627002092 19.2521217778519 17.0920192252612 19.227576614259 20.7373771158043 18.6597413719125 20.1748965797898
TCGA-AN-A0XT 3 18.2030477801474 15.0459538739875 15.6053836998032 14.0687160481873 17.7701632418917 18.6847733417625 16.6725026760769 18.825339964795 18.9366591711649 17.5419460157324 19.032534102328 19.4729065743151 18.5799840830362 18.163237390985
TCGA-A8-A0A1 8.49654550207765 14.3625861084882 13.4138847262328 14.3814403157876 14.5986778708475 15.1676824988564 17.9208286090226 16.4106247163625 17.4785658489123 18.2354760942471 18.0993438033732 19.8743834019719 19.7144522774417 18.6153617299886 18.6017879185834
TCGA-A8-A084 3 14.9632268282164 12.1180147944264 12.1655494529956 13.2547414622763 16.8368410314627 18.811106529337 16.1118284810684 17.5359363745131 19.7664313827838 18.0922928927684 19.2780048213575 19.5181410482376 19.0231106128648 18.8325494665976
TCGA-A8-A0AB 3 15.9398358138675 12.6903223519558 12.7309400188568 13.529044991393 16.9699118689638 17.303847033218 14.8381493262445 16.8396710698472 18.0007191343451 18.6853066588445 20.2607727366752 19.5663854067551 18.927294372223 18.5214598779134
TCGA-AR-A1AM 3 17.0111055985973 14.67599884682 15.4627911081817 14.8258262978934 17.2421643098163 17.9153078269907 16.6816728284589 17.3935935009739 18.6660008527164 18.1720206645771 19.817999298467 19.6880480388335 18.0128475560237 18.9413857107554
TCGA-BH-A0B4 3 14.9101192922867 14.5329841974223 15.4652639021821 14.6280251259342 17.4695625727425 17.217457513453 17.2854420362407 18.020495670101 18.3013739288054 16.9678762507026 19.7424000204676 20.1004255475949 18.6763915318121 18.6933138252582
TCGA-A8-A09I 3 16.7876718742695 12.5619746788453 13.3327871691209 13.9402955030578 15.9505700197254 18.9496580361936 16.5920983664773 17.7150075733809 18.8577649891133 17.4031282326117 18.6206667517333 20.4345575604121 19.2977144857739 18.3515608992865
TCGA-A7-A5ZW 7.87906761115638 14.2101267666076 15.2149857228979 14.7359495640185 13.8100355876149 16.6793775274443 17.5849139335514 16.6956890473001 17.8672655138685 18.4435606906705 17.8789395310377 19.5258166795276 19.5787688552147 18.5700496047542 18.0055841476576
TCGA-E9-A1R4 3 16.3117895670352 13.0507285691196 14.7350663561405 14.478813506802 17.563988087758 18.2756699272982 16.5265027722771 17.8356083644979 18.2519586810571 17.9449793608977 19.5691247786305 19.681063303007 19.1819824504143 19.0338882884907
TCGA-A8-A085 5.60967304355024 12.9032914250209 13.2565682094242 14.5503446402237 13.1436066472616 17.5041029611791 18.6433276615953 16.5461717548729 18.3727294882047 18.606224871252 18.4672568688871 19.3644709374278 19.5069484171464 17.9125592488103 18.4900217954002
TCGA-B6-A0RN 3 13.397374059454 13.1952072995207 13.3135379574002 13.4266067712287 15.4994973209703 17.1676549871014 15.6038977165631 16.928563987681 18.1417636540087 17.9070111897883 19.8930387676972 19.3943636115125 18.2059694627637 18.7124994335067
TCGA-AC-A2FG 7.51137055061507 15.2273662853512 14.784330778597 15.3603142158864 14.4640238781352 15.9025136003233 17.5254974649073 16.1673809130774 17.9448481625628 18.5515729865494 18.1005977659323 19.5804566949779 19.3679905419735 19.175529981211 18.3483552707362
TCGA-A8-A06O 3 14.6039834843006 14.4722610415737 13.5829469253036 14.3239872591674 15.7049986592432 18.8660331522273 14.7520525804583 17.5925036504669 17.479540658624 19.0552120830623 19.7786080255017 19.8258459615586 19.1721379553244 18.5464091349022
TCGA-BH-A0BZ 3 15.8298001248673 13.4310852529434 14.1021287407883 14.3999913847985 16.8325881242879 17.7663833378376 16.7153489216541 19.0359309181554 18.4032079922682 16.8275378039212 19.1562858634648 20.0176130946914 18.4206918101704 19.081488937557
TCGA-AO-A0J9 6.28514823397497 15.2349118324773 14.9454059992793 16.329286918479 17.2300305155129 16.427912845666 18.3175537056477 17.2796135265307 18.3831229754823 18.3946152564134 17.326821891571 19.2484270403094 20.4132918367943 18.2218086666218 19.329162714615
TCGA-D8-A27P 6.21403064174684 15.8767289047015 13.6309445639151 14.179723452261 13.3261481880855 15.5589443280882 17.989892145879 17.2325828894691 18.039873706801 18.5046110109537 18.1839491112691 19.9523989806095 19.378657135512 19.0625059974376 18.7081010245376
TCGA-A8-A07J 3 14.3572246455007 14.6648301805475 14.8603844100328 15.9413298590448 16.0135146594051 16.1414037135792 15.8763618194602 17.3079619756546 17.9307415558703 17.4074780260234 19.8386665564334 19.7520572105821 18.4962632006686 18.7737528212659
TCGA-A8-A07I 7.38673600238012 12.5385565283633 12.9469482870482 13.5099355054138 14.5700140316857 14.5259738972061 19.4373341722479 16.3038715516798 18.3701705061683 18.6764473354941 18.473334399426 19.3711279136309 20.2595689971742 19.6624891733838 18.6184314684019
TCGA-A8-A08B 3 13.6948966502951 12.3834548046742 13.4211539201495 12.8351261262803 16.2763542512395 18.9999896716371 14.733381915373 17.4150259451629 18.9315075263418 17.7440774496226 19.4262067298819 20.0907015945495 19.139275824695 18.1960745507139
TCGA-E9-A247 3 11.9868225136854 12.7357559440686 14.7897498893102 13.9793242756677 16.7200303574665 18.8627674031379 16.7186466098824 17.8186754686502 18.5453156788768 17.5242031279825 19.5723082606574 19.9950222945403 19.5388044841039 18.5492193742193
TCGA-BH-A1FJ 5.77818659463708 11.2671002290282 12.8854269240391 14.0575885885942 12.2328398126553 14.8301535833371 18.2542179843367 15.7134301334136 17.8387865221598 18.0910911993809 17.5343090973147 19.5757477652626 19.3974726889436 18.7414073649915 18.199032962544
TCGA-A7-A4SD 3 11.378757816866 11.5137734560516 13.1188258600971 13.0030087059662 16.2700978932049 17.8314612662941 15.4106074674716 17.6293456823189 18.1815702969283 17.9393695945021 20.8044733145374 19.2936510008042 18.552588273569 18.4069636826814
TCGA-A2-A0CU 3 17.416124835045 14.7593907478024 15.1759648972197 14.4872716584535 17.2138349357087 18.5470202803228 16.405129464307 18.6718364142283 18.0360040500157 18.5848924517802 19.5445860729435 20.3516370072889 18.7184587349269 19.2719690530332
TCGA-BH-A0B8 6.50725422214882 13.2447123788842 13.6998787905327 14.1865156879181 14.0269051398584 15.5008899137442 18.5837685534107 16.0156576479578 17.4725338847068 18.7013258971882 17.6162159221105 19.6908942374729 20.0996136260495 18.9645551677173 18.7730148084547
TCGA-AR-A2LR 13.3106426416731 14.845229573888 13.7307641042281 14.9163848111075 14.8315706392623 17.2223096735509 17.2893181174562 18.0099488236497 18.2712668858812 18.9393334497154 18.132174221486 19.5844030778967 19.6016326946751 18.908006411149 18.5855110243128
TCGA-BH-A0HI 7.63974357289312 16.254885785725 14.3080629957923 14.5709394345016 13.969007259356 15.712787370593 17.74780869904 17.1947267564292 18.370563862378 18.6665498143297 17.9704769130057 20.2854116428852 19.538753770196 18.4832632236618 18.8631335391124
TCGA-AN-A0FW 12.5931862124326 13.8648135097901 14.6484645586953 14.5938791109235 15.1944107356051 16.5985587221245 18.3326143141606 15.3656043851884 19.1168080132585 19.567557231015 18.2116079524371 18.9317824576089 18.9100557782533 19.0641258487852 18.2415842963729
TCGA-AC-A23C 3 14.4029750396895 13.8125583154512 14.5839571414894 13.594284243115 15.6841913429578 18.6665774871184 16.0100473717897 17.5779602613402 18.3373845936999 18.4495366676108 19.3038555613916 19.7342886326372 18.725732876171 18.5805550726037
TCGA-B6-A0RI 8.84162905924508 12.222079644315 11.689118768762 14.5325435878537 14.0703929910635 16.0719920862485 18.5195863917787 15.8081879667227 18.7280483669601 18.5744231440278 18.2738078730087 20.2472274351606 19.4385210342485 18.3703000399039 19.2941214089067
TCGA-E2-A152 7.21546353389658 15.1508002064486 13.4696794690285 13.3223370314729 14.2458964984673 16.1386381066607 18.6055214071252 16.8488883061174 19.4000034608196 19.3024819676451 17.8618296712056 19.5655585579867 20.8402954967238 18.5663955328918 18.1631784701035
TCGA-A2-A3XV 3 10.9436693259693 13.0276832425953 14.6858670626045 14.2938968465244 17.9692511394112 15.1880569924176 16.7790026687808 17.1978749759717 18.5660249966116 17.6540149234988 19.7181519221518 19.8313289678284 17.583571518553 17.9457838875637
TCGA-B6-A0RO 5.9650128004408 16.0390934285419 14.2866768514714 13.0936938065901 13.0801109599882 16.6707834267336 18.5193707689522 15.8248692323332 17.583447223636 19.6380575833664 17.7694632058544 19.9371527578661 20.6020575881852 17.880311595119 18.4267468607882
TCGA-A8-A06T 3 11.5219551307063 13.179921586321 16.8620890746826 13.0703883445536 16.0496659182462 18.995663264208 16.0315687958338 16.9817922428149 18.4558113797113 18.9446423925357 19.4233858549075 19.6004435372118 18.0473442944493 18.3911490158986
TCGA-AO-A0JB 3 14.7194124820805 14.2781474803182 16.4265484125521 14.8941440924806 19.5654944021832 18.5512129182816 17.7628618874703 17.4376842160025 19.3463992299453 16.5614954003174 18.4484637762922 20.131111927416 18.2412257398422 19.2898574017866
TCGA-A2-A25D 9.08255336825632 18.1907483412617 14.428014459709 16.2237622197303 14.5750000991808 17.118961231645 18.5384786173823 16.5903459975943 18.149750358079 18.6205837958676 17.9924471791957 19.6449666842892 19.7927720615056 18.4895255688965 18.7164309301234
TCGA-A8-A07P 3 15.2237172993563 13.8878146221383 13.024581382403 13.7099184233853 16.4715594189665 18.2617658066959 14.6060833515745 17.7038628315463 18.2869680082715 18.0554754332167 19.4682001650182 19.6900094694548 19.1079992008359 17.8823215961722
TCGA-A1-A0SK 9.48186526516687 11.5527247150687 11.5171996947758 13.1373518099151 13.2199004807278 17.6167118389089 17.8457306965223 15.0852822735593 17.013741495295 17.9581368491803 20.5533236287618 18.7257240483249 20.0532863624938 19.2945794872912 18.9436324712837
TCGA-A7-A3J0 12.5008157786327 12.079627490312 12.4274978426339 13.491209393565 12.7913660649172 16.4028848425984 16.4885098076102 16.3035245550667 17.6423920416728 18.7283066924787 17.8589494456274 20.810066276149 20.3550032848524 18.7800683018441 19.2414615412812
TCGA-A2-A04N 3 14.6658892817715 14.2009028251451 14.3223737704141 13.8886633632697 16.9366495143526 18.5128040455394 16.632200580838 18.0864522599755 18.4128785705461 17.9051854186998 19.756737021713 19.6078269764035 18.4218838497717 18.8766141808561
TCGA-A1-A0SE 3 17.3189177991943 14.2727592281744 14.5741523092101 13.7683438978871 16.3360562426075 17.6681846612044 16.7958070889067 17.7487422572949 18.1135301040681 18.2281910941553 19.8964015679282 19.4130433864017 19.1437520883473 18.7151034469472
TCGA-A2-A3XW 7.67618812243232 14.7199669044811 12.6920490008934 16.0288558532153 14.1561713211339 18.0564732153975 18.7328596349279 17.5919909716861 18.0368808649165 18.1008175904247 16.8842884770643 19.4651781754267 19.8195974880231 18.5161392535675 18.8637002073889
TCGA-A2-A0CO 7.15510701075523 16.5587163499321 15.2088336916906 16.9085971908832 15.6099250389527 17.3622333099019 17.2715828639971 17.0787701604913 18.3555438797793 18.5702403591523 17.5031103941353 20.0654472059925 19.5013309431214 18.4299461831225 18.5994522806289
TCGA-BH-A8FY 3 13.6505278521769 12.6505011944421 15.6733361849316 14.0410885744556 15.9065234193586 18.0702206264112 17.0600324290567 18.2279165563645 18.5662868318433 17.2742787727541 18.8113746420062 19.6432570783371 18.4300104571336 18.7547559083592
TCGA-AC-A2FF 8.11246738153863 15.0264488638402 16.3948478734913 16.2225373463061 15.8621629686461 16.4213133208629 17.8539792856086 16.5696436788445 17.9185177614576 17.771081842375 18.5783064915966 19.4659626702279 19.9359945756977 18.9178697073509 18.6473235845015
TCGA-3C-AALK 3 15.3181423359837 14.100198918476 15.4641077163105 13.5109794555235 16.4067999421962 18.723210652596 17.0352245571408 19.1909002750937 18.8705947427793 17.3005718360627 19.077470036612 19.6420798576283 18.4892795246689 18.9396441345067
TCGA-A7-A0CJ 3 12.1078711720755 12.8140786960722 13.5830710103134 13.2116169412946 15.9345931775 19.1428949197005 15.3383299074298 16.3836208813064 18.2235493044876 18.2624756827995 19.1624057500317 19.1103293673735 18.8640599827606 18.4413069843224
TCGA-A2-A0T5 3 15.4288952795079 14.3488621386016 14.1573087489416 12.9432402877369 16.8225875629117 18.1782505113707 17.6709414027047 17.7304407246783 18.3421890378119 17.8933796242397 20.2782222102624 19.5078463974915 19.2720802027979 19.0096727751452
TCGA-AR-A0TT 3 16.8860606440653 13.1408776541577 14.3408007052429 14.5631789007539 16.1613364905427 18.4633131861259 16.2021857196885 17.7206737067107 18.1776622043396 17.8637497788498 19.3880417595396 20.0806439054742 18.7892499606016 18.5003368458138
TCGA-BH-A209 5.86193287415726 11.9104630859646 13.9947724272061 14.0860693925809 13.799217046166 16.0113280710771 18.7828656721676 15.5928331286382 17.0869237102152 17.7191924555593 18.6439377133862 19.2802221575271 20.5596292172975 18.6445258144813 19.3171452347306
TCGA-AC-A8OR 3 10.7246895196215 11.2117682379516 14.1010120896972 12.2297741250087 17.1862193946428 18.9202981316953 17.263572956414 17.7862846430855 19.0670340968172 17.4089984140179 19.6961657834165 19.3236410982347 18.7006892291124 18.5657065289514
TCGA-A2-A04U 10.7038987864051 11.5630139008954 12.308310312548 13.1285076916696 12.9010078873973 16.364668041301 19.563473208616 15.9391339491291 17.9348712735226 18.1901469640943 17.1801494534649 20.5787393163613 19.9396021075023 19.6441920461143 19.827983278268
TCGA-A2-A3KD 3 16.5194153899357 13.523129826233 14.8055137857913 13.6306733680676 15.8989416881209 17.8326148954305 16.4607936053847 18.0503893295812 19.118460640876 18.3642565402645 20.2157287398202 19.3756154848279 19.1408588296162 18.5887301761792
TCGA-A2-A0ST 6.35010239779199 15.7962034547685 13.6564223777999 14.9173760760079 13.655587753673 16.8612930934911 16.5185838008293 16.0088687887514 17.0969376698572 17.9560451660759 17.8367245119516 19.8401058146539 19.6205034673026 18.5925162313718 18.4974534346225
TCGA-BH-A1FU 7.86793539802678 13.7785960676907 14.8625074187916 15.1715753809791 14.8764064137179 16.3895460157232 19.1385424226298 17.1695600417679 19.4698552597159 18.9378568442776 18.2759120803417 19.2940561261414 20.5303003752314 18.9455220380049 17.8615510335425
TCGA-A7-A26H 5.67729351693726 15.6633293199231 13.8871309433577 14.0863350384451 14.4859497541471 15.3286750010193 17.7522951516561 15.5318047440176 17.4386145342713 18.1098383992221 17.6947636944802 20.7034387357946 19.1718096318495 18.7347071963881 18.1273899731527
TCGA-AC-A2BK 3 13.7874911473655 11.4643912138124 11.848747912351 12.0294025299825 16.7096877519731 17.5865430663401 15.0098573909979 15.258533960807 18.0834684733222 17.5621462158274 18.781630472833 19.7501056223959 18.8199303969443 18.7892868559902
TCGA-BH-A0B0 7.81992808397869 17.5209219829539 14.7745039768695 14.9947649132638 15.5975209457055 16.285110884061 18.6980420323564 16.4600727107205 17.6434957844562 18.8882336894242 18.0205072368512 19.2986545708771 20.1910256525985 18.2594087966834 19.081139947774
TCGA-A7-A6VX 7.75292146177571 12.6075076698706 12.8246165891588 14.1853718982873 14.5414214035852 16.3878210329557 18.6272330581203 15.1476016037662 17.1077516321093 18.0027229486763 17.3096040878844 19.6534778099643 19.3819870946529 19.0263088333679 18.3118302833837
TCGA-AO-A03L 3 16.262484903128 14.2025125409848 15.3187309460054 14.0775259861073 16.3461208601513 20.0185764229543 15.9434467809137 19.0477746419482 19.5621166647578 16.9274255439142 18.714533966208 20.0137001118288 18.3499610526902 18.4716730517647
TCGA-A8-A07S 3 12.0596312625916 13.7730665188519 14.0369367195522 14.0732459619567 14.7212081529703 17.6694167980454 16.2830933719419 17.8241583844625 18.7732303118479 18.4254474660775 20.5593428714238 19.3732298590557 18.9314014008437 19.0871858004711
TCGA-C8-A3M8 6.66187309868866 17.4882291445095 14.2369832931756 15.8466335745783 14.7519378422184 16.2220989389974 18.6320119460216 16.6864759594664 19.0414727927226 18.3275436297878 17.3459840577116 19.3347260565555 19.6655751534412 18.8769521755102 18.715222609093
TCGA-A7-A0DA 9.5907102247174 12.246248479994 12.6124205682734 13.7794171663259 13.6203149728969 16.4525424632255 18.6631463975062 17.468845423822 19.9270178694841 18.1122429127687 18.2481939185435 19.7681253822564 18.7341291009142 18.4959219008542 18.3249904214543
TCGA-A2-A3XU 11.0913521398296 11.0677691301073 12.4438715949185 12.3363065482207 13.0759242289705 17.8609410210027 17.4176137245726 15.5221376660101 16.1697045846996 17.7357251302773 17.8252881356043 19.1565794314192 19.427986931926 18.3611131153722 18.3889761855849
TCGA-AN-A0FY 9.33275696960895 14.1338381780786 12.5943571196324 13.5272185354421 14.4804678211281 17.0990061249511 18.4786367371551 16.0140795661935 18.4087735986916 18.0841368328977 18.1145615745214 18.8800459838906 19.9526454146734 18.7673991124555 19.0525032756184
TCGA-4H-AAAK 3 13.2639896707476 13.1830091783958 14.6661735627171 14.35035282811 17.0246073242809 18.5447399636815 15.5479225555652 18.4150051300321 18.3301052896862 17.6708668387765 19.9185037787841 19.6201995781235 18.4109016560116 19.6025632394092
TCGA-A2-A0YM 5.91120017949335 11.4025996729037 11.7114930125954 14.6003149003979 13.9559060906401 16.3137428665841 17.2350130478261 15.1377198868735 18.0607624623838 18.4047967208751 18.0572457753311 19.7844630561022 19.8327229679672 19.1825034217374 18.309056419166
TCGA-C8-A1HI 5.71127258884684 14.4706188939577 16.2061335788226 13.8694089116674 13.0563609569141 15.8057570535033 18.2045658733403 17.7964839513936 17.4810224577997 18.8675613032253 18.1907476157467 19.2657431277255 20.3356880968228 18.2793414799841 18.5379728425676
TCGA-AC-A3HN 8.52240219400971 16.9582075179227 14.7660047511164 16.089841607096 15.4724538721925 16.3951741492897 17.2449589069291 16.7305455569468 18.3648977635657 18.2869325129016 18.1135195217507 19.7613352237752 19.6492003248829 18.6371749005395 18.6887563104982
TCGA-E9-A54X 14.2203831931927 9.66712996982938 10.9707890431738 12.1367728778699 11.4983566289272 17.6422246643486 18.0154863105381 16.1492080566232 17.1623517671261 19.005723162769 18.3211137182701 19.4087008533557 20.3107196618472 18.1617945054642 18.924078850979
TCGA-BH-A0H7 3 14.947493392986 14.3597071948822 13.5253176159283 14.1316212490562 16.0112571965326 20.4475826350124 16.2904106370768 18.8019168464158 18.6837410753004 18.3427192509735 19.6391505857424 20.0722235655976 18.4092944767783 18.1195534278809
TCGA-A2-A4S2 3 17.1849362644436 13.6686767176785 15.1811707490554 14.1256439074517 16.2434979845407 17.6832059205983 15.7065675594891 17.5181355225366 18.5167820790303 17.6204610328655 19.8453374196114 20.0035346213921 18.066432571602 18.776701988132
TCGA-OL-A66L 9.7784422203266 15.4751772682939 14.2838765155057 16.4998132311591 14.6898036469327 17.9479314800499 18.1300407006783 16.8798882200461 18.0340890051565 18.0209419555672 17.1046792597577 19.4082337645976 19.5721846076555 17.0869578992304 18.2846578928373
TCGA-AC-A6IV 6.06534793804666 16.3045497549742 14.9496242217949 17.121802191591 15.947032783172 17.2833296022132 17.5889161245766 16.9275512491702 18.5321117099719 18.5168696770944 17.4898232289461 19.4489553602933 19.9325192952953 18.1363801020951 18.4937394071439
TCGA-D8-A1JH 6.54694233530777 13.844821924536 15.0613362615782 15.48451055909 14.1653375949531 15.6484212294008 18.1125891312221 17.0341639938102 18.460127736701 18.218605821661 18.5498707913131 19.9542117148231 19.7966035519506 18.7224922425673 18.6492695715635
TCGA-E2-A1IF 7.25496205314925 15.7922739936691 14.6047386448948 15.3279918721657 15.3374978050678 16.3965724212137 17.6630672612872 17.6824932281575 18.1009832325688 18.6234859088371 17.5764584683332 19.3966538355057 19.6343663944682 17.8952379286761 19.1169175647234
TCGA-BH-A1F8 3 11.2578064719229 13.6263431281621 13.7132628296944 12.3950691355187 14.4102517908503 18.5584892280749 14.8438912031956 17.90357884096 16.7981041350202 18.3139569663475 20.0779988051194 19.5572476919048 18.0465160553263 18.3358773997673
TCGA-B6-A0IE 3 14.5761682994874 13.4192177994536 14.3319938482096 13.3929560501099 17.3509566257287 19.9296243260814 16.9713088683886 17.9861137229855 17.5498390279063 16.7859743725751 18.9004652918562 20.1469702177997 18.925197037545 18.6328824946401
TCGA-A8-A09K 8.53326315845019 17.5507456263652 12.4190514717613 13.2602398270808 12.038183276398 16.2872076920702 18.0315086923855 15.5694525991743 18.846063634927 18.0404078940484 18.6633900783273 18.3387682700684 19.6594104235271 19.4815413796405 18.2825038483205
TCGA-A8-A08S 3 17.5641954104141 12.3469308065178 13.1706374392669 13.0697937720907 13.6869302690755 17.7222315761236 15.6852091348005 17.3213278212855 18.7485023876819 18.1355340563784 20.113088204743 20.4062205870076 18.8660396574271 18.4209133185878
TCGA-A8-A08G 9.28915975175291 14.6224519915972 12.4063173689318 13.5775630967927 13.2005153365116 16.4382323420439 18.8534306386202 15.5187591472612 18.534401958964 18.7784632915698 18.2400425344959 19.4654293477665 19.8557348728105 18.3075550407061 18.8919185392189
TCGA-A2-A3XS 3 12.9224862772366 13.4110997333905 15.3155047021477 14.0466941953786 17.150646330769 18.8291059086752 16.7043941992429 17.8516098354022 18.2620818784725 17.580387437858 19.4051908386347 19.4910494695462 18.1100222937738 18.7357643153801
TCGA-A2-A0CQ 3 12.3883991546771 12.6689509396897 15.3173628463228 13.7059362234829 15.4346584777334 17.130637181256 16.2155519853479 17.7843223808572 18.4322891781754 17.3234973643587 19.6619487133751 19.7447030991869 18.3603257675676 19.8752047888265
TCGA-C8-A12Q 7.75170368011323 13.4774248278056 14.1941231070651 14.7648957765021 14.1512647693087 16.6803543785736 19.1476772611785 16.4239311634973 17.7810561623596 19.700945452994 17.8659893700758 19.2630025058868 19.6331822539451 18.7473434089239 18.8442846308623
TCGA-A8-A07Z 8.54509430571318 10.5913492146572 12.4084381485253 14.1812916266445 12.8757842938117 15.5736663325963 18.7751167775111 15.235927212756 18.2651347006569 19.0620541254128 17.7694547834419 19.4047751664561 19.5880022413841 19.0481588626133 19.2559117057841
TCGA-BH-A18U 7.0372811749747 16.7060189762662 12.7822991252195 13.4060268142682 12.8980589215818 14.1039893612587 19.6220765743785 15.9747094909706 17.4698830059768 17.7615225321315 19.0404453831545 19.9877356869655 19.9396391643788 19.0841899417953 18.651429975899
TCGA-BH-A0C3 9.01468057218772 15.7262263803338 15.437892675275 16.3896425476515 16.0967592258391 16.0007988372846 18.0174056792314 16.2009415099514 18.0948693976512 18.4036994981181 18.2655862843836 19.5964265933482 19.6279914465301 18.3263558199829 18.5538133950554
TCGA-AC-A2BM 10.8720141379477 11.7334896162321 13.7524687056779 13.6658813005459 13.210058599992 15.4263346160586 18.1257307345222 15.8643878010875 17.3459915187097 17.6989108770882 18.4392722051337 18.9617734253694 19.3891650560525 18.8293314562335 17.8571107340967
TCGA-EW-A1IY 6.6823548236408 12.2699558513367 14.8230065036986 14.5429938655087 14.5112046982781 14.203308566612 17.5416158849996 16.6032714590217 17.48488980651 17.6199069215336 18.3244036727919 19.98689795978 20.7489654661964 18.7764753737263 18.579080755411
TCGA-A8-A07G 6.04894598244961 13.8253626653019 13.9639307125803 13.3761348755891 14.714302226049 15.510329268224 18.3067675786585 16.5665261957754 18.0764613067351 18.462544702431 18.1715019508865 20.2574891670124 19.3916316238708 18.7356889005196 18.5883696323109
TCGA-A8-A09B 6.06982192633896 16.5509412681164 13.6855738139217 14.6257855730938 14.4313911878105 15.7632119147529 18.4096482128096 16.437012706019 18.2343512536651 18.1235805242319 18.3331172915667 20.02179006503 19.2104732361304 18.5778934169595 18.9444351903872
TCGA-BH-A1ET 3 13.3973889665302 15.0456420411223 15.0557336991464 13.643522056512 15.347124804594 17.3369975202408 16.2993061140177 17.1040535825768 18.2805214598851 18.5193797055519 20.1594787651867 19.439643784135 18.1539884318559 18.7003921126324
TCGA-A8-A08L 3 15.0694375954468 14.0795968337042 13.812379564713 13.7814879608006 15.1311373400995 17.5798310958684 15.3887850896341 18.1563497893293 19.5195639776883 17.2602554608704 19.3088592133121 20.3940764536629 18.9391517448727 19.2210474978362
TCGA-AR-A24P 5.83965396915967 12.9081907485249 14.4086439456797 14.2146104271138 14.2089060190176 15.3075018058024 17.8197022150696 16.1263991826578 16.9849385199704 17.8911743099664 18.514254493771 20.7215575255843 19.6303726017925 18.4021598322041 18.6480934274131
TCGA-AR-A2LH 3 14.9638794441861 14.6477372754524 15.8562988608578 14.881995915714 16.8242576883921 18.5685177077965 16.7814600039335 18.3389831352018 19.5836654329246 17.6421246097117 19.6614687416445 19.7435244244411 18.0304451637646 18.2931887433694
TCGA-A1-A0SP 14.9811271890961 11.7014213008694 13.320571310017 13.8034119042259 14.3090846722685 17.5409271708594 19.0199103696495 15.9985365512828 16.8518511029909 18.4278555245434 18.9517991572279 18.9696597416513 19.6543376331873 18.4832150773163 18.3394325858607
TCGA-AO-A0JL 3 12.1242206831965 14.0749991157642 14.9309048595462 13.5880563292454 16.158408430851 17.5909530287436 17.0692275974292 18.345356288249 18.1002321715546 17.7765342028928 17.8356500537347 20.7454306262886 18.3303769713743 19.2601798357671
TCGA-AR-A2LE 10.4909742543537 13.6679786443997 14.9146426027591 15.0886055942968 13.4435270763449 17.215573657385 18.0867502579255 16.0951490416731 18.2229656127265 18.4348785138811 18.4079901065386 19.6734270104172 19.5101927904267 19.0365275259257 18.0440676200539
TCGA-E2-A1IU 6.29273454905708 15.9795037740648 13.7188164996709 14.8561803811981 13.1511845309946 16.110281260059 17.5697992392154 16.2219398323077 17.3765503825389 18.5520427215924 18.1358114414667 19.7146984503052 18.3727238983474 18.7027300311698 18.489392614806
TCGA-BH-A18H 6.63276711151673 13.7586488965884 13.7129399074925 15.0001914075873 13.8308642773647 16.421990859563 17.8608466843019 16.5902230501531 18.047120434462 18.5986175651418 18.4756004298576 20.062237052819 19.8881050750663 18.6039346694028 18.4597888385948
TCGA-BH-A18P 3 15.6036295625849 13.6097045273359 15.3247662450523 13.4030998082448 15.8071117662863 17.7870035254202 16.045285572333 17.9459975609263 19.039840451946 17.3971073619822 20.0553884106961 19.7946564518926 18.9957532500371 18.2961370926653
TCGA-BH-A0BP 8.09433375565996 16.6061448525896 14.5916044822118 15.2201593114798 15.1709569356968 16.4084903056545 17.7955550302168 16.8482382863218 18.830545510459 18.9698931784678 18.162971442961 19.2690722058178 19.7787284901969 18.8712902984743 18.9903893520834
TCGA-A8-A06Z 3 17.8843066266533 12.9339504919529 13.335690649472 12.7398995814894 15.1821535737194 17.991436611159 15.7415751025653 18.2033365002917 18.1432153111226 18.2788721167395 19.9334361093003 19.2943842068695 18.6099328202698 18.5163287480956
TCGA-A8-A07L 3 16.1009246120191 13.9365334894464 13.6774733930653 13.1878707877188 17.2043924342431 18.700036708151 16.6636019824759 19.3958850730271 17.6725539349378 19.0116522174595 18.5651091870195 21.0021074891175 19.7093914819196 17.2915552259595
TCGA-B6-A0IH 10.6153838280283 15.7683038083314 15.111805296501 16.1297601608944 15.1720003470755 17.1052482991336 18.5973634330085 16.5951058322357 17.4645284080564 17.6736789543625 18.0539420380633 19.7987144640319 19.1401622600496 19.1197748525922 18.7727795339604
TCGA-A8-A09D 6.2727904553574 18.1698399472557 14.8794021221 14.52472476634 15.6937974689558 17.0473876834093 18.1013702573537 16.4671684410773 18.4604919622309 19.0772635471467 18.3894726610625 18.8885352740593 20.3034119129719 19.8868399557822 19.0675637956271
TCGA-GM-A2D9 7.07570841688076 15.259424472703 14.0931661700423 15.6753717307672 14.62845900834 15.8638244917834 18.9418046767947 16.7504991913834 18.5745597685697 18.9258938719275 17.2709138999263 19.2985918587474 19.7609822182023 18.5802397720796 19.2255430197386
TCGA-AO-A03V 7.13076843759541 14.4355189037536 13.6967219779588 14.4648705002082 14.4239558031708 16.0930881967694 19.6178755837498 16.2424061055841 18.5734618804618 19.2359213489967 18.7515541008417 19.1271700245596 19.9312117048648 19.0327281429954 19.2296795475312
TCGA-A2-A0SU 3 14.031292032614 14.5291205022369 14.8771148831478 13.5734873831631 17.360899150063 19.1805296178471 16.8802123145568 17.9342902010074 19.1416349417028 17.8747045418118 19.9157784755335 20.5506317480151 18.1483930036233 18.8751136454294
TCGA-BH-A0BQ 3 14.1817670747039 14.3075575621145 14.7196346487251 15.3106741176536 16.7660846223347 18.0433553769729 16.7446207732509 17.9399963583124 18.4593901292112 17.8708238773545 20.2728669308054 19.4234406938352 18.6199454246235 18.8432084198361
TCGA-A2-A1FW 7.72849230407397 15.6297860025323 13.5834869095103 13.9061786844607 13.0209906161427 15.5816185283513 19.582603562032 15.7952308775454 17.9252815642013 18.6513898867846 18.292168149702 19.0082000232499 20.614889202165 19.2130219827265 18.1277866736147
TCGA-A2-A3XZ 3 17.4919640862008 13.367018736099 14.9765646706504 13.73194918915 17.8023238464498 18.059705898978 16.1462678556836 17.3001374887518 19.459935232928 17.9863335468561 19.1911129636515 20.0555942999947 18.4780011340977 17.9264836764342
TCGA-A2-A0EM 3 15.7523141972045 13.8507185316742 14.3487738423748 14.0197219868132 15.6862202072903 17.6311570065253 16.0877910993533 17.4913420534472 18.2769926824202 18.3825242216075 19.732381221304 19.8742682156724 19.027914008705 18.6887241583907
TCGA-LL-A5YO 9.40326045529017 12.7614419630635 13.7893683734933 15.0614818005683 14.4445871989245 17.3903557380518 19.6259198905551 16.3630860997016 17.171053121995 19.4797507457477 17.2377191568015 18.8084722077219 20.540422502509 18.2268955388252 18.1059803856122
TCGA-A7-A0CH 3 11.399464881212 12.5675999485038 15.1865077757125 12.229530565028 14.8149582224246 17.9414779737642 15.7940988857875 17.5018231773226 18.268045997142 18.3245674477245 19.9849991993083 19.2586590851079 18.6402474906712 18.5462676285769
TCGA-3C-AALJ 7.43965831289219 15.3754285140735 13.3753184822386 14.9298411112711 15.6582059661708 17.4003999302587 18.0330363734995 16.3326228855736 19.9880580674487 18.9322159418948 17.5155121973451 18.6998710301665 20.0366804942107 18.4472902124282 19.548062921584
TCGA-A2-A0ET 3 12.0692160127418 12.5794818736991 13.8441127748786 13.1783045697294 14.2939064359641 16.9344026926596 15.5624262616215 16.8178408765516 17.9369551287337 17.8823273521704 19.605895199322 19.9930521425098 18.8330534798683 18.7606986937632
TCGA-A8-A076 7.33817042997234 16.1737800617837 12.6523068878486 13.5019623421233 14.6418003665003 16.0327268991049 19.4597998727526 16.0587472259652 18.0741577957884 19.2804213712998 18.3682993358334 18.9128134681091 20.2021792230041 18.8594884837817 18.4000940369107
TCGA-B6-A0IK 3 16.4528749877467 14.8398859185107 13.7221854985626 13.9910732914717 17.1868556911911 18.6282015193022 17.2580146157801 18.5423545369259 19.3657008124221 17.4787839421985 18.8960181410975 20.7882872464228 19.054767682187 18.5466372986948
TCGA-BH-A0BL 7.30241055440751 14.5984411765805 13.924650835986 14.5836156727215 15.6252898865621 15.7147032724688 17.621769823679 16.9228244353348 17.9876943893297 17.5444563138081 17.6887058570194 19.7457887834254 19.9215523836387 18.5358985052911 18.3171431896629
TCGA-A2-A0D3 7.89649832713883 12.1214440951646 13.8769119230374 13.5097730778751 13.4427752631994 16.1092195197287 17.7264259166903 15.5344745990475 17.0470277110701 18.5229022980649 18.3294285396523 20.3810664716608 19.3638452632066 19.1602448642739 19.0094203112691
TCGA-A2-A4S1 10.3034674861633 11.8528446384422 14.3495831406546 15.4279450532717 14.4408125326362 17.0449831649924 16.4564203930608 21.0941293701771 17.515311221331 19.0921788814331 16.961265485552 18.7008828962208 20.1921778777163 17.5695771801188 19.0648845786001
TCGA-AC-A3TM 3 16.1498246436472 13.5745244032059 15.3412120392849 13.7522296778992 18.5541010807631 18.5148301755724 16.8018597732566 17.8332090943972 18.4851966416549 16.9928271959312 19.1685312633915 19.4946497419033 17.3969883729054 19.034641768399
TCGA-AN-A0XP 3 14.7723344173739 14.8346441693817 14.7073908161139 14.4892489698364 15.3223475813632 18.6269824864787 16.9526596249243 17.622353682932 18.3903422854297 18.3053570808341 20.5911409867199 19.2574396912798 19.1408174548791 18.7117042142658
TCGA-A7-A4SB 3 14.1859154226133 14.7001261909462 16.6074162692007 13.6928909208317 17.8193427061469 18.3983035796542 16.2025566872793 18.7470899771154 18.3904131364845 17.8152080354309 19.3929176582063 19.2469225797477 18.6403943534053 18.6104723548317
TCGA-BH-A28O 6.11101585805525 17.4581127933288 14.8935018730769 16.5388576546459 15.6726753671299 17.5655307276722 17.0735990810582 18.5298225607839 17.5909900240372 18.1480531330727 17.6870052406352 19.6121587016542 19.3044833439384 18.453362256723 18.4039388681495
TCGA-E9-A22B 6.89421697823782 14.3953655426799 14.5517760886976 14.0162021141454 14.6473779904732 17.2426535691786 19.2224501712283 17.5555256571584 19.0207124842277 17.9380163321928 17.5080859928472 19.6786965212678 19.9914983357699 18.407531277782 18.2810781443063
TCGA-A8-A0A6 6.63837036909842 14.6990520117646 14.4162930006999 14.4653348489654 13.5992987004675 15.9652151800146 18.1003898473899 16.408332727141 17.1736361054691 17.926691874344 18.2740261680744 19.8057373583502 19.8874663922401 18.421027896895 18.7703427747862
TCGA-AR-A1AU 3 14.4684426916324 13.5216953285323 15.5192220638907 14.6911249044845 16.9240129295201 17.8667562106847 16.2126235007343 18.6903783052313 18.1708182370165 17.893912767637 19.7329682365191 19.7353231576959 18.4750633387098 18.9120360507949
TCGA-C8-A8HP 3 17.6281860936993 13.0963758250178 15.2694217097974 14.6409223080175 17.1981030105318 19.0862549134374 16.6600268854225 17.8690323784188 20.8545619111126 17.7948127274518 18.7573093620922 19.8301089985587 18.1213409949766 18.8453090829904
TCGA-A8-A075 6.17161631424199 12.25058438895 12.1863409345686 13.6695985234868 13.9616512266907 16.1968435232405 18.5850907706133 16.2228536069666 18.3947198585786 19.4018003655115 18.5109937735904 19.3163434951554 20.5239278550913 19.047721801635 18.8601126845346
TCGA-A2-A0D0 3 11.1271128514312 10.1021491488639 12.227793951771 11.9846282403466 16.1580019679302 18.3102044395422 16.0491997023165 18.5288059046344 18.7870614796092 17.1032344430884 19.0008480377135 19.5404693521221 18.5418535085928 18.9211739015191
TCGA-BH-A0DS 6.52975015434274 16.2123182588395 14.3035225175602 14.9797812320271 14.3944998361003 16.0341954305962 17.7703487975994 16.2136625412776 17.6324946146811 18.4328176445648 18.087735282749 19.5057395826883 20.4661579083662 18.5406071668211 18.637428079244
TCGA-A2-A04Y 7.78233868513822 17.5552075908972 13.3247151620851 14.9456692299894 14.2491154003952 16.0248477355785 18.7654179225219 17.2045771747286 18.3089159262601 18.6331606753788 17.941809198344 18.4504556728723 20.9489083862963 18.393331148034 19.4199327520911
TCGA-A7-A26G 8.98595791306592 12.6729500623821 15.1739553074916 14.2199941196227 14.9493707756486 14.8954721847933 18.1677225077843 15.8962316393284 17.767055003491 17.0880420341804 18.7165723456621 19.6600321843927 19.7432837737953 19.163228506356 18.8983840224909
TCGA-AC-A23H 3 16.4284048176554 12.3572025604397 12.7554061600176 13.7160482161543 15.6939359801832 19.9964950641186 16.5945255268198 19.2304824730854 18.9829295269059 18.2965777049104 19.1319099018622 19.9535550495046 19.3705545626738 18.8343597745789
TCGA-AR-A5QQ 8.52429481526872 11.8990397501085 11.902646295167 14.2266515081432 13.9723525862454 17.4927048162125 17.961620861826 17.765456465532 18.1856757922541 18.5897739947489 17.7343667278512 19.3140279993534 20.2822420415484 18.4400423842483 18.3388973752329
TCGA-BH-A0E0 3 11.5894177234011 13.3237619788109 13.741821774187 12.9609307192014 16.8828446983102 17.5655455053389 16.0945769258524 16.5574470942616 17.8861542518932 18.3619425128882 18.5942394861137 19.7755759970514 19.209547515498 18.5514031287478
TCGA-E2-A1IN 3 12.2637329648113 13.7604169254575 13.6247032946721 14.1269974256357 16.0314699133252 19.4345081377973 16.966698301457 18.4479776099318 18.0975658680046 18.439448102733 19.9250489714143 20.1718082823362 18.4964285488636 18.4908613245553
TCGA-E2-A1IO 3 17.7105750959821 14.1082786887291 14.6705893989562 13.867655152536 16.2283104256191 17.6207486650308 16.7300453666975 17.8085229120415 18.5177912801439 17.7331465845598 19.8740934478923 19.8032775763391 19.2456930148506 18.579654851447
TCGA-BH-A0C1 7.91347064207214 16.0173119895628 14.8624972790893 14.7928508400148 13.2400433670432 16.0824355704325 17.8607858331141 15.686309766074 18.0400324634795 18.4126072380084 18.387583520511 19.7651757100197 19.8070878796374 18.8840096388744 18.7381890060536
TCGA-E2-A106 11.6033111833081 13.8761627835371 13.5601202101771 14.3795979561294 13.320116898589 17.1132314006121 18.1384525955174 16.5297901338371 19.1868864137842 18.5629655313289 18.1243779713586 19.4823500623173 20.3763046197522 19.7100201114124 19.0042833874599
TCGA-AR-A5QN 8.90324005845096 15.0662117600055 14.9464725709872 15.6575347362528 14.6386885269625 16.3197881368182 18.3108521887955 16.4011593659344 18.1329558976848 18.7528858888099 17.8428638485467 20.2446119181548 19.7434540399313 17.8785030176061 17.9921363420443
TCGA-AR-A254 5.82238636937704 17.4565172125178 12.8501381993851 13.6825840575221 14.3603106505189 15.3241660067685 19.1538903074821 15.372779031239 17.3524635297717 17.7745488015607 18.9308323225945 19.8222446781926 20.1353350618529 19.0050265021437 18.9482454641351
TCGA-B6-A0RU 11.3836058328826 14.2210540094514 14.0423710944842 14.2164266595313 14.0642307496402 16.818695600264 17.5492156089664 17.7007879524342 18.7967209358326 18.7527859256079 18.650671496551 19.2561532383478 20.241469266117 19.045331652349 19.114691873718
TCGA-A2-A3XY 5.73053103857549 15.1822896749195 13.9067073498854 15.7248865350436 16.1098993708774 17.4604938931755 17.6063651221332 18.8370268389723 19.3208298290119 18.6447600544336 17.5890826344136 19.4532419473489 19.6354032433266 18.3186227115604 18.4636107199039
TCGA-BH-A0AV 9.08283626380971 13.3243510528699 12.9679543667767 14.4861607031876 15.1654585054051 16.3742634349279 18.000059761341 17.0457356098278 20.3900896495189 17.6449901393987 18.7074390752569 20.1365275119352 19.727492429655 19.3811089704256 18.3591374240733
TCGA-A1-A0SG 6.16198002456202 15.1403183652119 13.7588140611137 14.2932481770371 13.2308589868291 16.5264032171786 19.0173658351813 16.5062165936939 18.655877006047 18.9399093647548 18.5098875365172 19.5635890441219 19.9808534076584 18.1496385067266 18.9032900192521
TCGA-AC-A5EH 7.83691028527915 12.6397327898832 12.831566544231 12.955364026316 13.6355153072231 16.4872576675834 20.1713192479807 16.6206189072779 18.1481296165371 19.3829910363694 18.3103021846773 19.3171354265385 20.058550892735 18.4932945237427 18.6568134350044
TCGA-C8-A138 8.04967275654147 13.6548632187518 14.2004534548135 15.1839853269944 14.5141994154402 15.9429238291363 18.9351290554233 17.4769423757714 18.2956260643033 19.5878262727371 17.4826093401036 18.6495873185345 21.1474131527813 17.9740048326648 18.8957795961918
TCGA-AR-A251 6.12386933329847 13.3119882930687 12.9627344988082 14.6074641784659 13.8964779303718 16.7954935773951 19.8408037291914 16.2968698972738 16.9209527193161 16.1644801910748 18.7266844546249 20.2130076627685 19.533552538589 18.9368309895942 18.30163428977
TCGA-A2-A0EX 7.3703643772991 13.6024461697201 15.242245721623 14.1298212009478 13.363958338034 16.8160107229836 17.7563631392527 16.4970458428068 17.5160373209206 18.3544787558984 18.2152113403731 19.7324108464387 19.4412612323598 18.8858315427267 18.4984498858179
TCGA-AC-A62X 3 11.438566490471 13.2782423270144 13.8289250260625 12.1115881520682 17.8913671181443 16.4242173233526 15.912655974457 17.6719280119973 18.0575391534078 17.545061263496 20.4463442749586 18.9314813825884 18.4849648917875 18.2048571313396
TCGA-GM-A2DI 7.22119722495073 16.5206914879068 14.9879609665529 15.1233930912636 14.917493176647 17.3495634571386 17.3510563759348 16.3539262923445 18.7898648004934 18.7630064401866 18.2941410867499 19.9449330832252 19.6360417389649 18.8700701485381 18.8732939961642
TCGA-D8-A1J9 6.60072851447738 11.7390252684557 13.6641481302844 13.3220427434059 12.9821725851452 14.8742090984589 18.0861094019067 16.1899314502658 18.3315374738887 19.2342845898789 17.8147803749733 19.3878875354589 20.4516911466312 18.904301150479 18.1603202835523
TCGA-A2-A0EU 3 12.7538774918432 13.3073409522149 13.6481915754621 13.0202983514754 16.5311792918559 19.7128303153008 16.5932961626769 17.7531640667836 18.048392339551 18.3201597169732 19.5397313282541 20.0439340695243 18.4023986569293 18.8185680954989
TCGA-BH-AB28 3 14.1290713867298 14.1864594705263 15.2981017597013 14.5642189512687 16.4336319423324 18.5717274948873 16.2896572245388 17.8485331682185 18.3217498739533 17.9138490775492 20.0067692413764 18.9431310024372 18.7610304234613 18.2641430413506
TCGA-AN-A0AS 10.0478082724323 11.2907321708757 12.1848152362479 12.9126704161931 15.0080554171636 17.9556578651323 19.9222442450199 17.3554415146149 18.328449242296 20.0880011420166 18.3645254177956 19.8254283969912 20.3276557295021 18.9675883168514 18.225790166728
TCGA-A1-A0SI 3 13.1530131884487 13.7364420359705 13.9369902916981 14.0056031213295 16.2926603634399 18.5698196942058 15.8419127207169 18.1443734947655 18.9856678503607 17.8041414017183 19.4192802053977 19.5240268546379 18.8807336835136 18.7828656067229
TCGA-BH-A0B9 6.42458184117874 11.1410634013451 12.1201780467765 12.6880225516232 12.931167161327 17.9844303777312 16.3865464542082 14.482103482782 15.627692733063 17.1412468251175 17.2178986556901 18.9522250465521 18.8626097968784 18.3402245191264 18.9622192345062
TCGA-A7-A5ZV 7.92576063938231 15.1145267654375 10.6074425017603 11.8703701885818 11.9859192618807 16.3656364736344 16.2880157728018 17.4857918967007 17.0869827534285 17.7718612681879 13.7771044526064 19.1377654453847 19.4728765630171 18.3729002538373 19.2135416085414
TCGA-BH-A0HP 7.84878815092787 17.629163477375 15.1035028440454 15.0109605680902 13.9123290823752 17.2113490636911 18.1652889157313 17.2079864858426 17.599319978437 18.3233511424925 18.25216611276 19.3223921633785 20.1194547708043 19.2288738806149 18.6665645839455
TCGA-B6-A408 6.04938616998687 12.8535952846811 12.4391249015812 15.0749752169151 13.700494127277 16.9535072557183 18.2882617909483 17.0078950888953 17.7784480721747 19.2222724882434 17.703336993961 19.2628401688277 19.8646638852467 17.7164846596947 18.6274198309411
TCGA-A7-A3IY 7.02193277859607 12.2291767960414 14.0892834123475 14.0336430680959 13.594157733937 16.2533243122339 16.905941186039 17.5070354938261 18.1759513935511 18.3701892462492 17.2751884552789 19.6850563641593 19.8181699986166 18.3206978156117 18.1660095593882
TCGA-E2-A570 3 12.4386887499854 13.0380533955683 15.0978891114372 13.6210084641992 16.5082764907482 18.0241896663531 16.5665536986132 18.0026452646254 18.9466220012582 17.6041066025637 19.4548933885024 19.9159990181817 18.6277821650942 18.7316174811066
TCGA-A1-A0SD 3 16.8603176871471 14.7209763448801 15.4912953816878 14.5472802931577 16.3599370275993 18.7091713769378 16.9345665918231 18.0196301409235 18.3853235451796 18.0527793597932 20.1920171959181 20.0480807242015 18.3258768563999 18.1516235209445
TCGA-S3-AA14 3 13.9396068472887 13.4882962792197 15.4601495676086 14.7074389862285 15.9000724532451 18.8419710054094 16.6118078391035 18.125536273446 19.0572697284166 18.6824345218846 19.9740916901989 19.5046426419408 18.6560881250197 18.7237543434997
TCGA-A2-A4RX 8.37622404557915 14.2052127407655 13.3162628658107 15.3085925790544 14.4795643456991 15.9395897174168 17.5248066780651 16.5660281375107 18.2214770830305 18.6974331427588 18.4560612777535 20.3288657577371 20.2002525397589 18.8385070617884 18.5886399883997
TCGA-Z7-A8R6 6.16222299052185 14.0976033541476 11.7172924200898 14.6160100910759 13.5984072000357 16.7662757503594 19.9891315881094 15.6011228395141 18.6334364796501 19.1991475245198 17.6807716071492 19.5526035061185 19.9627608559801 18.8033865937621 19.2407676279139
TCGA-A2-A0EW 7.5491416781825 17.4544245594909 15.5394240808122 15.8550866530099 15.0887707874992 16.2331958173681 16.4401463852005 16.1766688588472 17.6398368907876 18.300903837766 18.2403456503806 19.7501332542142 19.7239598431876 18.0877694782644 18.5697037199405
TCGA-C8-A12W 6.41942887489189 15.1820645544162 13.1132031099322 13.5218471963667 14.1341008951984 15.6695960660707 19.4078176008193 16.08783692655 20.3666075246264 18.0968095047655 18.6933825128935 19.9382629641036 20.0014639761985 19.8407274305821 18.1851986215511
TCGA-A2-A0CV 7.29326732714081 13.9544572798135 14.9146491826278 15.0358494175314 13.5790734037769 16.6924582183725 18.9683525240357 17.3435335808654 17.1684315007125 18.4309898453941 18.3599144097432 19.8053321544648 19.7889290244044 18.2171295262644 18.8271376818679
TCGA-A8-A09E 3 12.4274370508551 13.1725401402731 13.8153141423983 13.6943152149557 15.9928650319874 18.08532312804 15.4398198674722 17.7199008235969 18.4688678761761 18.0126788302973 19.5441866574838 19.5025833571054 18.3511697224889 18.987161446926
TCGA-AR-A24N 5.87559680649486 11.0956866221452 13.7198510379157 14.2562886967543 13.4611836426984 14.9527355742975 17.4927321195917 15.92970242816 17.0126679003515 18.1630185388424 18.7056309716825 20.7002461222933 19.5017463593497 19.0394093321129 18.6162660684403
TCGA-BH-A0HA 8.68340478252751 12.6314434978529 14.7122540162777 14.8714480787499 14.6870650976795 16.9979407975215 18.0742762633539 17.8559746351527 18.1935901385693 18.502496821261 16.9824615812339 19.1754356512352 20.0826477970792 18.2587331843309 19.0823135188457
TCGA-A2-A0YC 3 13.3617796467665 14.0550197263162 14.5678462985169 14.8761929312506 15.6734375434446 16.8426159391296 16.1910151309937 17.896017551048 18.0254678194763 18.050165851268 20.5606241677622 19.5225786580524 18.6893566661493 18.8210129504736
TCGA-OL-A5RZ 8.61529198895604 15.1283554103948 12.2310533336908 14.199541014959 12.9610674572074 17.9159620284681 18.4351795498062 15.4253271380253 18.0646194035779 20.1472474965375 17.2604398281174 18.2940157440959 20.5855341293547 18.0331967459592 18.9802273021936
TCGA-A2-A0CR 7.35435400817088 14.9493286256879 14.6611832713445 16.3613990793739 15.243629201417 17.9777375815396 18.4929492491307 17.2481891554527 18.1101685655161 18.7163908546688 16.9176123852796 19.1155524734894 20.0002674563017 17.7543414346672 19.0469995268915
TCGA-OL-A5RX 6.30530503115433 14.9486278980273 13.9861910184482 15.7999758720524 13.8698186679802 16.8558269501103 17.6345397906602 17.6515899168231 17.831345659333 18.6648812682899 17.6797489437536 20.1973511171836 19.1065283704169 18.7882007605108 18.6643530440923
TCGA-AC-A3TN 8.09826138353595 17.8425472262489 13.6369341926737 14.627925291443 14.0287808966188 16.8543026547613 17.8335129842484 16.5664176905538 18.2043143366156 18.608728479181 17.0889282842998 19.5295946153365 19.0269574592705 18.3232529736902 18.5945363981481
TCGA-AQ-A04H 5.92726892519131 14.9202703132965 14.1750006034855 14.9513723455779 13.5258668368082 16.8957524576922 18.2043789501312 17.4433046790719 20.3244604218892 18.9705525368421 18.8459040368803 19.0569338079828 20.284387381399 18.7872156284805 18.8387804616917
TCGA-AC-A6IX 6.13532466082495 16.3276020254839 15.3980567770532 16.3360520147757 15.1792215178397 16.6305666244496 17.6800624605141 17.0454388745926 18.1867803751631 19.2190859603877 17.2583766554536 19.1968061278236 19.7202324835314 18.8515207072486 18.250863754981
TCGA-AR-A0U2 3 12.0087767297313 14.0159679339601 14.1216922704277 12.7435051491766 15.5480269120402 19.6675581549245 16.1805937416898 19.3840267131964 19.3431519821503 17.7213988920728 18.7019618516524 20.4243111094175 19.1264897872377 18.1071788799175
TCGA-AC-A3W6 6.32413671440358 15.3113221032187 15.3118376087968 16.7239820815304 15.3521265981785 16.8790547919107 18.179361976968 17.166227944491 18.7433580263055 19.3038585882275 17.5757952348878 19.3270141180367 19.8705926870096 18.7482768578949 18.6481736068517
TCGA-A2-A0ES 9.98764275752832 16.553498666146 14.2971179651333 14.9195026862381 13.5242185938615 16.6794780878956 17.2477016520926 16.6315810538478 17.9665804295215 18.2640522557461 18.1229824014336 20.094441674655 19.4244878608789 18.6532514742958 18.4262439518092
TCGA-AO-A03U 3 12.0565861285368 13.3442558420813 14.3700017142976 14.3822277529435 15.4145569186074 16.7652010986975 16.6172765053159 18.2496191935597 18.6444364622433 18.0908097576041 20.0933622250773 19.9072027298432 18.4383776909577 18.7238723612762
TCGA-AN-A0AL 6.31482175405105 11.3205994096815 14.7250848891833 15.0273908521846 14.9092064745057 16.7764406204537 18.4125376628914 18.0657073625693 18.6000453621893 19.3875645817098 17.2499670860501 19.2843020635198 20.1628921176669 18.7547555844466 19.0824036389451
TCGA-AR-A1AP 3 15.7912853509824 13.6565259591939 14.1378019809839 14.4158604736892 15.8736430879503 19.6750998581598 16.5493515786805 17.5223472576078 17.9471802965112 18.284436711642 19.8910376863586 19.4322338749666 18.2773078479452 18.4667233984725
TCGA-AC-A4ZE 3 17.1668218527881 13.7608808298623 16.1129742714524 13.991858167845 16.7040227944951 18.9401907372402 15.999230267708 18.7192599575539 18.7481085619617 17.7792693655244 19.3779604737357 19.7180312537046 19.0391173112582 18.6267904574641
TCGA-E2-A15C 3 14.4164980134023 13.9472185654116 13.8664107506624 13.0433399962841 16.880653945756 19.2019668816668 16.8279366768848 18.1354425553959 18.4199939047036 18.2993502584583 19.7972763097213 19.3768373964436 18.3138618640872 18.3844849973296
TCGA-B6-A1KI 5.84120424205909 17.2563763333245 14.9931748647319 15.1307353232509 14.6845853318802 15.3707889304706 17.6950561560174 17.596195187676 18.6447448243538 17.852116843431 18.2676021939854 20.0844430978618 20.0817375831469 18.5510146568134 18.6290981575826
TCGA-AR-A24T 7.43875292328473 13.8528417350783 15.5528465939091 15.0447760009987 14.0361397027931 15.5342949763967 16.7425855710981 16.6621402137091 18.2995630356294 17.5387637131239 17.6150858235425 19.8812194262238 19.8530127291064 19.211891877428 18.4485885322644
TCGA-AN-A0XR 3 11.2987346074217 12.4268304349732 14.4570775856489 14.6845188911396 16.75948339289 18.5854290486734 15.8885500008825 17.7435162802771 18.945376145666 17.7930766118753 18.9075997617215 19.7440990548853 18.4422449230174 18.7542066831057
TCGA-AC-A62Y 6.3064044879497 12.9725526782168 13.7621574242665 14.9162339800679 14.6226331144867 16.4651932652846 18.6898248076302 16.7396098756562 17.4124279038322 18.7275037745846 17.7987354777843 19.2924563718714 20.0718066076946 18.0853183845745 18.6074218568105
TCGA-A2-A1FV 8.03355213378654 17.3252135655683 14.8747689737853 14.8307208757132 13.4536123785855 15.4221840594233 15.9364439284029 15.8020557533858 17.7908103751255 16.4620545220952 18.2831552222908 19.6529537835419 20.1000338534143 19.8635278683998 18.1179121368834
TCGA-B6-A0RT 7.40083919166587 14.1355819401247 13.3695355346865 15.221128437764 14.7256356285954 17.1152370765185 16.462057175354 16.7357188858397 16.6380793105774 18.3106201768149 17.8652962802661 19.4097799236401 20.1372327902017 19.0851905799366 18.3031660881874
TCGA-AN-A0FN 6.04159819151571 15.6098371468311 15.6785850316173 16.4177483416304 15.8586873329981 15.7412856299136 16.2908522297169 17.7267817376212 18.9712432977909 18.0225081511632 17.5105404144475 19.7264372277496 20.4200079707824 18.4589919039573 18.8083797756264
TCGA-A2-A25C 6.34867648456013 12.6331899010831 13.86039844821 14.9959113590335 14.759062772944 15.1858712069727 17.7498017464228 16.3809497029925 17.6388967281245 19.1767828611079 18.3827227985702 19.668620456152 20.3847209605732 18.8875654240154 18.594292427314
TCGA-BH-A1FG 9.50958033011251 16.8940396111235 13.3683446818801 13.5175968391939 12.6010911411395 16.0576237161418 19.032954902513 15.8396076232348 17.9864218872448 17.79996454875 18.3713686391119 20.1714114731373 19.620830606061 18.8426828267993 18.8466640358351
TCGA-BH-A18M 8.02542269842399 14.4542022731715 14.3266194058236 14.8274391811894 14.7329061952942 16.5311782635719 17.7361508134495 16.4856464789438 17.5969411345401 18.2287353219777 18.4054032152902 20.0258215595387 19.5957808081847 18.2913992802016 18.9716292544925
TCGA-AR-A24M 3 12.8071432600696 13.713459919535 13.7313209608299 13.4265838926259 14.8640996347059 17.8013839044575 16.5220580507335 17.5796397888585 18.3329622118966 18.1073096222599 20.2236165682718 19.8698845505711 19.0441217761466 18.4955526996079
TCGA-A2-A04T 11.8438454195159 13.3030239025656 11.936609925483 12.8500903399034 13.0250976740081 16.2164794760398 16.0786609581643 16.2776955635965 17.1009842000062 18.4234080655937 17.898491151076 19.0674903324416 19.5095758382351 18.9379139122081 18.5207839019265
TCGA-D8-A1XM 3 15.1882093693458 14.205520510813 14.0012118361208 14.9472746338246 15.0678236791934 16.8856009759195 15.8979938238358 17.8891023817284 18.1110556685904 18.5112028303752 20.6901433661093 20.0434007293078 18.6952924319819 18.7672219674735
TCGA-A2-A0YI 5.88353612255971 14.8142370550679 15.1795298838358 15.0446770149449 14.168850253266 16.1775288568536 17.822319413247 16.1557139290841 17.6169840742643 17.8659112674721 18.5675193695204 20.2662676293326 19.632047227557 18.8459094905169 18.4733948587747
TCGA-BH-A0HY 7.16346046927092 17.4826605303322 14.0021186049183 14.2704322492125 14.8486839644299 15.9113868347992 18.9687307849428 16.1007286602548 18.1228484351255 19.6968938044861 17.633690854492 19.5719145146683 19.6027441273536 19.1083703229166 18.694562260594
TCGA-A2-A04X 3 11.1445784544346 13.170333124449 14.5727905611753 13.3139646578806 14.4071173413288 19.332445836978 17.0531424481931 18.2626779316146 18.6282288116389 17.610800043944 18.6170580108097 20.0673745837589 18.2279318168617 18.6728133054221
TCGA-A8-A0A9 3 11.612147639152 12.3549588927534 13.777364763689 13.5710263565706 17.0030550553106 19.4727841549386 16.3126069923044 17.6357734523999 18.335002571311 17.8739247473445 19.960470584801 19.4007740616791 18.5372870348108 18.6555291601711
TCGA-AN-A0XN 8.49283801463323 11.9119373637461 14.0557702394446 13.7113223037356 14.4734106830294 16.1429116740362 18.5887285808729 17.2966227512905 18.5220474471637 17.6216160629058 18.2726444533462 19.8998778099304 20.0057152558451 18.689328255684 18.6990618865807
TCGA-D8-A1JF 5.90499230478298 11.2583837286851 13.7017518162836 12.9356704980219 13.5979877917553 14.2054099804226 20.3204707964451 15.898253235083 16.8774971437209 17.9392579550588 19.0264701175598 19.9653060950451 20.5910649659025 18.8343853213513 18.2375102915525
TCGA-GM-A2DK 7.41276421302111 16.4403081061519 13.336494806484 15.9958766383504 15.3429562938793 17.7227855656102 18.2780020206737 17.1440142486051 19.2450562598063 18.0276465436437 18.0138812142007 19.0735417685853 19.9765024814817 17.8287036216803 19.0376683378633
TCGA-GM-A2DH 5.66236473176406 15.5051525181133 13.1381337086911 13.8643172438899 13.6312322274326 15.9078384165833 16.9549136625766 15.0028608352026 16.8118783493127 18.9136554938099 18.0522852653171 19.285902509552 19.9641224713424 19.0867695259368 18.6432129774911
TCGA-BH-A0BO 9.41554970205563 15.8435418948696 15.0844435173539 15.9836923017725 15.0894166449437 15.6735364593527 16.8333516973149 17.4880299166579 18.2561389108396 18.2866775200432 18.2869371800912 20.7287954768201 19.7589334286894 18.522320120111 18.3610520598907
TCGA-B6-A0WX 3 13.9974465131211 14.1586081625684 14.0039608199821 14.3551600683393 16.298849405207 16.738258073007 17.7563380259436 17.6991453911608 17.2876636966971 17.2563046112601 19.2060919579346 19.4058166355238 18.173529654471 19.0291612994664
TCGA-A1-A0SF 3 16.8607854673344 14.9354647028159 14.4730507691082 13.4208068493303 17.395791989688 18.0915443361822 15.6750297995938 17.7476997379068 18.5697022248252 17.3093370457663 19.2748876203307 20.0174654931122 19.0139041475422 18.8513806767865
TCGA-A2-A0CT 9.25943875042857 17.5903725648362 14.2169582740901 13.6058308724956 12.7951402284762 15.6207730720229 17.8793309061998 15.92767033639 18.1439624633553 17.9525672462879 17.7883720475937 19.052985641306 19.8998863343315 18.8777460646979 18.1067929196453
TCGA-A2-A04Q 3 13.3831044908532 12.8786725282363 14.314231501455 14.4349105929566 15.9042141577562 15.805528499036 17.3902106523533 17.3844986175558 17.6931272941089 17.5923864803517 20.0256414405612 19.6695422407412 18.1581086439932 18.6139061790783
TCGA-C8-A3M7 5.99355530639524 15.2557018779042 16.3161441168427 17.2723501123258 14.9262802865749 16.5350558860229 18.2878671775303 17.1447331277692 18.2482790968219 18.7548699572019 18.2256691377431 18.9568734126784 20.1347949861859 18.8479088798192 18.1037488731101
TCGA-AO-A0JG 5.90537927530277 15.1709007197532 14.9339099835895 15.5559291195469 13.7761133175971 16.0157802233496 17.2985626976305 16.6503101411431 18.0231730324702 18.3961108367132 17.5170326492359 19.0709794043636 20.0069012041657 18.2775106987408 18.5377452815986
TCGA-BH-A0BC 3 16.200424823447 14.5630741846329 15.4016112104919 15.4074657326055 16.6459966279099 18.1189541379254 16.4637720874137 18.6044894692846 18.8043636306608 17.435305517819 19.2395843282839 19.956061464713 18.6214235540553 18.7216046178558
TCGA-B6-A0IQ 3 11.8429964948804 12.6553047124203 13.1853808346684 12.2396457717383 16.6345123513084 17.7359262493282 15.7356555553354 16.1776236670661 17.4222081553728 17.1722572690255 18.9791091754976 19.0988827263184 18.8906699286509 19.0692587649324
TCGA-A2-A0EN 3 16.7770334218942 14.3965673576166 15.5150007707398 15.3183729782181 15.8352627398092 17.130903871131 16.8053246360489 17.8025029570662 18.1634061472282 18.0360074295034 20.3900479489172 20.0898812460109 18.4158207261571 18.7157226504171
TCGA-AC-A2FO 6.16514258284465 17.8426020317538 15.6242660396168 16.0299884922454 13.9813245467816 16.4270216633247 17.3771905831273 16.2311096719654 18.3612636902325 18.1017911347014 17.8416880097052 19.7410454707646 19.6463263899738 18.5910061812707 18.1659602518798
TCGA-BH-A0B5 3 15.7693494079858 13.5562813631803 14.7678937049862 14.6422961451013 15.6296513032596 17.8564020384918 16.112737772482 18.0447424929062 18.3760432719308 17.9106958569705 19.6448436124212 19.3608128567466 18.4417622388105 18.4560587240497
TCGA-5L-AAT0 7.75751600629907 14.9208366519242 14.2336516422035 15.1281005765813 14.5543622271478 16.6235538403827 17.9240958670154 16.5960685823697 18.500138149113 18.4704360509802 17.0426120447564 19.4145221610813 19.4705761247288 18.9226030133004 18.7350509816081
TCGA-A7-A4SC 8.64617654465486 17.8465828065153 14.8134225264984 16.3074464211133 14.8965932395518 16.3611226388619 17.4842671593309 16.5358992102749 17.840941831953 18.42531271227 18.1116722542549 20.1622682923107 19.167395482767 17.9585605245575 18.721956946801
TCGA-AC-A3BB 7.06344834766944 15.8856171979221 15.0896479656104 15.8668614384923 15.6487440029749 17.1807281112638 18.0287447723538 16.4811113203863 18.0594381757156 18.7071726926458 17.8991712815663 19.6288308582851 19.9068099325342 18.0138046483071 18.9045682877708
TCGA-AR-A1AY 6.14414131323974 12.0722011635879 12.4731278957249 13.1430895553841 13.3596682008701 15.4431325341773 15.7808505271332 15.9257834682834 16.8425113098636 17.9263488238319 19.191963967143 19.6321165616406 18.9206976928239 19.1174600409436 19.136200886396
TCGA-A8-A06Q 5.74545751564864 12.3245741954364 12.4631274900268 11.6494606217854 12.2484645107411 14.3561819751472 17.8931599086975 13.8870921318315 16.9040873975583 18.6635891203819 18.568666014674 18.5479323977825 20.1579313300989 18.4465739360678 18.7535674675405
TCGA-A2-A0T0 14.9003755916887 10.484543079299 12.0836444633846 12.9048668500279 12.7570364523262 15.6793139841822 17.0630962804556 16.3998158237957 17.1977672288122 19.2431944173418 18.5672716620505 19.5194732059922 20.1852514291791 18.8943673591418 18.9277461294569
TCGA-A7-A4SA 3 18.8526762864108 13.3958939788657 15.1744690308709 15.4763081980086 17.7358856633786 18.1172111039996 15.6792913960578 18.9535927452161 18.810185526661 17.5200438887869 19.3442329886341 19.3587648199436 18.0645639434847 18.6435724012346
TCGA-A2-A3KC 7.97492826886718 15.8594540502943 14.7805299422721 16.537711614197 14.4545479990471 17.0155134208083 17.7880929233402 16.8146387420312 18.4977886241615 18.4472752986667 17.4482732403764 19.6316332074831 19.5173608168331 18.301484033329 18.5350936915569
TCGA-BH-A0H0 3 17.556396238774 13.4385179591601 15.0295883439634 13.4737598019615 16.6336202716745 18.1942012588063 15.4626106865256 18.2348863804199 18.5759821919823 18.3352196246786 18.5396051426345 19.969667489435 19.2995667990831 17.3280452426202
TCGA-A8-A07O 3 12.439032230588 11.7304128797913 14.1119621853596 13.0577808485952 17.2982969117784 17.8986724412957 15.7370675796357 17.997672599928 17.3564067120391 18.9411569862665 20.6454999319666 19.0367064229101 19.1179253422511 17.646775535796
TCGA-A2-A25A 7.59305966781344 14.7134597234944 15.8422713191315 16.7599057577706 14.4787815387781 16.6257411075111 17.4523771486564 17.4563291327311 18.2082726527892 18.4393308838224 17.9891621233869 19.522219504198 19.9750408845864 18.6074018829027 18.6431060462029
TCGA-LL-A441 6.7634337835295 14.4151351427859 14.0924801385313 15.8997894828085 14.7175070594148 17.3325508670997 17.4572410864393 16.3552262031867 16.9838351113488 17.9741200709085 17.2722694852354 19.2655941113184 19.2620189767361 18.8578824387585 18.2887563502822
TCGA-A2-A0YT 12.4462879437693 14.541044838746 13.9822206116403 15.0049518882452 13.4258287151541 15.9411201353731 19.0150925321175 16.1571553679028 18.9196145767365 18.6458004029349 18.1784600774161 19.0479827147067 20.5221826268723 18.8825728885323 18.8147257215127
TCGA-E2-A14U 3 15.7049286428715 12.1345464301819 15.3602097541115 12.5023665194467 17.4424411057136 18.0079965843004 17.4189144459245 17.9066131424139 18.5870573168325 17.7090172901927 19.5772542411452 19.2053069079097 18.4710733294217 18.6284444630817
TCGA-A8-A083 3 12.587455994369 12.3912041272762 13.6627838515807 11.9575040597973 15.1153842549966 18.3753128829817 16.2491050353393 17.4231699521116 18.2914133896401 17.7836805536602 19.8981412883897 19.4647225196962 18.6701041822212 19.0237318485272
