X114 X111 X5136 X196883 X54331 X5153 X5575 X2791 X5499 X5576 X801 X5566
TCGA-BH-A0HW 3 12.6852486311008 12.3826920375119 14.4766206207418 14.6327375627311 11.9141928186665 16.0748031179277 16.4774931884556 20.2099728582034 17.4286332536239 19.8079095558819 18.6187042554512
TCGA-BH-A18S 11.2656892744342 13.8347579408801 13.0705943635003 14.1776554936116 14.762837733813 13.5872191202752 14.2085413298883 16.5266677847611 20.2012489646898 18.079908292943 19.0632019991675 18.4718681754503
TCGA-D8-A27E 10.892073566505 15.1541919947944 12.4641162407888 14.3621378980192 14.7110455430559 12.2439208363557 15.9525125023995 16.4675919404428 19.8766704271901 18.5434744480116 20.1215868467701 18.7199024879425
TCGA-E2-A1IH 3 13.4849468839542 14.944395520319 15.6604350895837 17.1949021176884 14.9355549698791 14.8393389233858 18.9770243926935 19.810038838747 17.9865672127818 19.9525023579274 19.3662660399495
TCGA-A8-A091 7.70414187409255 18.6532768621625 14.3342674801033 14.9664763999006 15.6162493142996 13.8213406943921 15.7540953721929 16.8515456800278 19.1849074007248 18.0163813168802 20.491519337285 18.6931627950941
TCGA-A2-A04W 6.74266179726588 14.5410803327678 13.868521233337 13.7185884315695 15.1405219132566 14.2199095022757 17.0863724418787 17.378095896124 20.5374291822927 18.248150677142 20.3249905147091 19.33313595392
TCGA-D8-A1X5 3 18.5542064010153 12.5685945960354 13.5449566906913 14.861915720857 13.4168992595068 15.9266726882878 16.2669250443413 20.8145428456873 17.9367979797621 20.2365488836515 18.4089870635851
TCGA-BH-A5J0 6.52313870618241 16.3524270918135 13.7996898825348 15.1180918774359 15.8217542415279 14.1261044088835 17.2619243930031 18.399980081025 21.0852141001552 16.9752263497118 20.4457220175046 18.9404763767419
TCGA-A2-A1G1 3 11.0320622067339 13.6285510149581 13.8147883873154 15.8951384980923 13.893825276103 15.3726918791386 16.6523644673666 20.2133784502144 18.9465962569149 20.1011583830785 18.871086021287
TCGA-A8-A097 7.54653045189876 13.8674423848339 13.730375164369 14.3984313437531 15.9940912592225 14.0431507655099 14.6066613583801 16.8887817744787 20.0778125687304 18.729443525717 19.6746756643904 19.1804551259893
TCGA-C8-A130 3 13.1566615729758 14.0177362808171 15.5317582755369 15.6931072196799 14.4605089948037 16.5239026735287 17.7659120162051 21.2018853056605 17.4141353464249 20.3660937969976 19.3135360539366
TCGA-A8-A0AD 3 16.2953745064563 12.623740069911 13.7134765652971 16.2536436464815 13.9329108795839 16.0189203783188 16.6691064624656 20.0365528391963 18.5009033782872 19.6650003230071 18.4846746560628
TCGA-A2-A0YL 7.45354325003665 14.941930210531 15.1429426781282 15.1414600632413 16.104452905235 13.677027788388 16.7605539474322 17.8662781911967 19.8180847574667 17.6959511531517 19.5861731652433 18.4920909571929
TCGA-A8-A09G 6.8187630498853 16.5275317578839 14.071509034436 14.1867559101127 15.6207993839265 13.9595012745323 15.7508052702237 16.4700211057517 20.4959049405718 19.0645350061441 20.2627500592258 18.1983227049013
TCGA-A2-A25E 8.37214773696432 13.339042320323 13.1997064075238 14.3874474467297 15.4439410231683 13.2757476038088 16.1662234880544 17.1300147257891 19.0877331334507 17.6598883300102 19.7726044896768 18.6980769058058
TCGA-LL-A73Y 9.51032375515347 13.8441598421685 14.3210401618411 15.4969738596611 16.5208784390719 14.1964497020509 16.4538033107946 17.8273483679995 19.7201619308366 17.6793010703685 19.8654380842994 18.4368980162612
TCGA-AR-A1AK 11.1455136812917 17.0149279162968 14.3437149645977 16.4699058142121 16.2973890571548 14.3614156067075 16.2897451911184 18.006767297466 20.8824066755949 17.8564998471057 19.5713693449748 19.1321712210009
TCGA-LL-A740 7.24512045384381 12.1348217046752 14.6217518586414 15.2699349083869 15.9148628073892 13.9986845180526 15.7875718417597 17.9037054683041 20.443410405044 18.4054958885003 20.1788145643735 18.279773402801
TCGA-A7-A425 8.58653319522621 15.5837121266708 13.4031694055608 16.3113275299364 15.8176343087685 15.6385787351894 17.1774874870685 18.2331393986663 21.1077006240851 17.6932213560824 19.2354793129539 18.4199934561384
TCGA-AN-A0XO 5.87427915478252 14.5426317839924 13.3538083444669 13.1223798136542 15.1389362534704 13.1367176948574 15.8995880050486 16.9902553312611 20.2785057348527 18.5289924392934 19.8554745057299 18.5581792941473
TCGA-AC-A3W7 6.75454584410486 16.558081497796 14.3405766694867 15.6656379865368 15.2585327552056 14.0284124094067 17.0882612912488 17.4201123052934 20.360012361369 17.983887795679 19.4184787970421 18.6360652958727
TCGA-BH-A0H5 9.73578090976983 17.3000841642953 14.5521046188574 15.2455560457781 17.4929337314492 14.7636949843663 16.5952820632955 17.320466706491 20.3372993226339 17.9764236346099 19.6417070595003 18.4987669076571
TCGA-C8-A1HL 3 13.9819601820578 15.2086847114346 15.6599559655402 16.6778268103793 14.2130914767416 16.9930076598948 18.6894485921464 22.0042329598534 17.9266285625751 21.2947088535627 18.8167222083532
TCGA-A2-A0YF 6.68310606124205 12.437333244637 14.5371162463463 16.9242057193111 15.9321080034935 14.0709687908562 14.8698958541571 17.5913112994758 20.5913693707682 18.5686321176476 20.0673688514616 19.0131731118139
TCGA-E2-A15J 7.61637788924084 12.8828423933526 12.0591707454282 13.7977929534277 14.2877945183734 11.3498566493158 16.2333423585924 15.6536476640317 20.1334172487022 18.2648266943805 18.7874192862667 18.9639376749251
TCGA-BH-A0BW 3 12.5995235539737 12.1811136048204 13.0430818405631 17.0517217834194 13.2003282420988 13.9401852044595 15.5990237731636 19.7167703092467 17.553434720617 19.2659075167557 17.44037667576
TCGA-A1-A0SJ 7.10504225651548 15.9665841414674 14.7351675404728 14.9179564001314 15.9722836219089 14.4034380877592 17.3030094270627 17.8191533053199 19.9783805724465 18.383071292615 20.883440922299 18.4729307651209
TCGA-A2-A0EY 9.55406642718453 17.0380979177538 13.4397363133385 14.2659691945051 15.5107756160785 13.388789375757 15.2572983983709 16.5291970970032 20.5182418162607 18.3912954266336 19.4569839589758 19.3405143620118
TCGA-A8-A07R 3 14.7296215277156 10.951060869128 12.3438106321253 13.5726277544387 13.071606993898 15.6944754573858 15.4027789203356 20.7661221611752 17.8121976491113 19.9357023957624 18.5114213698996
TCGA-BH-A18G 11.8377013413036 10.6091221824642 12.5726436790606 12.1085019738147 14.8801094595554 12.5299452698693 15.9100063198359 16.2541274652617 20.8348468793234 16.7341582044998 20.618538615852 18.7224729398465
TCGA-BH-A0BR 8.59198540090571 12.7550984642029 14.3404378664239 14.6803114331797 15.9366566972952 15.382100112936 16.9407637423615 17.5574213644184 20.4701525385145 17.8252729793234 20.1182711064636 19.1137877697081
TCGA-A8-A06N 3 18.4229453233658 10.849765185961 12.8153765503578 13.6633154403935 11.519509383567 17.8044978451093 15.3835463699218 20.0524986666517 17.6681537899806 20.2102928048373 17.9949407439065
TCGA-AO-A03M 10.2285724101007 13.4451754858817 12.8316718463213 13.6233171950308 15.8963844596216 13.1472916888245 17.225044751608 17.1797690678106 20.3770270010143 17.9981624344244 20.3919522624626 18.5039129692723
TCGA-A8-A09X 3 11.8532877891824 14.3206612926632 14.4440487023638 15.9687734526587 14.7855519219452 17.7757334048954 17.3991199087257 20.6424976267198 17.4280025987605 20.5518614110692 18.4228210028821
TCGA-E2-A1LS 3 10.0104778343124 14.0809690620087 12.9210252370856 14.543175190137 13.1664704516336 16.4353939809226 17.4944880931193 19.7555339883835 18.2103037930691 19.3927130610336 19.0234832816529
TCGA-AC-A5XS 6.48484964668406 15.8476539730536 14.0272794500471 15.7417327199179 16.0596114763223 14.6037994768067 17.5841936878184 18.7644516265209 20.9077429813934 16.6457195777402 19.9804263201704 18.1623153680293
TCGA-AC-A23E 5.93053066305973 14.3317943446397 13.8724443755222 13.2112853956307 16.3287515731181 14.5492318331772 15.7730309825503 17.5010909681644 19.7892370834061 18.5801681105826 19.9199345783104 18.9287430119105
TCGA-A8-A06Y 3 11.202888214266 12.8888457961337 13.4612883342585 13.8549752914049 12.5235774941101 16.1843557879374 16.6974528665343 20.1051275076488 18.3499536293352 20.6926657146222 18.4639774039295
TCGA-BH-A0H3 7.41043696017499 14.2964334471033 15.7980655561667 14.9887472858431 16.6241078100448 13.6414354682648 15.9145591078161 18.1571181825663 19.4328587685118 18.4465771151434 19.6763532417929 18.7192400644105
TCGA-AR-A2LJ 3 15.2919547202074 14.5275798686818 15.4275004877649 16.2538522684097 16.1768998467476 18.0886983100709 18.421558944689 21.1299936346227 17.2124680380459 19.5678380626708 18.9333520203658
TCGA-A8-A06U 3 13.2545484136496 12.7440911789438 13.7107951921151 14.8357868065591 12.593889243274 15.0992643306627 16.3087343765501 20.6549997121887 17.3472669052142 19.5561437885511 18.9225029825248
TCGA-D8-A1X6 3 19.4056995389958 12.2059191769467 13.922307603071 15.3439959327127 13.3265874185846 15.5370968334995 16.3766470371761 19.8121657992823 18.3806595756128 19.8590922735331 18.9645080583894
TCGA-A7-A6VY 7.56050651165988 11.7349106440002 11.2253899583256 12.7262246295516 14.7757082509365 12.7800231856332 17.8447092102494 16.4625430040574 20.9599798654921 17.4215304157454 19.550748418252 18.9047849830938
TCGA-E2-A15O 6.29982309498683 14.0397662589204 12.7061006326327 14.3018935534112 14.4056508290815 12.8698432573105 17.7499001639106 15.8581120190568 21.9523439272144 18.1949822285044 20.0188821645735 18.6532149578201
TCGA-A2-A0CY 6.8619272367126 11.097425792768 12.4836704379909 13.0105475710051 14.2469059802781 11.8677908293766 17.0549486625234 17.3817866876986 21.2668192566138 17.0713357813695 19.4441836612783 19.6713471134332
TCGA-OL-A6VO 6.96432182902543 10.550578001254 11.8315399179472 13.9605254996745 16.4931050511402 13.5711753191435 17.3306370117471 16.2384749551619 20.7533114032148 18.2594768253321 19.9239858528318 18.1212746865394
TCGA-A2-A0CL 6.1217561373363 16.3312452523855 13.8840001278406 15.4416915761226 17.1012581174399 15.3046496392116 16.2476628740544 17.7828034090835 20.6748885457357 17.6205621713448 19.7448449056397 18.4441684143115
TCGA-AR-A0TQ 9.58900184484269 18.3946999746703 13.5235142086399 14.7744960195787 16.0452383448183 14.8351842425504 17.26039712454 17.0442163587789 20.5580251726141 17.9105914474933 20.3191151321874 18.2678087564678
TCGA-E2-A573 6.32805141719669 11.7959336086137 12.8878398834388 14.5480859973649 15.8104710657447 13.6692454547847 17.5732784488412 17.2259927620981 20.753293765308 17.1858419472433 19.7760657603883 18.5281322944382
TCGA-A2-A0CW 3 17.6029678463056 12.6537725332033 13.6317543412549 14.2670144641222 13.4106773516961 17.5696443643453 16.1994027439189 21.0375480099261 17.6694099979633 19.6365097798822 18.3013220307418
TCGA-AC-A3EH 9.3125050199229 18.6229248514066 13.4042480663257 13.7654797352106 14.9110822713652 12.6536672498689 16.6686507285636 16.4564564999283 20.6265926629101 18.3499064059775 19.6091110193218 19.5091956568429
TCGA-A2-A3XX 12.0996876806679 15.4685612658706 12.4881704362082 15.7136624537832 14.7722817467455 13.6456359459018 17.6451809536849 16.7924811261385 20.2664520676186 17.3429288845676 19.4170235752294 17.9034920319361
TCGA-AO-A1KQ 8.44767438500349 10.4922566134228 12.5013233009762 14.2957416742637 15.4941266816725 14.0268509409414 15.3660557392399 17.887447709769 21.0918219100776 17.635002487433 20.0512055041684 18.7693786328085
TCGA-BH-A0HN 6.64145401190871 17.1051434270427 11.7969233691403 13.7291791654178 13.7990241951255 12.5089243252909 16.8823051453413 15.4799387011651 20.6029481385155 17.7400882363112 19.7670421533723 19.4761093887164
TCGA-AR-A1AR 7.08817332465661 12.8378555470621 13.5607398788243 14.2537010580708 16.8779673432568 15.8186904916584 15.7493320748224 17.3474698379533 20.0100417027356 19.0109651826094 20.1468398468278 18.9522142566076
TCGA-AO-A0JD 3 14.1237627368865 12.3931106088635 12.8044861659564 14.6421987285722 12.9163296173419 17.4997643100025 16.2855147491264 22.2183887017211 18.8699736893274 20.5286485062345 18.9020681094902
TCGA-A7-A0CG 3 16.3032308865505 16.2852712461012 14.8814328984315 16.9648534870621 15.2590690872481 16.2129800457455 18.012736920245 20.2304402490555 18.5490780166881 19.9042487730672 18.4738667904532
TCGA-A2-A0T4 3 14.2139112599284 14.6079477908287 15.2746812971366 17.178019459854 14.9065708539755 16.8888063717861 18.849290729902 20.8431312544846 17.7406440522387 20.3209127011912 18.8292338610481
TCGA-B6-A400 8.49315540929047 12.7033244016829 11.405732225534 14.288969764369 15.8709748499503 13.9972241758764 16.8556268806012 16.57065041657 20.9084359511355 17.1694145369247 19.6202466705065 18.6131557552085
TCGA-E2-A576 3 13.0467259820726 13.4255740241676 15.8382999071511 14.8590768067229 13.7922536232218 18.125959432768 18.1758079222679 21.2463190416259 16.5113235200932 20.0536032830871 17.8491698775314
TCGA-BH-A0WA 7.95230084196111 13.9016742377439 12.6033209033056 13.8912785646576 15.7717031838675 13.152255159107 16.5242433557828 16.463766200763 20.3103582307931 18.4358424337033 19.5932896117636 18.7608797867333
TCGA-A1-A0SN 6.02295120314648 17.3160574171597 14.0208861139252 14.1691934749709 16.0657439725075 13.5030596252208 15.7301253020191 16.786724032231 21.0389842014115 18.4330209178005 20.0265217599383 18.5144760967853
TCGA-A2-A0T3 5.95575978016336 12.9324848451623 13.4802210488924 16.0190830437758 14.8976894423553 13.6229082215275 14.9857348309768 17.2824247929245 19.5218725852876 17.5164990095505 20.0230206832786 18.4962927130006
TCGA-BH-A0AZ 6.5404040043093 14.2340895098003 15.1779870219277 15.2153701264692 16.9259385572483 15.7471031932547 15.5677014289703 18.3560232681347 20.3982637428555 17.4267485862342 19.8618005264811 19.0779567155965
TCGA-A7-A4SE 8.27503783126371 12.9867724304201 13.4140480330967 15.3607815454163 15.1132973330777 14.9390813501261 17.1483868131781 17.0048139131213 20.3059961555022 17.6538635867988 19.4848380604999 18.5556392564578
TCGA-AQ-A1H2 5.74220567714289 16.7979215847431 11.2614356810765 13.1714689145427 13.9814566049502 12.7930569822664 16.3456795897907 15.8994987477332 20.8013237637135 17.9467690345208 19.985588951069 19.5465378389453
TCGA-A2-A1G6 7.87478415470122 15.9146319566499 14.3403972616719 15.4505806047402 16.68998385797 13.2729630626773 16.345850325811 18.6599144525062 19.537747144043 18.0760975061558 19.4210359002865 18.6142472477604
TCGA-A7-A13H 3 17.5643853425904 14.3975663339267 15.9234741641665 15.5576856245193 14.6025331405949 16.9642944564743 17.2620063611393 20.2878451200174 17.7361403769107 19.1487092439129 18.4386971042641
TCGA-B6-A0IP 6.69225137578995 15.3412365385515 13.1219149495299 14.8525289932203 15.2150192022287 13.2177971908705 15.597708609529 16.9210257650957 20.3832623531088 18.1085387619987 19.2638591678243 18.6614546384272
TCGA-A2-A0CZ 3 15.6262100311082 13.9817050265894 15.06622804872 17.0066267937238 15.8712477973626 16.4796547044161 18.4915534149104 20.402605434618 18.1389187119929 20.0638426298698 18.8878323522453
TCGA-AR-A2LK 5.89268045363607 14.1276165652364 13.2585939131619 13.7758531299227 15.2249923238711 14.0587699437789 14.6126456033068 16.1080079521948 21.6067270451666 18.3878779274331 19.9861715440832 17.8871952887035
TCGA-A8-A06R 3 13.6508495917405 13.6871003567014 13.7832947925419 16.4500424119019 13.7857430231104 16.2383463757167 17.9068823120696 20.7877234232997 17.9358631302854 20.0466046971514 18.1099382870999
TCGA-AC-A3YJ 3 11.3203888478177 13.3797279659688 14.7856254158436 15.3911036457667 13.5781630154183 17.1860831360093 17.4194410602783 20.7974236657182 17.0834898181632 19.7214618271944 18.4950236207768
TCGA-5T-A9QA 6.76996531331549 14.652768024177 12.2501033511151 14.0252478493081 12.8858113679853 11.7690179679787 15.5364995029568 16.1983161265916 20.2144610327929 17.5731447006621 19.6145097308273 18.271629520363
TCGA-A2-A0CM 3 11.7370448258968 12.31243438149 13.8202148226862 16.1800127674575 13.7489238687414 16.4559539779833 16.522330354503 20.093972160453 17.9047112753762 20.2624608041704 18.0424340925597
TCGA-A2-A0D2 3 11.6994319089416 13.1173502712487 14.2525781616829 15.2358510509739 13.743272600603 15.9634320820133 17.0982275882724 21.6658300990487 17.7854263891665 19.7552548883781 19.4610504267755
TCGA-A2-A4RW 7.7433523787487 17.3440805543841 14.7889155431872 16.5293906291452 15.845907728501 15.2977837399275 18.4368592683821 17.1803957955826 20.3100201218894 17.2777083515062 19.9240568305604 18.6762193953247
TCGA-A8-A095 3 13.6193273475667 13.7023246156574 13.7791282375347 15.6194758589021 13.6659762258319 16.0278655624473 17.4713739411247 20.1804119613269 17.9302624850846 19.777562601778 18.5892256716153
TCGA-A8-A09R 3 16.702005511849 12.5897473810981 13.7999682846327 15.5335888753618 13.4454085260848 14.6071422147518 16.4785111881524 19.5709958491729 18.5823214341539 19.8882310720092 18.5653874610954
TCGA-A2-A1FX 5.71882010297424 16.0437824799503 14.1880835745442 15.430774718711 15.4999460219158 13.7428229568954 15.8671195666752 17.2203735139453 20.6643922937292 18.3281841597685 19.977598856208 18.5073214047473
TCGA-A2-A0T6 5.92116667508023 14.7037974310693 14.8419193982534 14.5145346330989 16.838995733242 15.2821946292693 15.4453481013787 18.0328160734572 19.7987195429559 18.4550623717409 19.7540726561043 18.6244068954486
TCGA-E2-A15F 11.7770078861413 16.1512910800617 13.8461771108666 14.0521625950594 14.8328394982557 13.121592764423 15.7724024263868 15.9379535734134 19.8448849312043 18.9371009226446 19.4087650296075 18.8969059267082
TCGA-A7-A3IZ 3 18.3190004953817 13.5319215661798 14.8166323758859 15.5740874091113 12.5788120054288 15.3805976429359 16.3385020214348 21.7120366659319 18.0063986193975 20.0085893729654 18.5609185112317
TCGA-BH-A1EU 7.16428505063954 15.491579575617 15.8901553651239 15.2909589099547 17.5209943024921 14.8181445398263 15.2233251535735 18.287593792668 19.2908727765917 18.4510350553827 19.8396190418174 18.4292771572954
TCGA-AN-A04A 3 13.739265337474 14.0449232224264 13.9242860202016 16.3137489088904 14.6610119799839 16.4944890122963 17.3850707470875 20.2537009668251 18.1657230580633 20.7664051663732 18.8184833233876
TCGA-A7-A0CD 3 12.7042691921298 14.0112132734283 13.3422343791151 15.3837474072327 13.5401889704748 14.6249449986061 17.1756005259057 20.2670380591095 18.5133134399092 19.0551001956504 18.2509697302814
TCGA-E2-A156 3 18.155243995558 11.9702860577289 13.6500766512117 14.5095413107218 11.6561524108742 16.4063278240102 16.1253013669837 19.8255997497897 18.4589640508396 19.1716095318986 18.8308068197185
TCGA-A2-A0D4 6.65038569897188 17.1261696388686 13.4068961573734 15.4662115981161 15.1594155170282 14.2407912994256 17.4235605831985 17.8271260293679 21.3113604457203 17.3582912166027 19.877087981212 18.3124258085013
TCGA-A2-A04R 3 12.4365477574125 13.2847056346982 14.6115363583906 14.795721175839 13.1100387049447 15.5421488385886 17.0461605304295 20.5878813021307 18.2490488627835 19.8399380123241 19.1630856471381
TCGA-AO-A0J4 7.82086258236713 12.8346800741807 12.1847983531529 14.2083135977513 15.7964750583234 13.7449995870383 15.3172447494063 16.3930483233195 20.2132879852195 17.5223497178459 19.396060382399 18.6083995219262
TCGA-A7-A6VW 6.47150914838889 12.0120647611515 10.2598254791499 13.2574610515928 13.9863360994614 14.0427298972081 17.7709919741308 16.330397035167 21.7288124975362 16.8334449980884 19.4942914146109 18.461854011556
TCGA-E2-A14Z 8.32126239190002 17.0930179967516 13.2885096016723 15.103597981719 15.8453510706205 14.4192284561126 16.2130252894788 17.3694074782394 20.4608898659325 18.7514435309856 19.5374609710704 19.0132257548858
TCGA-A7-A5ZX 3 15.6474418998006 13.8125583154512 15.1588768527863 15.9631759785899 13.4574953119573 17.1675945949134 18.2122573412533 20.0134623198503 17.4241476560032 19.0692566534579 18.2419357882184
TCGA-3C-AALI 6.68188553224045 16.8821034587383 13.1106866879436 15.3332241749033 15.0931144886355 13.2782448063368 17.6546633062159 16.8714042363532 20.9674942056846 16.6857504963754 19.9368263804169 18.8383820146179
TCGA-AC-A2B8 7.0617548082755 16.5200268909932 14.3882274685076 15.4572976352161 16.5140564971666 15.032784264585 15.6309235715974 17.9162855434883 19.7093254684497 18.5051819822683 19.5983287573311 18.4867007280324
TCGA-A1-A0SB 3 14.7513381898474 13.3016088719098 13.3520168141183 16.7940527568891 11.5207941532842 18.1173232412412 15.5825699611468 19.6519070110764 18.6856747359335 18.8730564389924 18.2581816039499
TCGA-E9-A229 5.75560998441476 12.9632157010288 13.5012750136243 14.1944564202218 16.1648835038627 14.2926608698909 15.6525406082439 17.5277721115595 19.9966802704641 17.7241424867415 19.4500979744478 18.3103462631803
TCGA-D8-A1JC 7.75303613354481 15.357585180831 14.0067091994309 13.222090260092 15.6486351348746 12.9129715979572 15.3740930829558 16.3731527008391 20.6503163858535 17.9155837925823 20.2703235650939 18.1849480866468
TCGA-A2-A0D1 3 11.2907242990728 12.602977856356 14.2361292619115 14.4428396950646 12.9669934377513 14.6233021342758 16.3846535298951 20.484189311475 17.2850950744316 20.7630622180914 19.1162064207801
TCGA-AC-A2QJ 6.99322217451582 11.3745398392254 15.1945193116739 15.9207488444518 17.9078393168915 16.0695316559068 17.1010498273055 19.4007913382803 21.9002878633729 17.0572634157876 20.1765500351761 19.2111307017721
TCGA-A2-A0CK 7.18577135877067 15.400999836314 14.814225824162 16.1446635767014 15.9373813054913 14.9131434786505 17.5414108710552 18.2926555509001 19.9252871022046 17.4067238704879 19.363710590726 18.7636764173939
TCGA-AQ-A7U7 7.66970767021694 15.416211022311 14.9452728757524 16.6163873048527 17.0226469828804 14.5923912510935 15.8343775281308 17.8555354407413 19.8949787666751 17.294659016317 19.417934088035 18.1641756526761
TCGA-D8-A1XU 3 17.7603879347549 13.7984788745022 14.9863687602544 15.7734297936172 14.053475539809 15.9577705354127 17.1261226177436 19.5686542901044 18.1021260651346 19.7030962457875 19.1380849056968
TCGA-D8-A1X8 6.00460782992167 16.4268538216809 15.0523134157575 14.9311002798539 16.2743666165924 14.5387316845096 15.9165523654871 18.2069696922742 19.9362692025493 18.1899770990349 19.9158429872744 18.6845293277295
TCGA-A2-A0SY 3 14.9954807392841 14.9681302221863 14.9232072379285 16.6931992018425 14.1235253239945 16.2281800002217 18.3268910317474 20.31779770136 18.1091847468648 19.691715025426 18.4450051124711
TCGA-BH-A42V 8.81996289619695 14.8370673238478 14.1584610489522 16.7984577871189 16.1732099051101 13.8785098397282 17.3194168866465 18.7441299158003 20.0572100129498 17.5486509338643 19.4874410112223 18.3482454146168
TCGA-A8-A08R 6.81844879694199 11.4281126731022 12.7377719436595 13.9241066701614 15.5426273283266 12.9820046211382 15.2734773679861 16.3026170750559 20.0958636028964 18.7115214753197 19.986291912171 19.6933069133498
TCGA-A1-A0SH 3 14.2429879820686 14.3115258052984 13.6448032449932 16.8684654829622 14.1148335892123 15.8045040569501 17.8614330156691 20.0500096596275 18.0544466305851 19.7145525968463 18.7469930170182
TCGA-AC-A2QI 3 13.52699865562 15.3298997377661 15.1405985471306 16.4840504564547 14.9173489372254 17.4110679797544 17.7851155560562 20.3647270398206 17.9097361152572 19.3941399208078 18.6572467678443
TCGA-AC-A2FM 6.93411162132992 16.6356116195806 13.8292828780924 15.1568951935027 15.1356503172962 13.8409816256491 15.5716849361512 17.483062552954 21.5083877734865 17.9622679843183 20.7616410511189 17.9974922000211
TCGA-AQ-A0Y5 7.04327238155669 15.598535731297 14.523301756571 13.4948043840803 16.2412376682089 12.9044311633858 15.2475129194417 17.5070972723635 19.7270488541124 19.028946976271 20.4956119633909 18.6309332251494
TCGA-BH-A1EV 6.24872100718853 15.4454780739913 13.0816705492717 13.5835495948238 15.4563968807028 12.2126588026202 15.0479548405122 16.7909257019673 19.7789609912316 18.7524559758291 20.0638020540291 18.8363203866248
TCGA-AC-A2FK 3 15.9466039461974 14.1770344517332 15.4688707068948 15.9995028081145 13.6409998484264 16.7473045394929 17.9374846390411 19.6120149046214 18.295181773965 19.328216135453 18.4683622761501
TCGA-A8-A07B 3 13.0175110974868 13.8076203260681 12.5365423562219 15.4193557017267 12.6942490333914 15.600377366086 16.5998947917788 19.2539380648713 17.8298440522838 20.859576054642 18.030033743685
TCGA-B6-A40B 3 12.6862341423496 12.8985175569464 15.639007050999 14.9562590770523 14.3916532380097 16.2137340579079 17.3917913427206 20.7156499089607 17.4305398915061 20.0085687401679 18.6588535157032
TCGA-AC-A2FB 3 18.426058944471 14.5199448246811 15.16811575607 16.9289002491717 13.5102400303079 16.6300622029497 17.6639419498692 19.9901080389421 18.2429731437981 19.7484092422491 18.4275494992807
TCGA-A2-A0CP 6.96490990783501 13.9183604073697 14.5729800562121 15.4472314835168 15.763383990356 15.2873507320764 16.9055760867524 18.3156473380344 20.4714790444263 17.7470964473746 19.7275710259727 19.3530565558557
TCGA-BH-A0BG 3 13.6456577709257 12.2442385021488 13.5104514454138 16.061706171075 13.5587456538594 16.3951662650951 16.7191664011343 20.4035159317326 17.6102785730831 19.5681298472788 17.8680711739694
TCGA-BH-A18K 7.02304058265154 14.5179499935859 14.0567583399748 14.4612723724914 16.1647522984458 14.1855461707214 15.9251198683578 17.872448427136 20.3115151103338 18.0493772123335 20.4187169549742 18.6454568720112
TCGA-A2-A0SX 5.95333218042098 13.3758707178676 13.2775617343669 14.2368785614549 16.6133365701485 14.3372330469581 15.0934804572125 16.6623684943229 19.9008147633449 17.5818748980976 19.5974570022793 18.7741978200324
TCGA-A8-A07F 8.57787641492361 11.420643927811 13.3340078177645 13.2968963678368 15.6905852994265 13.3893266217599 16.0448282414999 16.6411295577 19.9455996185383 18.218035962832 19.4069228241509 18.0177455402763
TCGA-BH-A1F2 6.78435442723443 15.6585162913091 14.3987173728463 14.6103257136882 16.9066476389617 15.0432378080966 13.7216515472939 18.4210193489282 19.8629249421997 18.6339037346699 20.3131510629763 18.6406627659016
TCGA-E2-A1BC 3 15.1073037399009 14.2128029950855 15.1588748145509 16.1894847641932 15.4470845648325 15.0317592188381 18.2639086123457 18.7358059312204 18.4791851324637 19.3895942921335 18.8701470032589
TCGA-LL-A440 10.177719032729 15.7997895472385 16.1347156005032 17.1551871768897 16.6840620913322 15.9005027027622 17.584858097351 18.7708220057765 20.0993392377489 17.5367103157501 19.5355865868943 18.6081324286998
TCGA-BH-A0W7 7.21232078801837 14.5645474727368 13.9247467565225 14.7379178365643 16.3270002481848 15.2706013129149 16.5812392072648 17.7744672332693 20.6061149499929 17.9165437187649 20.4998567943175 18.6490511881204
TCGA-A7-A3RF 9.49216428558641 12.2620841249549 13.9967896955938 13.726922246573 14.2285393027349 12.3596044403885 16.8183562958947 16.8097643892646 20.4919855208531 17.8812043985249 20.2460075174411 19.705456267987
TCGA-AN-A0FK 9.25294722329074 9.59260214642593 13.3201325022453 14.2391240930062 15.0109480247463 13.0061466194384 15.050266889463 16.9562309362208 21.2666350013783 17.9357799710965 19.8217464025578 19.146596737019
TCGA-AC-A2FE 5.9375810539152 16.8317966111097 14.0482539197934 15.4632216747981 16.6542422099171 14.8801710685203 17.2178598909768 17.8980546138019 19.6722238065358 17.9130578597715 19.6574578840958 18.7171637934951
TCGA-GM-A2DD 8.73606031774229 13.329761254326 13.8496573947152 15.1029425337371 16.7679047152472 15.041720501782 16.7187597216546 18.588428808636 20.0392473829975 17.7573501712434 20.0249188853083 19.0213653781771
TCGA-D8-A1XD 7.31315934431401 13.1974388410514 13.3348956507406 13.0889453593073 15.1774049767794 12.8171753076846 17.4769994226668 16.4296207162528 19.6755053232728 18.5280194397657 20.1783675326086 18.7033889522018
TCGA-AN-A0FZ 3 18.3443664890774 13.2126009559779 14.5712235883921 15.3948723723866 13.3123175089129 17.4028206892992 17.1750693886656 21.0611615022346 17.7139740885648 20.4286982655945 18.6777122395046
TCGA-A2-A04P 10.9112014851465 13.3495078133334 13.855095458393 14.9502091495095 15.9563805226548 14.5038131639272 17.8843396447991 18.0575611518026 20.9279175825861 17.0920192252612 20.7373771158043 20.1748965797898
TCGA-AN-A0XT 3 18.2030477801474 15.0459538739875 15.6053836998032 15.5773078968126 14.0687160481873 17.7701632418917 18.1814179559312 20.1075507615821 17.5419460157324 19.4729065743151 18.163237390985
TCGA-A8-A0A1 8.49654550207765 14.3625861084882 13.4138847262328 14.3814403157876 16.1561462858965 14.5986778708475 15.1676824988564 17.4934178012655 20.1020607783776 18.0993438033732 19.7144522774417 18.6017879185834
TCGA-A8-A084 3 14.9632268282164 12.1180147944264 12.1655494529956 14.5680647393452 13.2547414622763 16.8368410314627 16.3346893243025 20.4911374521129 18.0922928927684 19.5181410482376 18.8325494665976
TCGA-A8-A0AB 3 15.9398358138675 12.6903223519558 12.7309400188568 14.7507212403301 13.529044991393 16.9699118689638 15.7758109360845 20.0077790832464 18.6853066588445 19.5663854067551 18.5214598779134
TCGA-AR-A1AM 3 17.0111055985973 14.67599884682 15.4627911081817 15.7672962265518 14.8258262978934 17.2421643098163 17.7286843732252 20.3486519501088 18.1720206645771 19.6880480388335 18.9413857107554
TCGA-BH-A0B4 3 14.9101192922867 14.5329841974223 15.4652639021821 16.1184128154871 14.6280251259342 17.4695625727425 18.2848342739219 20.5140525715426 16.9678762507026 20.1004255475949 18.6933138252582
TCGA-A8-A09I 3 16.7876718742695 12.5619746788453 13.3327871691209 14.6528067743168 13.9402955030578 15.9505700197254 16.1373965106538 21.5544159848921 17.4031282326117 20.4345575604121 18.3515608992865
TCGA-A7-A5ZW 7.87906761115638 14.2101267666076 15.2149857228979 14.7359495640185 16.5527756210559 13.8100355876149 16.6793775274443 18.7593812483614 19.9661642837392 17.8789395310377 19.5787688552147 18.0055841476576
TCGA-E9-A1R4 3 16.3117895670352 13.0507285691196 14.7350663561405 15.2908077115278 14.478813506802 17.563988087758 16.1408615921045 19.9793673208341 17.9449793608977 19.681063303007 19.0338882884907
TCGA-A8-A085 5.60967304355024 12.9032914250209 13.2565682094242 14.5503446402237 15.7062115970456 13.1436066472616 17.5041029611791 17.1079708821834 21.1358354806593 18.4672568688871 19.5069484171464 18.4900217954002
TCGA-B6-A0RN 3 13.397374059454 13.1952072995207 13.3135379574002 16.0232478926631 13.4266067712287 15.4994973209703 18.1713310249391 20.0313427873028 17.9070111897883 19.3943636115125 18.7124994335067
TCGA-AC-A2FG 7.51137055061507 15.2273662853512 14.784330778597 15.3603142158864 15.8309051530974 14.4640238781352 15.9025136003233 18.0281170023754 19.9171389468596 18.1005977659323 19.3679905419735 18.3483552707362
TCGA-A8-A06O 3 14.6039834843006 14.4722610415737 13.5829469253036 15.364152341446 14.3239872591674 15.7049986592432 16.8388994905184 20.415577133989 19.0552120830623 19.8258459615586 18.5464091349022
TCGA-BH-A0BZ 3 15.8298001248673 13.4310852529434 14.1021287407883 16.1364898485247 14.3999913847985 16.8325881242879 17.6734024457077 21.1752349166372 16.8275378039212 20.0176130946914 19.081488937557
TCGA-AO-A0J9 6.28514823397497 15.2349118324773 14.9454059992793 16.329286918479 17.3882934679875 17.2300305155129 16.427912845666 19.7379274897811 19.9181377735324 17.326821891571 20.4132918367943 19.329162714615
TCGA-D8-A27P 6.21403064174684 15.8767289047015 13.6309445639151 14.179723452261 14.9408010334994 13.3261481880855 15.5589443280882 16.5198416115014 20.0967201399275 18.1839491112691 19.378657135512 18.7081010245376
TCGA-A8-A07J 3 14.3572246455007 14.6648301805475 14.8603844100328 16.8366465540217 15.9413298590448 16.0135146594051 18.6716913910541 20.0453432041355 17.4074780260234 19.7520572105821 18.7737528212659
TCGA-A8-A07I 7.38673600238012 12.5385565283633 12.9469482870482 13.5099355054138 15.4133124907066 14.5700140316857 14.5259738972061 16.4201320045961 20.0649842039973 18.473334399426 20.2595689971742 18.6184314684019
TCGA-A8-A08B 3 13.6948966502951 12.3834548046742 13.4211539201495 14.0422178174919 12.8351261262803 16.2763542512395 15.561137125186 20.4319799073293 17.7440774496226 20.0907015945495 18.1960745507139
TCGA-E9-A247 3 11.9868225136854 12.7357559440686 14.7897498893102 14.6158057710508 13.9793242756677 16.7200303574665 17.2337044530944 20.7139176552719 17.5242031279825 19.9950222945403 18.5492193742193
TCGA-BH-A1FJ 5.77818659463708 11.2671002290282 12.8854269240391 14.0575885885942 14.8110525942734 12.2328398126553 14.8301535833371 16.6420742520715 20.3583796586721 17.5343090973147 19.3974726889436 18.199032962544
TCGA-A7-A4SD 3 11.378757816866 11.5137734560516 13.1188258600971 15.017292782727 13.0030087059662 16.2700978932049 15.5082933678522 20.1064265678437 17.9393695945021 19.2936510008042 18.4069636826814
TCGA-A2-A0CU 3 17.416124835045 14.7593907478024 15.1759648972197 15.1810558762043 14.4872716584535 17.2138349357087 17.3228267722539 20.4709110557151 18.5848924517802 20.3516370072889 19.2719690530332
TCGA-BH-A0B8 6.50725422214882 13.2447123788842 13.6998787905327 14.1865156879181 15.2224167750353 14.0269051398584 15.5008899137442 16.7756433241182 20.3041786797954 17.6162159221105 20.0996136260495 18.7730148084547
TCGA-AR-A2LR 13.3106426416731 14.845229573888 13.7307641042281 14.9163848111075 17.9901697870183 14.8315706392623 17.2223096735509 16.9851168084132 19.9334387431328 18.132174221486 19.6016326946751 18.5855110243128
TCGA-BH-A0HI 7.63974357289312 16.254885785725 14.3080629957923 14.5709394345016 15.819980330228 13.969007259356 15.712787370593 17.6571211294656 20.5553057158269 17.9704769130057 19.538753770196 18.8631335391124
TCGA-AN-A0FW 12.5931862124326 13.8648135097901 14.6484645586953 14.5938791109235 15.7797974888304 15.1944107356051 16.5985587221245 17.7319909557705 20.8575162999369 18.2116079524371 18.9100557782533 18.2415842963729
TCGA-AC-A23C 3 14.4029750396895 13.8125583154512 14.5839571414894 15.7907897728756 13.594284243115 15.6841913429578 16.9218236352971 20.2080525411933 18.4495366676108 19.7342886326372 18.5805550726037
TCGA-B6-A0RI 8.84162905924508 12.222079644315 11.689118768762 14.5325435878537 15.1196772903672 14.0703929910635 16.0719920862485 16.0569252465677 20.2942285983445 18.2738078730087 19.4385210342485 19.2941214089067
TCGA-E2-A152 7.21546353389658 15.1508002064486 13.4696794690285 13.3223370314729 16.0052617017256 14.2458964984673 16.1386381066607 17.0234319860958 20.3939070227824 17.8618296712056 20.8402954967238 18.1631784701035
TCGA-A2-A3XV 3 10.9436693259693 13.0276832425953 14.6858670626045 14.8973502920705 14.2938968465244 17.9692511394112 18.7054755393245 21.445273738146 17.6540149234988 19.8313289678284 17.9457838875637
TCGA-B6-A0RO 5.9650128004408 16.0390934285419 14.2866768514714 13.0936938065901 14.4448283405119 13.0801109599882 16.6707834267336 17.2523741596251 20.7807440088799 17.7694632058544 20.6020575881852 18.4267468607882
TCGA-A8-A06T 3 11.5219551307063 13.179921586321 16.8620890746826 15.1040689728961 13.0703883445536 16.0496659182462 16.5075228521974 20.037071877365 18.9446423925357 19.6004435372118 18.3911490158986
TCGA-AO-A0JB 3 14.7194124820805 14.2781474803182 16.4265484125521 15.2649103687945 14.8941440924806 19.5654944021832 18.5080021759351 21.8851653318238 16.5614954003174 20.131111927416 19.2898574017866
TCGA-A2-A25D 9.08255336825632 18.1907483412617 14.428014459709 16.2237622197303 16.1106984466755 14.5750000991808 17.118961231645 18.3463234890894 20.2297184370391 17.9924471791957 19.7927720615056 18.7164309301234
TCGA-A8-A07P 3 15.2237172993563 13.8878146221383 13.024581382403 15.589583252131 13.7099184233853 16.4715594189665 17.3461770186757 20.5348812900127 18.0554754332167 19.6900094694548 17.8823215961722
TCGA-A1-A0SK 9.48186526516687 11.5527247150687 11.5171996947758 13.1373518099151 15.6305408943999 13.2199004807278 17.6167118389089 15.0106956897235 20.3598249397737 20.5533236287618 20.0532863624938 18.9436324712837
TCGA-A7-A3J0 12.5008157786327 12.079627490312 12.4274978426339 13.491209393565 14.7438600726206 12.7913660649172 16.4028848425984 16.2492856775255 20.6545763351267 17.8589494456274 20.3550032848524 19.2414615412812
TCGA-A2-A04N 3 14.6658892817715 14.2009028251451 14.3223737704141 15.8298755124489 13.8886633632697 16.9366495143526 17.4184343840168 20.0838217051581 17.9051854186998 19.6078269764035 18.8766141808561
TCGA-A1-A0SE 3 17.3189177991943 14.2727592281744 14.5741523092101 15.808371195707 13.7683438978871 16.3360562426075 17.3974763893769 20.1824278673446 18.2281910941553 19.4130433864017 18.7151034469472
TCGA-A2-A3XW 7.67618812243232 14.7199669044811 12.6920490008934 16.0288558532153 15.4037594064362 14.1561713211339 18.0564732153975 18.2944240768448 21.1704857010875 16.8842884770643 19.8195974880231 18.8637002073889
TCGA-A2-A0CO 7.15510701075523 16.5587163499321 15.2088336916906 16.9085971908832 16.6421039285966 15.6099250389527 17.3622333099019 19.2035877019177 20.0094085416224 17.5031103941353 19.5013309431214 18.5994522806289
TCGA-BH-A8FY 3 13.6505278521769 12.6505011944421 15.6733361849316 14.5599980695966 14.0410885744556 15.9065234193586 17.2935172396071 20.7523710072123 17.2742787727541 19.6432570783371 18.7547559083592
TCGA-AC-A2FF 8.11246738153863 15.0264488638402 16.3948478734913 16.2225373463061 17.4594738634379 15.8621629686461 16.4213133208629 18.9974497004832 19.7429449630547 18.5783064915966 19.9359945756977 18.6473235845015
TCGA-3C-AALK 3 15.3181423359837 14.100198918476 15.4641077163105 15.5645887887686 13.5109794555235 16.4067999421962 17.6204827392013 20.740142558578 17.3005718360627 19.6420798576283 18.9396441345067
TCGA-A7-A0CJ 3 12.1078711720755 12.8140786960722 13.5830710103134 13.825412159678 13.2116169412946 15.9345931775 16.1608082862968 20.2259438451784 18.2624756827995 19.1103293673735 18.4413069843224
TCGA-A2-A0T5 3 15.4288952795079 14.3488621386016 14.1573087489416 15.1770718721831 12.9432402877369 16.8225875629117 17.1811839874198 20.3044045824204 17.8933796242397 19.5078463974915 19.0096727751452
TCGA-AR-A0TT 3 16.8860606440653 13.1408776541577 14.3408007052429 16.4764291983499 14.5631789007539 16.1613364905427 16.8301769334585 20.1744675595065 17.8637497788498 20.0806439054742 18.5003368458138
TCGA-BH-A209 5.86193287415726 11.9104630859646 13.9947724272061 14.0860693925809 16.3836884655347 13.799217046166 16.0113280710771 16.3761694220719 20.5274856984918 18.6439377133862 20.5596292172975 19.3171452347306
TCGA-AC-A8OR 3 10.7246895196215 11.2117682379516 14.1010120896972 14.5428285463281 12.2297741250087 17.1862193946428 16.0091846537562 20.6177324361888 17.4089984140179 19.3236410982347 18.5657065289514
TCGA-A2-A04U 10.7038987864051 11.5630139008954 12.308310312548 13.1285076916696 15.0473402369222 12.9010078873973 16.364668041301 17.343789098145 21.2592210427805 17.1801494534649 19.9396021075023 19.827983278268
TCGA-A2-A3KD 3 16.5194153899357 13.523129826233 14.8055137857913 15.6146121564805 13.6306733680676 15.8989416881209 16.9985562403632 20.7661725690851 18.3642565402645 19.3756154848279 18.5887301761792
TCGA-A2-A0ST 6.35010239779199 15.7962034547685 13.6564223777999 14.9173760760079 17.0850704789915 13.655587753673 16.8612930934911 17.6664754394534 20.5690039088938 17.8367245119516 19.6205034673026 18.4974534346225
TCGA-BH-A1FU 7.86793539802678 13.7785960676907 14.8625074187916 15.1715753809791 16.4969937338739 14.8764064137179 16.3895460157232 17.9899176960203 20.1477227772463 18.2759120803417 20.5303003752314 17.8615510335425
TCGA-A7-A26H 5.67729351693726 15.6633293199231 13.8871309433577 14.0863350384451 15.981897693225 14.4859497541471 15.3286750010193 16.782383616022 19.8877443897789 17.6947636944802 19.1718096318495 18.1273899731527
TCGA-AC-A2BK 3 13.7874911473655 11.4643912138124 11.848747912351 17.3528961224414 12.0294025299825 16.7096877519731 16.566823874999 20.5065426060145 17.5621462158274 19.7501056223959 18.7892868559902
TCGA-BH-A0B0 7.81992808397869 17.5209219829539 14.7745039768695 14.9947649132638 16.5518923049178 15.5975209457055 16.285110884061 18.7565485302657 20.3422408842555 18.0205072368512 20.1910256525985 19.081139947774
TCGA-A7-A6VX 7.75292146177571 12.6075076698706 12.8246165891588 14.1853718982873 14.8006989027208 14.5414214035852 16.3878210329557 17.2123198266654 20.2415187639444 17.3096040878844 19.3819870946529 18.3118302833837
TCGA-AO-A03L 3 16.262484903128 14.2025125409848 15.3187309460054 15.7037404281812 14.0775259861073 16.3461208601513 17.1533038426986 21.0300798738633 16.9274255439142 20.0137001118288 18.4716730517647
TCGA-A8-A07S 3 12.0596312625916 13.7730665188519 14.0369367195522 14.6478962857484 14.0732459619567 14.7212081529703 16.4523454065908 20.5063229838505 18.4254474660775 19.3732298590557 19.0871858004711
TCGA-C8-A3M8 6.66187309868866 17.4882291445095 14.2369832931756 15.8466335745783 15.5197462214013 14.7519378422184 16.2220989389974 17.7871785721641 21.5690866832615 17.3459840577116 19.6655751534412 18.715222609093
TCGA-A7-A0DA 9.5907102247174 12.246248479994 12.6124205682734 13.7794171663259 15.1375178828104 13.6203149728969 16.4525424632255 16.3012283667683 19.9196066964187 18.2481939185435 18.7341291009142 18.3249904214543
TCGA-A2-A3XU 11.0913521398296 11.0677691301073 12.4438715949185 12.3363065482207 12.6745414395748 13.0759242289705 17.8609410210027 16.2262238772183 20.9294070634553 17.8252881356043 19.427986931926 18.3889761855849
TCGA-AN-A0FY 9.33275696960895 14.1338381780786 12.5943571196324 13.5272185354421 15.0859042814304 14.4804678211281 17.0990061249511 16.551378209662 21.0670446482484 18.1145615745214 19.9526454146734 19.0525032756184
TCGA-4H-AAAK 3 13.2639896707476 13.1830091783958 14.6661735627171 16.1592328094087 14.35035282811 17.0246073242809 17.548518662827 20.1078226900963 17.6708668387765 19.6201995781235 19.6025632394092
TCGA-A2-A0YM 5.91120017949335 11.4025996729037 11.7114930125954 14.6003149003979 16.300393784296 13.9559060906401 16.3137428665841 15.4382374665474 20.0333646614498 18.0572457753311 19.8327229679672 18.309056419166
TCGA-C8-A1HI 5.71127258884684 14.4706188939577 16.2061335788226 13.8694089116674 15.2756072950831 13.0563609569141 15.8057570535033 17.5333833819332 20.4892156299086 18.1907476157467 20.3356880968228 18.5379728425676
TCGA-AC-A3HN 8.52240219400971 16.9582075179227 14.7660047511164 16.089841607096 16.8229209452405 15.4724538721925 16.3951741492897 18.2997910759895 20.6334669516695 18.1135195217507 19.6492003248829 18.6887563104982
TCGA-E9-A54X 14.2203831931927 9.66712996982938 10.9707890431738 12.1367728778699 12.6003003991825 11.4983566289272 17.6422246643486 14.813002569775 20.7297892905343 18.3211137182701 20.3107196618472 18.924078850979
TCGA-BH-A0H7 3 14.947493392986 14.3597071948822 13.5253176159283 15.7003901027649 14.1316212490562 16.0112571965326 17.4647605337481 20.664634197739 18.3427192509735 20.0722235655976 18.1195534278809
TCGA-A2-A4S2 3 17.1849362644436 13.6686767176785 15.1811707490554 15.6858972652977 14.1256439074517 16.2434979845407 17.4580304247283 19.5645774782454 17.6204610328655 20.0035346213921 18.776701988132
TCGA-OL-A66L 9.7784422203266 15.4751772682939 14.2838765155057 16.4998132311591 16.141735287111 14.6898036469327 17.9479314800499 19.6847043715001 21.0776488053645 17.1046792597577 19.5721846076555 18.2846578928373
TCGA-AC-A6IV 6.06534793804666 16.3045497549742 14.9496242217949 17.121802191591 17.4849614269278 15.947032783172 17.2833296022132 18.9099388042765 19.950202811297 17.4898232289461 19.9325192952953 18.4937394071439
TCGA-D8-A1JH 6.54694233530777 13.844821924536 15.0613362615782 15.48451055909 16.5663946717674 14.1653375949531 15.6484212294008 17.7714319717178 19.7924543136075 18.5498707913131 19.7966035519506 18.6492695715635
TCGA-E2-A1IF 7.25496205314925 15.7922739936691 14.6047386448948 15.3279918721657 15.8611270715836 15.3374978050678 16.3965724212137 18.8811139505813 20.6992737226714 17.5764584683332 19.6343663944682 19.1169175647234
TCGA-BH-A1F8 3 11.2578064719229 13.6263431281621 13.7132628296944 15.4313769602527 12.3950691355187 14.4102517908503 16.4873942889315 19.3485708165281 18.3139569663475 19.5572476919048 18.3358773997673
TCGA-B6-A0IE 3 14.5761682994874 13.4192177994536 14.3319938482096 15.1204314203538 13.3929560501099 17.3509566257287 18.3509459212807 21.0654626704646 16.7859743725751 20.1469702177997 18.6328824946401
TCGA-A8-A09K 8.53326315845019 17.5507456263652 12.4190514717613 13.2602398270808 14.85394440989 12.038183276398 16.2872076920702 15.3924189181483 19.5704326165105 18.6633900783273 19.6594104235271 18.2825038483205
TCGA-A8-A08S 3 17.5641954104141 12.3469308065178 13.1706374392669 14.5401417589258 13.0697937720907 13.6869302690755 16.1121728072476 20.1618725533339 18.1355340563784 20.4062205870076 18.4209133185878
TCGA-A8-A08G 9.28915975175291 14.6224519915972 12.4063173689318 13.5775630967927 14.6502456427825 13.2005153365116 16.4382323420439 16.7306285167588 21.6360518169264 18.2400425344959 19.8557348728105 18.8919185392189
TCGA-A2-A3XS 3 12.9224862772366 13.4110997333905 15.3155047021477 15.3615639963737 14.0466941953786 17.150646330769 17.4855906654042 20.3683046122066 17.580387437858 19.4910494695462 18.7357643153801
TCGA-A2-A0CQ 3 12.3883991546771 12.6689509396897 15.3173628463228 15.1252452363948 13.7059362234829 15.4346584777334 16.872521902087 20.7051722387003 17.3234973643587 19.7447030991869 19.8752047888265
TCGA-C8-A12Q 7.75170368011323 13.4774248278056 14.1941231070651 14.7648957765021 15.7236920089828 14.1512647693087 16.6803543785736 17.0667408341839 22.151736900762 17.8659893700758 19.6331822539451 18.8442846308623
TCGA-A8-A07Z 8.54509430571318 10.5913492146572 12.4084381485253 14.1812916266445 14.2870265937099 12.8757842938117 15.5736663325963 16.7143638351153 20.6630464752862 17.7694547834419 19.5880022413841 19.2559117057841
TCGA-BH-A18U 7.0372811749747 16.7060189762662 12.7822991252195 13.4060268142682 14.5635695941086 12.8980589215818 14.1039893612587 16.2642987160645 20.4825047829478 19.0404453831545 19.9396391643788 18.651429975899
TCGA-BH-A0C3 9.01468057218772 15.7262263803338 15.437892675275 16.3896425476515 17.1586027457702 16.0967592258391 16.0007988372846 18.7417027590734 19.5733597099665 18.2655862843836 19.6279914465301 18.5538133950554
TCGA-AC-A2BM 10.8720141379477 11.7334896162321 13.7524687056779 13.6658813005459 15.2797269969124 13.210058599992 15.4263346160586 16.0310188044084 20.3307488478447 18.4392722051337 19.3891650560525 17.8571107340967
TCGA-EW-A1IY 6.6823548236408 12.2699558513367 14.8230065036986 14.5429938655087 17.1475837166987 14.5112046982781 14.203308566612 17.6218958775132 19.2840142779913 18.3244036727919 20.7489654661964 18.579080755411
TCGA-A8-A07G 6.04894598244961 13.8253626653019 13.9639307125803 13.3761348755891 15.944231584444 14.714302226049 15.510329268224 17.5841566290341 20.3508366483692 18.1715019508865 19.3916316238708 18.5883696323109
TCGA-A8-A09B 6.06982192633896 16.5509412681164 13.6855738139217 14.6257855730938 15.0373760378993 14.4313911878105 15.7632119147529 16.9012060182606 19.7307671035 18.3331172915667 19.2104732361304 18.9444351903872
TCGA-BH-A1ET 3 13.3973889665302 15.0456420411223 15.0557336991464 16.0597211457326 13.643522056512 15.347124804594 17.299051489274 20.0014936643947 18.5193797055519 19.439643784135 18.7003921126324
TCGA-A8-A08L 3 15.0694375954468 14.0795968337042 13.812379564713 15.7263275698002 13.7814879608006 15.1311373400995 16.8783679777943 20.8061502896006 17.2602554608704 20.3940764536629 19.2210474978362
TCGA-AR-A24P 5.83965396915967 12.9081907485249 14.4086439456797 14.2146104271138 16.3136592455686 14.2089060190176 15.3075018058024 17.3234294102428 19.8035403216002 18.514254493771 19.6303726017925 18.6480934274131
TCGA-AR-A2LH 3 14.9638794441861 14.6477372754524 15.8562988608578 16.5286657510751 14.881995915714 16.8242576883921 18.2586469430747 20.3395007997243 17.6421246097117 19.7435244244411 18.2931887433694
TCGA-A1-A0SP 14.9811271890961 11.7014213008694 13.320571310017 13.8034119042259 15.8632491675425 14.3090846722685 17.5409271708594 16.6754229715103 20.5925408503386 18.9517991572279 19.6543376331873 18.3394325858607
TCGA-AO-A0JL 3 12.1242206831965 14.0749991157642 14.9309048595462 15.9429196944358 13.5880563292454 16.158408430851 18.7336188198664 19.6898233144209 17.7765342028928 20.7454306262886 19.2601798357671
TCGA-AR-A2LE 10.4909742543537 13.6679786443997 14.9146426027591 15.0886055942968 15.73253350332 13.4435270763449 17.215573657385 17.4327189489738 19.793424595713 18.4079901065386 19.5101927904267 18.0440676200539
TCGA-E2-A1IU 6.29273454905708 15.9795037740648 13.7188164996709 14.8561803811981 14.857047638894 13.1511845309946 16.110281260059 16.8144600970244 21.7648463418621 18.1358114414667 18.3727238983474 18.489392614806
TCGA-BH-A18H 6.63276711151673 13.7586488965884 13.7129399074925 15.0001914075873 16.4110406007931 13.8308642773647 16.421990859563 16.9333596630848 20.7837892009998 18.4756004298576 19.8881050750663 18.4597888385948
TCGA-BH-A18P 3 15.6036295625849 13.6097045273359 15.3247662450523 15.1086084208237 13.4030998082448 15.8071117662863 16.5874522587113 19.2533270196088 17.3971073619822 19.7946564518926 18.2961370926653
TCGA-BH-A0BP 8.09433375565996 16.6061448525896 14.5916044822118 15.2201593114798 16.7417047109564 15.1709569356968 16.4084903056545 18.3043719921041 19.979376047419 18.162971442961 19.7787284901969 18.9903893520834
TCGA-A8-A06Z 3 17.8843066266533 12.9339504919529 13.335690649472 14.7316832515358 12.7398995814894 15.1821535737194 16.5769598426457 19.9059426384635 18.2788721167395 19.2943842068695 18.5163287480956
TCGA-A8-A07L 3 16.1009246120191 13.9365334894464 13.6774733930653 15.1257268028389 13.1878707877188 17.2043924342431 17.0587594195786 20.2527593622494 19.0116522174595 21.0021074891175 17.2915552259595
TCGA-B6-A0IH 10.6153838280283 15.7683038083314 15.111805296501 16.1297601608944 16.4199232724848 15.1720003470755 17.1052482991336 18.7775298607014 19.836331650288 18.0539420380633 19.1401622600496 18.7727795339604
TCGA-A8-A09D 6.2727904553574 18.1698399472557 14.8794021221 14.52472476634 17.0849643408446 15.6937974689558 17.0473876834093 18.2476872078348 20.4096231374208 18.3894726610625 20.3034119129719 19.0675637956271
TCGA-GM-A2D9 7.07570841688076 15.259424472703 14.0931661700423 15.6753717307672 15.9011476972312 14.62845900834 15.8638244917834 18.4010717154073 19.7590610523907 17.2709138999263 19.7609822182023 19.2255430197386
TCGA-AO-A03V 7.13076843759541 14.4355189037536 13.6967219779588 14.4648705002082 15.4443075211239 14.4239558031708 16.0930881967694 17.5398426334023 20.1779456766468 18.7515541008417 19.9312117048648 19.2296795475312
TCGA-A2-A0SU 3 14.031292032614 14.5291205022369 14.8771148831478 15.9094675178163 13.5734873831631 17.360899150063 18.2769377201025 20.6414694967183 17.8747045418118 20.5506317480151 18.8751136454294
TCGA-BH-A0BQ 3 14.1817670747039 14.3075575621145 14.7196346487251 16.1855368145998 15.3106741176536 16.7660846223347 18.0889544273505 20.3324687571006 17.8708238773545 19.4234406938352 18.8432084198361
TCGA-A2-A1FW 7.72849230407397 15.6297860025323 13.5834869095103 13.9061786844607 15.1108452927385 13.0209906161427 15.5816185283513 16.4513116056508 20.8359326356544 18.292168149702 20.614889202165 18.1277866736147
TCGA-A2-A3XZ 3 17.4919640862008 13.367018736099 14.9765646706504 15.9013449541682 13.73194918915 17.8023238464498 16.8358952692511 20.8194092125037 17.9863335468561 20.0555942999947 17.9264836764342
TCGA-A2-A0EM 3 15.7523141972045 13.8507185316742 14.3487738423748 15.6041224525344 14.0197219868132 15.6862202072903 17.1678227182593 20.2984579016098 18.3825242216075 19.8742682156724 18.6887241583907
TCGA-LL-A5YO 9.40326045529017 12.7614419630635 13.7893683734933 15.0614818005683 16.8041385985021 14.4445871989245 17.3903557380518 17.4665320865864 20.6733226037926 17.2377191568015 20.540422502509 18.1059803856122
TCGA-A7-A0CH 3 11.399464881212 12.5675999485038 15.1865077757125 15.4632848826176 12.229530565028 14.8149582224246 16.5499313659277 19.9389231369308 18.3245674477245 19.2586590851079 18.5462676285769
TCGA-3C-AALJ 7.43965831289219 15.3754285140735 13.3753184822386 14.9298411112711 16.0748869435823 15.6582059661708 17.4003999302587 17.9671998268946 20.5744215795583 17.5155121973451 20.0366804942107 19.548062921584
TCGA-A2-A0ET 3 12.0692160127418 12.5794818736991 13.8441127748786 15.0184512420263 13.1783045697294 14.2939064359641 15.8470479374857 19.2513794323559 17.8823273521704 19.9930521425098 18.7606986937632
TCGA-A8-A076 7.33817042997234 16.1737800617837 12.6523068878486 13.5019623421233 15.3457708091696 14.6418003665003 16.0327268991049 17.157258582736 20.3903236723824 18.3682993358334 20.2021792230041 18.4000940369107
TCGA-B6-A0IK 3 16.4528749877467 14.8398859185107 13.7221854985626 15.1872546814751 13.9910732914717 17.1868556911911 17.8137240085215 20.0561765895556 17.4787839421985 20.7882872464228 18.5466372986948
TCGA-BH-A0BL 7.30241055440751 14.5984411765805 13.924650835986 14.5836156727215 16.6874916107053 15.6252898865621 15.7147032724688 17.6236603142476 19.8112004153772 17.6887058570194 19.9215523836387 18.3171431896629
TCGA-A2-A0D3 7.89649832713883 12.1214440951646 13.8769119230374 13.5097730778751 15.198908664522 13.4427752631994 16.1092195197287 16.3720799425421 19.9612495241687 18.3294285396523 19.3638452632066 19.0094203112691
TCGA-A2-A4S1 10.3034674861633 11.8528446384422 14.3495831406546 15.4279450532717 18.7487445476755 14.4408125326362 17.0449831649924 18.8835068057378 20.7998203341256 16.961265485552 20.1921778777163 19.0648845786001
TCGA-AC-A3TM 3 16.1498246436472 13.5745244032059 15.3412120392849 15.0607616258535 13.7522296778992 18.5541010807631 17.6228438564172 21.5557993705711 16.9928271959312 19.4946497419033 19.034641768399
TCGA-AN-A0XP 3 14.7723344173739 14.8346441693817 14.7073908161139 14.9906596373501 14.4892489698364 15.3223475813632 17.2430340009384 20.181388731801 18.3053570808341 19.2574396912798 18.7117042142658
TCGA-A7-A4SB 3 14.1859154226133 14.7001261909462 16.6074162692007 15.2191065091245 13.6928909208317 17.8193427061469 17.7589719746868 20.1606946631495 17.8152080354309 19.2469225797477 18.6104723548317
TCGA-BH-A28O 6.11101585805525 17.4581127933288 14.8935018730769 16.5388576546459 16.6544733218421 15.6726753671299 17.5655307276722 18.539116051523 19.6669539540234 17.6870052406352 19.3044833439384 18.4039388681495
TCGA-E9-A22B 6.89421697823782 14.3953655426799 14.5517760886976 14.0162021141454 15.839575917551 14.6473779904732 17.2426535691786 18.0470624543549 20.3001073179412 17.5080859928472 19.9914983357699 18.2810781443063
TCGA-A8-A0A6 6.63837036909842 14.6990520117646 14.4162930006999 14.4653348489654 16.421361920321 13.5992987004675 15.9652151800146 17.7192435613041 19.5928189152421 18.2740261680744 19.8874663922401 18.7703427747862
TCGA-AR-A1AU 3 14.4684426916324 13.5216953285323 15.5192220638907 15.6861476036218 14.6911249044845 16.9240129295201 17.4629279536278 20.4495655829365 17.893912767637 19.7353231576959 18.9120360507949
TCGA-C8-A8HP 3 17.6281860936993 13.0963758250178 15.2694217097974 15.4564049883875 14.6409223080175 17.1981030105318 16.8961740257413 20.2875711554591 17.7948127274518 19.8301089985587 18.8453090829904
TCGA-A8-A075 6.17161631424199 12.25058438895 12.1863409345686 13.6695985234868 15.0643349172216 13.9616512266907 16.1968435232405 16.3758112465566 20.6777975394295 18.5109937735904 20.5239278550913 18.8601126845346
TCGA-A2-A0D0 3 11.1271128514312 10.1021491488639 12.227793951771 14.6275535553818 11.9846282403466 16.1580019679302 16.4796072090812 20.7345362513759 17.1032344430884 19.5404693521221 18.9211739015191
TCGA-BH-A0DS 6.52975015434274 16.2123182588395 14.3035225175602 14.9797812320271 16.2658050382712 14.3944998361003 16.0341954305962 18.1780969655463 20.4079288342068 18.087735282749 20.4661579083662 18.637428079244
TCGA-A2-A04Y 7.78233868513822 17.5552075908972 13.3247151620851 14.9456692299894 15.9678471005508 14.2491154003952 16.0248477355785 17.5629717983015 20.2624133480648 17.941809198344 20.9489083862963 19.4199327520911
TCGA-A7-A26G 8.98595791306592 12.6729500623821 15.1739553074916 14.2199941196227 16.7170941124833 14.9493707756486 14.8954721847933 17.3017164036499 20.0264542264102 18.7165723456621 19.7432837737953 18.8983840224909
TCGA-AC-A23H 3 16.4284048176554 12.3572025604397 12.7554061600176 15.0145615434571 13.7160482161543 15.6939359801832 16.5531270958822 21.6860616259878 18.2965777049104 19.9535550495046 18.8343597745789
TCGA-AR-A5QQ 8.52429481526872 11.8990397501085 11.902646295167 14.2266515081432 17.0557983191338 13.9723525862454 17.4927048162125 17.596593815945 21.2709362742046 17.7343667278512 20.2822420415484 18.3388973752329
TCGA-BH-A0E0 3 11.5894177234011 13.3237619788109 13.741821774187 14.1413492878569 12.9609307192014 16.8828446983102 16.5232106478243 21.0613069570746 18.3619425128882 19.7755759970514 18.5514031287478
TCGA-E2-A1IN 3 12.2637329648113 13.7604169254575 13.6247032946721 16.0595728349257 14.1269974256357 16.0314699133252 17.5912075695268 19.9081429093172 18.439448102733 20.1718082823362 18.4908613245553
TCGA-E2-A1IO 3 17.7105750959821 14.1082786887291 14.6705893989562 16.5407472788807 13.867655152536 16.2283104256191 17.369055108656 19.8383999315658 17.7331465845598 19.8032775763391 18.579654851447
TCGA-BH-A0C1 7.91347064207214 16.0173119895628 14.8624972790893 14.7928508400148 15.9948042000001 13.2400433670432 16.0824355704325 17.084281029195 19.8401420063637 18.387583520511 19.8070878796374 18.7381890060536
TCGA-E2-A106 11.6033111833081 13.8761627835371 13.5601202101771 14.3795979561294 14.3054458882343 13.320116898589 17.1132314006121 17.0193929637201 20.6694089278946 18.1243779713586 20.3763046197522 19.0042833874599
TCGA-AR-A5QN 8.90324005845096 15.0662117600055 14.9464725709872 15.6575347362528 16.0101482306869 14.6386885269625 16.3197881368182 17.9925393831691 20.0361875707618 17.8428638485467 19.7434540399313 17.9921363420443
TCGA-AR-A254 5.82238636937704 17.4565172125178 12.8501381993851 13.6825840575221 15.8961409857014 14.3603106505189 15.3241660067685 16.5399669439215 19.859139214658 18.9308323225945 20.1353350618529 18.9482454641351
TCGA-B6-A0RU 11.3836058328826 14.2210540094514 14.0423710944842 14.2164266595313 16.4148391997812 14.0642307496402 16.818695600264 17.7707765833364 20.0896664030731 18.650671496551 20.241469266117 19.114691873718
TCGA-A2-A3XY 5.73053103857549 15.1822896749195 13.9067073498854 15.7248865350436 16.149690793552 16.1098993708774 17.4604938931755 18.1357472446949 20.5445534327645 17.5890826344136 19.6354032433266 18.4636107199039
TCGA-BH-A0AV 9.08283626380971 13.3243510528699 12.9679543667767 14.4861607031876 16.0008828738811 15.1654585054051 16.3742634349279 17.8360393440832 20.3540738978984 18.7074390752569 19.727492429655 18.3591374240733
TCGA-A1-A0SG 6.16198002456202 15.1403183652119 13.7588140611137 14.2932481770371 15.6299124719697 13.2308589868291 16.5264032171786 17.0886658319058 20.2681477142761 18.5098875365172 19.9808534076584 18.9032900192521
TCGA-AC-A5EH 7.83691028527915 12.6397327898832 12.831566544231 12.955364026316 15.8103475573318 13.6355153072231 16.4872576675834 17.3950328586842 20.8888867810363 18.3103021846773 20.058550892735 18.6568134350044
TCGA-C8-A138 8.04967275654147 13.6548632187518 14.2004534548135 15.1839853269944 16.5200443867316 14.5141994154402 15.9429238291363 18.2835003370178 22.0102261299534 17.4826093401036 21.1474131527813 18.8957795961918
TCGA-AR-A251 6.12386933329847 13.3119882930687 12.9627344988082 14.6074641784659 15.9655307296478 13.8964779303718 16.7954935773951 16.5885387519485 19.4192412936541 18.7266844546249 19.533552538589 18.30163428977
TCGA-A2-A0EX 7.3703643772991 13.6024461697201 15.242245721623 14.1298212009478 16.2753796520505 13.363958338034 16.8160107229836 18.1895851735748 20.3537243038562 18.2152113403731 19.4412612323598 18.4984498858179
TCGA-AC-A62X 3 11.438566490471 13.2782423270144 13.8289250260625 13.3166094508547 12.1115881520682 17.8913671181443 16.9148252399775 20.2132892405069 17.545061263496 18.9314813825884 18.2048571313396
TCGA-GM-A2DI 7.22119722495073 16.5206914879068 14.9879609665529 15.1233930912636 17.4796525810756 14.917493176647 17.3495634571386 17.4614921150091 20.0190592423171 18.2941410867499 19.6360417389649 18.8732939961642
TCGA-D8-A1J9 6.60072851447738 11.7390252684557 13.6641481302844 13.3220427434059 15.7799310764925 12.9821725851452 14.8742090984589 16.8984797495968 20.4992464384966 17.8147803749733 20.4516911466312 18.1603202835523
TCGA-A2-A0EU 3 12.7538774918432 13.3073409522149 13.6481915754621 15.2935401043546 13.0202983514754 16.5311792918559 17.0718986468345 20.1198959015374 18.3201597169732 20.0439340695243 18.8185680954989
TCGA-BH-AB28 3 14.1290713867298 14.1864594705263 15.2981017597013 15.6311492104431 14.5642189512687 16.4336319423324 17.0343992762859 20.8316359569745 17.9138490775492 18.9431310024372 18.2641430413506
TCGA-AN-A0AS 10.0478082724323 11.2907321708757 12.1848152362479 12.9126704161931 15.998712023968 15.0080554171636 17.9556578651323 17.2909813980616 20.4423674510331 18.3645254177956 20.3276557295021 18.225790166728
TCGA-A1-A0SI 3 13.1530131884487 13.7364420359705 13.9369902916981 16.3870875137086 14.0056031213295 16.2926603634399 17.2822706665514 20.4832685861781 17.8041414017183 19.5240268546379 18.7828656067229
TCGA-BH-A0B9 6.42458184117874 11.1410634013451 12.1201780467765 12.6880225516232 15.209829611686 12.931167161327 17.9844303777312 15.7319564412105 20.8647791792388 17.2178986556901 18.8626097968784 18.9622192345062
TCGA-A7-A5ZV 7.92576063938231 15.1145267654375 10.6074425017603 11.8703701885818 15.101977758462 11.9859192618807 16.3656364736344 16.3927602712684 20.8913249175294 13.7771044526064 19.4728765630171 19.2135416085414
TCGA-BH-A0HP 7.84878815092787 17.629163477375 15.1035028440454 15.0109605680902 15.9338608312767 13.9123290823752 17.2113490636911 18.0302148695276 20.1310204316153 18.25216611276 20.1194547708043 18.6665645839455
TCGA-B6-A408 6.04938616998687 12.8535952846811 12.4391249015812 15.0749752169151 15.354874421985 13.700494127277 16.9535072557183 17.5259397582397 20.3882806200248 17.703336993961 19.8646638852467 18.6274198309411
TCGA-A7-A3IY 7.02193277859607 12.2291767960414 14.0892834123475 14.0336430680959 16.2356594676589 13.594157733937 16.2533243122339 18.185289374602 20.5914296185004 17.2751884552789 19.8181699986166 18.1660095593882
TCGA-E2-A570 3 12.4386887499854 13.0380533955683 15.0978891114372 15.7548818388255 13.6210084641992 16.5082764907482 18.3118907642065 20.3804497868239 17.6041066025637 19.9159990181817 18.7316174811066
TCGA-A1-A0SD 3 16.8603176871471 14.7209763448801 15.4912953816878 15.7435752637551 14.5472802931577 16.3599370275993 17.9570059147661 20.3768420026945 18.0527793597932 20.0480807242015 18.1516235209445
TCGA-S3-AA14 3 13.9396068472887 13.4882962792197 15.4601495676086 15.6393132536867 14.7074389862285 15.9000724532451 16.8975480306824 20.0403530911809 18.6824345218846 19.5046426419408 18.7237543434997
TCGA-A2-A4RX 8.37622404557915 14.2052127407655 13.3162628658107 15.3085925790544 15.8309509746062 14.4795643456991 15.9395897174168 17.0151912314036 20.0010393355063 18.4560612777535 20.2002525397589 18.5886399883997
TCGA-Z7-A8R6 6.16222299052185 14.0976033541476 11.7172924200898 14.6160100910759 14.0790987901962 13.5984072000357 16.7662757503594 16.6735011788771 21.5293449500551 17.6807716071492 19.9627608559801 19.2407676279139
TCGA-A2-A0EW 7.5491416781825 17.4544245594909 15.5394240808122 15.8550866530099 17.0377294052339 15.0887707874992 16.2331958173681 18.4076805729168 19.906378608392 18.2403456503806 19.7239598431876 18.5697037199405
TCGA-C8-A12W 6.41942887489189 15.1820645544162 13.1132031099322 13.5218471963667 15.6397451837839 14.1341008951984 15.6695960660707 16.9410417794112 21.5835817618741 18.6933825128935 20.0014639761985 18.1851986215511
TCGA-A2-A0CV 7.29326732714081 13.9544572798135 14.9146491826278 15.0358494175314 15.9832984671667 13.5790734037769 16.6924582183725 18.398903639705 20.0385004039809 18.3599144097432 19.7889290244044 18.8271376818679
TCGA-A8-A09E 3 12.4274370508551 13.1725401402731 13.8153141423983 14.1174705157981 13.6943152149557 15.9928650319874 16.2560199936086 18.9892953141395 18.0126788302973 19.5025833571054 18.987161446926
TCGA-AR-A24N 5.87559680649486 11.0956866221452 13.7198510379157 14.2562886967543 15.4781396416881 13.4611836426984 14.9527355742975 16.4616705714964 20.0908850725994 18.7056309716825 19.5017463593497 18.6162660684403
TCGA-BH-A0HA 8.68340478252751 12.6314434978529 14.7122540162777 14.8714480787499 16.3788690252053 14.6870650976795 16.9979407975215 18.7116918303918 20.7213446210097 16.9824615812339 20.0826477970792 19.0823135188457
TCGA-A2-A0YC 3 13.3617796467665 14.0550197263162 14.5678462985169 15.7026898601497 14.8761929312506 15.6734375434446 17.2481561262981 20.3671045220146 18.050165851268 19.5225786580524 18.8210129504736
TCGA-OL-A5RZ 8.61529198895604 15.1283554103948 12.2310533336908 14.199541014959 14.2631550299543 12.9610674572074 17.9159620284681 16.6188317295363 21.0996372830702 17.2604398281174 20.5855341293547 18.9802273021936
TCGA-A2-A0CR 7.35435400817088 14.9493286256879 14.6611832713445 16.3613990793739 17.0188220925125 15.243629201417 17.9777375815396 19.4306938522416 21.5625547994458 16.9176123852796 20.0002674563017 19.0469995268915
TCGA-OL-A5RX 6.30530503115433 14.9486278980273 13.9861910184482 15.7999758720524 15.2413172193852 13.8698186679802 16.8558269501103 17.7452341972 20.1236407330477 17.6797489437536 19.1065283704169 18.6643530440923
TCGA-AC-A3TN 8.09826138353595 17.8425472262489 13.6369341926737 14.627925291443 14.7230411441672 14.0287808966188 16.8543026547613 17.6808428252289 21.078425976192 17.0889282842998 19.0269574592705 18.5945363981481
TCGA-AQ-A04H 5.92726892519131 14.9202703132965 14.1750006034855 14.9513723455779 15.7465996963265 13.5258668368082 16.8957524576922 17.3948727669473 21.4446840272087 18.8459040368803 20.284387381399 18.8387804616917
TCGA-AC-A6IX 6.13532466082495 16.3276020254839 15.3980567770532 16.3360520147757 16.6699000966602 15.1792215178397 16.6305666244496 18.3102169344371 20.1936460293516 17.2583766554536 19.7202324835314 18.250863754981
TCGA-AR-A0U2 3 12.0087767297313 14.0159679339601 14.1216922704277 15.5027331727467 12.7435051491766 15.5480269120402 15.9712558374148 19.6481511858007 17.7213988920728 20.4243111094175 18.1071788799175
TCGA-AC-A3W6 6.32413671440358 15.3113221032187 15.3118376087968 16.7239820815304 16.4530264210604 15.3521265981785 16.8790547919107 18.8087692140704 20.5261646314189 17.5757952348878 19.8705926870096 18.6481736068517
TCGA-A2-A0ES 9.98764275752832 16.553498666146 14.2971179651333 14.9195026862381 16.3942876573702 13.5242185938615 16.6794780878956 18.3145997724493 19.3724250337512 18.1229824014336 19.4244878608789 18.4262439518092
TCGA-AO-A03U 3 12.0565861285368 13.3442558420813 14.3700017142976 16.3060307583696 14.3822277529435 15.4145569186074 17.0288498544424 19.9643238818797 18.0908097576041 19.9072027298432 18.7238723612762
TCGA-AN-A0AL 6.31482175405105 11.3205994096815 14.7250848891833 15.0273908521846 16.5612241338506 14.9092064745057 16.7764406204537 17.9664450301815 21.4885846435503 17.2499670860501 20.1628921176669 19.0824036389451
TCGA-AR-A1AP 3 15.7912853509824 13.6565259591939 14.1378019809839 15.1715954530325 14.4158604736892 15.8736430879503 16.6987170923293 20.4989948612073 18.284436711642 19.4322338749666 18.4667233984725
TCGA-AC-A4ZE 3 17.1668218527881 13.7608808298623 16.1129742714524 15.9876222943318 13.991858167845 16.7040227944951 17.899132669018 22.342729677585 17.7792693655244 19.7180312537046 18.6267904574641
TCGA-E2-A15C 3 14.4164980134023 13.9472185654116 13.8664107506624 15.7519092934078 13.0433399962841 16.880653945756 17.1255606390811 19.8193692860421 18.2993502584583 19.3768373964436 18.3844849973296
TCGA-B6-A1KI 5.84120424205909 17.2563763333245 14.9931748647319 15.1307353232509 16.2580673565387 14.6845853318802 15.3707889304706 18.6769121836011 20.2967550721917 18.2676021939854 20.0817375831469 18.6290981575826
TCGA-AR-A24T 7.43875292328473 13.8528417350783 15.5528465939091 15.0447760009987 17.0317352501202 14.0361397027931 15.5342949763967 18.3844571178505 19.8957638075491 17.6150858235425 19.8530127291064 18.4485885322644
TCGA-AN-A0XR 3 11.2987346074217 12.4268304349732 14.4570775856489 13.3658797700138 14.6845188911396 16.75948339289 16.4694371993731 20.9165599185214 17.7930766118753 19.7440990548853 18.7542066831057
TCGA-AC-A62Y 6.3064044879497 12.9725526782168 13.7621574242665 14.9162339800679 16.1385296104155 14.6226331144867 16.4651932652846 18.0179584778404 20.6370238996061 17.7987354777843 20.0718066076946 18.6074218568105
TCGA-A2-A1FV 8.03355213378654 17.3252135655683 14.8747689737853 14.8307208757132 15.943249728707 13.4536123785855 15.4221840594233 18.2850486975566 18.7494548252126 18.2831552222908 20.1000338534143 18.1179121368834
TCGA-B6-A0RT 7.40083919166587 14.1355819401247 13.3695355346865 15.221128437764 17.4307903129365 14.7256356285954 17.1152370765185 17.2962672860242 20.5895763472838 17.8652962802661 20.1372327902017 18.3031660881874
TCGA-AN-A0FN 6.04159819151571 15.6098371468311 15.6785850316173 16.4177483416304 17.9610280283208 15.8586873329981 15.7412856299136 19.361746383791 20.1031632509867 17.5105404144475 20.4200079707824 18.8083797756264
TCGA-A2-A25C 6.34867648456013 12.6331899010831 13.86039844821 14.9959113590335 15.9739237170555 14.759062772944 15.1858712069727 17.1392084591098 20.0117610046404 18.3827227985702 20.3847209605732 18.594292427314
TCGA-BH-A1FG 9.50958033011251 16.8940396111235 13.3683446818801 13.5175968391939 14.8346915831421 12.6010911411395 16.0576237161418 17.2044786597091 20.2028392946968 18.3713686391119 19.620830606061 18.8466640358351
TCGA-BH-A18M 8.02542269842399 14.4542022731715 14.3266194058236 14.8274391811894 15.9421835620197 14.7329061952942 16.5311782635719 17.6625457308521 20.4504641381742 18.4054032152902 19.5957808081847 18.9716292544925
TCGA-AR-A24M 3 12.8071432600696 13.713459919535 13.7313209608299 16.250761054954 13.4265838926259 14.8640996347059 17.680653219948 19.9635492079318 18.1073096222599 19.8698845505711 18.4955526996079
TCGA-A2-A04T 11.8438454195159 13.3030239025656 11.936609925483 12.8500903399034 15.3438478988255 13.0250976740081 16.2164794760398 15.6493584226566 20.6886397154484 17.898491151076 19.5095758382351 18.5207839019265
TCGA-D8-A1XM 3 15.1882093693458 14.205520510813 14.0012118361208 16.4974667678317 14.9472746338246 15.0678236791934 17.4554034798126 20.0463420680278 18.5112028303752 20.0434007293078 18.7672219674735
TCGA-A2-A0YI 5.88353612255971 14.8142370550679 15.1795298838358 15.0446770149449 16.8530674489006 14.168850253266 16.1775288568536 17.3768449444701 19.9755770232697 18.5675193695204 19.632047227557 18.4733948587747
TCGA-BH-A0HY 7.16346046927092 17.4826605303322 14.0021186049183 14.2704322492125 15.371130873225 14.8486839644299 15.9113868347992 17.3993152806331 20.6961228122933 17.633690854492 19.6027441273536 18.694562260594
TCGA-A2-A04X 3 11.1445784544346 13.170333124449 14.5727905611753 15.5926600552682 13.3139646578806 14.4071173413288 17.0899692504015 20.7239103647178 17.610800043944 20.0673745837589 18.6728133054221
TCGA-A8-A0A9 3 11.612147639152 12.3549588927534 13.777364763689 14.7698037984445 13.5710263565706 17.0030550553106 16.3322005593746 20.01532090403 17.8739247473445 19.4007740616791 18.6555291601711
TCGA-AN-A0XN 8.49283801463323 11.9119373637461 14.0557702394446 13.7113223037356 16.853611347458 14.4734106830294 16.1429116740362 17.7229368249313 20.1959281925055 18.2726444533462 20.0057152558451 18.6990618865807
TCGA-D8-A1JF 5.90499230478298 11.2583837286851 13.7017518162836 12.9356704980219 15.6613919021489 13.5979877917553 14.2054099804226 16.7777775267006 20.1237104360843 19.0264701175598 20.5910649659025 18.2375102915525
TCGA-GM-A2DK 7.41276421302111 16.4403081061519 13.336494806484 15.9958766383504 16.8353636013665 15.3429562938793 17.7227855656102 19.4811522521374 20.0495105124035 18.0138812142007 19.9765024814817 19.0376683378633
TCGA-GM-A2DH 5.66236473176406 15.5051525181133 13.1381337086911 13.8643172438899 16.037819485114 13.6312322274326 15.9078384165833 15.7582932442879 20.4613298482795 18.0522852653171 19.9641224713424 18.6432129774911
TCGA-BH-A0BO 9.41554970205563 15.8435418948696 15.0844435173539 15.9836923017725 16.4599318457917 15.0894166449437 15.6735364593527 18.4137200133027 19.6401098635207 18.2869371800912 19.7589334286894 18.3610520598907
TCGA-B6-A0WX 3 13.9974465131211 14.1586081625684 14.0039608199821 15.8479261509164 14.3551600683393 16.298849405207 17.895542701416 19.9424616212013 17.2563046112601 19.4058166355238 19.0291612994664
TCGA-A1-A0SF 3 16.8607854673344 14.9354647028159 14.4730507691082 15.6645012343809 13.4208068493303 17.395791989688 17.4963504559167 20.3951938799161 17.3093370457663 20.0174654931122 18.8513806767865
TCGA-A2-A0CT 9.25943875042857 17.5903725648362 14.2169582740901 13.6058308724956 15.1260232560358 12.7951402284762 15.6207730720229 17.530231214704 20.5023103619029 17.7883720475937 19.8998863343315 18.1067929196453
TCGA-A2-A04Q 3 13.3831044908532 12.8786725282363 14.314231501455 16.6160458356815 14.4349105929566 15.9042141577562 17.0760077729513 20.6705980756883 17.5923864803517 19.6695422407412 18.6139061790783
TCGA-C8-A3M7 5.99355530639524 15.2557018779042 16.3161441168427 17.2723501123258 15.8971572874616 14.9262802865749 16.5350558860229 19.1413284778512 19.8533545702304 18.2256691377431 20.1347949861859 18.1037488731101
TCGA-AO-A0JG 5.90537927530277 15.1709007197532 14.9339099835895 15.5559291195469 16.614357558096 13.7761133175971 16.0157802233496 17.8292903811432 19.3765385788682 17.5170326492359 20.0069012041657 18.5377452815986
TCGA-BH-A0BC 3 16.200424823447 14.5630741846329 15.4016112104919 16.593977441352 15.4074657326055 16.6459966279099 18.3950482707853 20.8218260088762 17.435305517819 19.956061464713 18.7216046178558
TCGA-B6-A0IQ 3 11.8429964948804 12.6553047124203 13.1853808346684 15.0136168600868 12.2396457717383 16.6345123513084 15.7941840164802 20.4629538477387 17.1722572690255 19.0988827263184 19.0692587649324
TCGA-A2-A0EN 3 16.7770334218942 14.3965673576166 15.5150007707398 17.1493239630819 15.3183729782181 15.8352627398092 18.2857525289811 20.2440077001178 18.0360074295034 20.0898812460109 18.7157226504171
TCGA-AC-A2FO 6.16514258284465 17.8426020317538 15.6242660396168 16.0299884922454 16.7274643328667 13.9813245467816 16.4270216633247 18.1195429306914 19.9425333479231 17.8416880097052 19.6463263899738 18.1659602518798
TCGA-BH-A0B5 3 15.7693494079858 13.5562813631803 14.7678937049862 15.631175290704 14.6422961451013 15.6296513032596 17.0929630044369 19.8827649986406 17.9106958569705 19.3608128567466 18.4560587240497
TCGA-5L-AAT0 7.75751600629907 14.9208366519242 14.2336516422035 15.1281005765813 16.1582202415957 14.5543622271478 16.6235538403827 18.2009192528937 20.118067656598 17.0426120447564 19.4705761247288 18.7350509816081
TCGA-A7-A4SC 8.64617654465486 17.8465828065153 14.8134225264984 16.3074464211133 15.6894450363205 14.8965932395518 16.3611226388619 17.7413835168734 20.0945017378829 18.1116722542549 19.167395482767 18.721956946801
TCGA-AC-A3BB 7.06344834766944 15.8856171979221 15.0896479656104 15.8668614384923 16.8753817719408 15.6487440029749 17.1807281112638 18.5540530395943 20.5184759532327 17.8991712815663 19.9068099325342 18.9045682877708
TCGA-AR-A1AY 6.14414131323974 12.0722011635879 12.4731278957249 13.1430895553841 14.621835501144 13.3596682008701 15.4431325341773 15.6971112014516 19.6070520536084 19.191963967143 18.9206976928239 19.136200886396
TCGA-A8-A06Q 5.74545751564864 12.3245741954364 12.4631274900268 11.6494606217854 13.7239020569156 12.2484645107411 14.3561819751472 15.696253572409 21.5180895369627 18.568666014674 20.1579313300989 18.7535674675405
TCGA-A2-A0T0 14.9003755916887 10.484543079299 12.0836444633846 12.9048668500279 14.6317091727183 12.7570364523262 15.6793139841822 16.3840831696094 20.6485481420898 18.5672716620505 20.1852514291791 18.9277461294569
TCGA-A7-A4SA 3 18.8526762864108 13.3958939788657 15.1744690308709 16.3670287289377 15.4763081980086 17.7358856633786 17.380104268068 20.4038039686949 17.5200438887869 19.3587648199436 18.6435724012346
TCGA-A2-A3KC 7.97492826886718 15.8594540502943 14.7805299422721 16.537711614197 16.0726832263289 14.4545479990471 17.0155134208083 18.0207282289626 19.9241958708611 17.4482732403764 19.5173608168331 18.5350936915569
TCGA-BH-A0H0 3 17.556396238774 13.4385179591601 15.0295883439634 15.0387468582245 13.4737598019615 16.6336202716745 16.5923620974786 19.3870813924322 18.3352196246786 19.969667489435 17.3280452426202
TCGA-A8-A07O 3 12.439032230588 11.7304128797913 14.1119621853596 15.1514727405221 13.0577808485952 17.2982969117784 15.9189816291721 20.1246986441443 18.9411569862665 19.0367064229101 17.646775535796
TCGA-A2-A25A 7.59305966781344 14.7134597234944 15.8422713191315 16.7599057577706 16.5672383565089 14.4787815387781 16.6257411075111 19.2217772733665 19.8934765083869 17.9891621233869 19.9750408845864 18.6431060462029
TCGA-LL-A441 6.7634337835295 14.4151351427859 14.0924801385313 15.8997894828085 16.748938243536 14.7175070594148 17.3325508670997 17.157672964349 20.6215235052506 17.2722694852354 19.2620189767361 18.2887563502822
TCGA-A2-A0YT 12.4462879437693 14.541044838746 13.9822206116403 15.0049518882452 15.3838654758015 13.4258287151541 15.9411201353731 17.1148999425109 19.695110992794 18.1784600774161 20.5221826268723 18.8147257215127
TCGA-E2-A14U 3 15.7049286428715 12.1345464301819 15.3602097541115 13.8128525243111 12.5023665194467 17.4424411057136 16.964383574519 20.052749936681 17.7090172901927 19.2053069079097 18.6284444630817
TCGA-A8-A083 3 12.587455994369 12.3912041272762 13.6627838515807 13.7964550581808 11.9575040597973 15.1153842549966 16.7397118878682 20.1255312775109 17.7836805536602 19.4647225196962 19.0237318485272
