X8354 X3456 X3046 X3045 X3043 X5575 X161882 X91768 X3717 X3705 X221037 X64837 X5576 X3799 X998 X5566
TCGA-BH-A0HW 3 8.53671069696515 3 12.7245072308467 17.7402552257023 16.0748031179277 14.9040455141905 18.3274462136967 15.4796361011159 19.6588603301251 16.1793834363219 18.4341455576114 17.4286332536239 20.1693546234162 20.6445514637321 18.6187042554512
TCGA-BH-A18S 9.74057559887539 3 3 3 15.3768635112588 14.2085413298883 14.5817221837291 17.9974770048736 16.0797629183916 18.0890853357174 17.3868288810499 17.3263371465231 18.079908292943 19.8198084759363 20.823002516576 18.4718681754503
TCGA-D8-A27E 3 8.50351593909696 3 14.4512222588176 15.2436409619756 15.9525125023995 14.9427788025432 16.9177717856473 16.2732222900328 18.591841639417 17.2731596720038 17.9057668982414 18.5434744480116 20.3132790845377 20.6415872725747 18.7199024879425
TCGA-E2-A1IH 3 3 11.8278668055033 3 18.1404268836578 14.8393389233858 13.8014016212964 15.4970351629621 16.8262810090384 17.5088448264464 17.4959687488408 16.6056075069378 17.9865672127818 20.3657123664513 21.1578112018232 19.3662660399495
TCGA-A8-A091 3 3 3 3 15.6355390908115 15.7540953721929 15.7322788729697 18.6870199165798 15.623210205233 18.7037046509771 17.1982405976075 17.1851672231988 18.0163813168802 20.3988714652182 20.5138327914091 18.6931627950941
TCGA-A2-A04W 11.4930018762511 3 3 9.14002205340667 16.9112467437775 17.0863724418787 14.6122991051159 16.0457982502227 15.9982484488949 17.181603803893 16.426558642029 17.2827684290746 18.248150677142 19.486793813263 20.9733775013518 19.33313595392
TCGA-D8-A1X5 3 10.0993519365051 3 8.80870926140839 14.7198493269098 15.9266726882878 14.1538011610336 14.8326636835096 15.9331997152465 18.3421517566995 17.2223355350148 18.2630954204888 17.9367979797621 20.6895566857218 20.7080683125066 18.4089870635851
TCGA-BH-A5J0 3 3 12.2475120130023 8.90490567656975 17.771555245891 17.2619243930031 15.2299803135179 16.7039533540248 15.9914464272344 18.2375678078568 15.7490374441209 17.7435686550529 16.9752263497118 18.6534457019941 20.8522805440737 18.9404763767419
TCGA-A2-A1G1 3 10.9636176656695 3 10.07753144065 13.5317151645965 15.3726918791386 12.1742776781863 15.4026323206675 16.975575987909 16.6961306736356 17.981339408806 16.6749233078504 18.9465962569149 21.1362533268299 21.0779968015772 18.871086021287
TCGA-A8-A097 3 3 9.18673566677993 10.7861120176118 16.6061766968468 14.6066613583801 13.4088809946275 16.3801857598566 15.7867292141156 17.1312227341595 16.9965094329101 17.4731915556222 18.729443525717 20.039924997387 20.5599770190111 19.1804551259893
TCGA-C8-A130 9.90620045823574 3 11.8921002017326 8.55555427330777 16.2868021097768 16.5239026735287 14.4763995942941 16.2171117738677 15.0601039018569 18.7954264233741 16.7437300473432 18.1091093275253 17.4141353464249 19.1457226058474 20.6866352665589 19.3135360539366
TCGA-A8-A0AD 10.1657727633766 10.1027052189244 3 3 15.6242498110441 16.0189203783188 13.9489584604605 17.234150340686 16.405907922419 19.0920295380531 17.1844051129316 17.4134072697212 18.5009033782872 19.5764012178247 21.3547348980437 18.4846746560628
TCGA-A2-A0YL 9.67373057093797 3 10.0802068468533 8.3263683642229 15.7467164473485 16.7605539474322 14.1237662252318 17.3451929826697 17.1420404471113 18.5209861142039 17.9467799630067 16.425790236167 17.6959511531517 19.6437469714388 20.6929653694686 18.4920909571929
TCGA-A8-A09G 9.58616003542462 3 3 8.24017649023165 14.6658662527913 15.7508052702237 13.5422576043788 17.3428419408158 16.9650865201504 18.7502296075756 17.4313987725246 17.3081403106787 19.0645350061441 20.5520354430781 21.0351775169529 18.1983227049013
TCGA-A2-A25E 3 10.1419623009744 3 8.27835555134284 16.5698139045592 16.1662234880544 13.2332052602146 16.3657080990463 15.6849218381564 17.6437623828203 16.962831855684 17.109063685919 17.6598883300102 20.4146844452436 21.5523779972326 18.6980769058058
TCGA-LL-A73Y 3 3 8.62239315845321 3 15.0806615626579 16.4538033107946 13.6362877246513 15.7124449593192 16.2325224058178 16.6502280543793 17.7709459746061 16.3788463695224 17.6793010703685 19.4866834984593 20.1407730405734 18.4368980162612
TCGA-AR-A1AK 3 12.3094784789867 9.74977304506254 10.5494395668799 16.2428355139745 16.2897451911184 13.8382961460192 17.2920260433911 16.7013802935894 18.9865138688203 17.518159565322 18.5307960573483 17.8564998471057 19.9615100561919 20.370380582035 19.1321712210009
TCGA-LL-A740 3 8.98474962113938 3 12.4651300128003 17.3692068080641 15.7875718417597 14.8596525409142 16.5867842956976 15.4726529686069 18.0724005260419 17.1001664376334 17.3674898092307 18.4054958885003 19.4043503358303 21.2429470396243 18.279773402801
TCGA-A7-A425 3 3 3 3 19.9308266874732 17.1774874870685 17.410398641266 17.3503357731406 15.5301384519205 19.0402064253347 15.8703877279847 18.1369647879458 17.6932213560824 18.8952339033799 19.9852919436949 18.4199934561384
TCGA-AN-A0XO 9.53671259457362 3 13.3915712244404 3 11.3271629038948 15.8995880050486 14.1315959562803 16.848471278298 15.7686892573675 18.6307478289717 16.9614274713015 16.8943122281201 18.5289924392934 19.7486487645775 21.0451301777587 18.5581792941473
TCGA-AC-A3W7 3 8.4712057201001 8.36234904623632 3 17.2553472229676 17.0882612912488 15.5059626964156 17.2347639633563 16.3392571255422 17.9679272619976 16.8044893114661 17.2970694106122 17.983887795679 19.617899613022 20.4735017596683 18.6360652958727
TCGA-BH-A0H5 3 3 11.0325470306421 9.52624932994157 15.0879834403441 16.5952820632955 14.8382660038781 16.785016563233 17.4963834625629 18.8480207896293 17.1861472315354 16.5293671056686 17.9764236346099 19.3573821315585 20.9732023944122 18.4987669076571
TCGA-C8-A1HL 3 3 9.25745418363785 3 17.5297905647613 16.9930076598948 14.3842222719606 17.3346259578945 16.0618441198956 19.1154897409987 17.0654930148873 17.6237194887301 17.9266285625751 20.1402246213153 21.1516257761699 18.8167222083532
TCGA-A2-A0YF 9.44121782125559 10.3697486064615 3 9.0764836881008 17.6372375198889 14.8698958541571 14.2281259842106 17.6489509564832 16.5658413099948 18.7685216806947 17.8648152552307 16.8126845000061 18.5686321176476 20.438113783899 20.5280865315022 19.0131731118139
TCGA-E2-A15J 3 8.79245717648906 8.68307985919521 3 14.1679641417464 16.2333423585924 13.5141629904509 16.7450176748742 15.7557200346876 18.1717061619466 17.5529299285676 17.4751540411264 18.2648266943805 19.8867641895598 20.330341691305 18.9639376749251
TCGA-BH-A0BW 9.79499772983497 13.6735070508233 10.6143418718005 10.0085838254937 12.906953161428 13.9401852044595 13.9548010183079 15.7237013138501 17.4818377872576 16.5382548469295 17.946359734206 16.9812354538969 17.553434720617 20.4706455783344 20.658558015139 17.44037667576
TCGA-A1-A0SJ 3 3 3 10.5153487831029 20.6998541954149 17.3030094270627 14.9230038331938 17.0901067175746 16.9560889206436 18.2243886548239 16.7614322210627 17.566637028163 18.383071292615 19.5271264110922 21.3092771012199 18.4729307651209
TCGA-A2-A0EY 3 3 10.9647405708663 8.47524015142581 16.6711478921214 15.2572983983709 14.1947902672356 17.6993132883944 15.8957190876865 17.8481655901246 16.7818932605501 17.5945131423136 18.3912954266336 19.6414901959968 20.4976186838905 19.3405143620118
TCGA-A8-A07R 3 13.6278427403067 3 3 10.4130521388786 15.6944754573858 11.3282311284523 17.0978109717271 15.7385905711544 20.0290076100824 16.6445435430487 16.4579358604029 17.8121976491113 19.8480277082348 21.148523721311 18.5114213698996
TCGA-BH-A18G 3 3 3 3 11.2703248623192 15.9100063198359 14.318865632139 15.5603882863433 15.5387467982293 17.8020313396038 17.0685967170458 17.2624734222906 16.7341582044998 19.4177867945285 20.912522624948 18.7224729398465
TCGA-BH-A0BR 11.1034319831665 3 3 3 16.77268330489 16.9407637423615 14.7084716006583 16.7024095616558 15.9918109555723 17.5692227769593 17.196153910758 17.7538441215339 17.8252729793234 19.2552093712415 20.9936830807148 19.1137877697081
TCGA-A8-A06N 3 8.12134663398892 9.56807392238323 16.0448723983552 20.6508898143359 17.8044978451093 14.8984841539104 16.8703102945217 15.4052135035906 18.8276382584829 16.1303638987484 17.6555754915876 17.6681537899806 20.4451412991177 20.8758095179843 17.9949407439065
TCGA-AO-A03M 11.0239244905347 10.3785844925122 3 9.08524183054949 18.168122807134 17.225044751608 15.7331836535959 17.5547286523817 17.4572944116651 19.6274128075789 16.3256370949764 15.7385764304636 17.9981624344244 19.624149931968 21.5063930168774 18.5039129692723
TCGA-A8-A09X 3 3 10.8656615620775 8.69303564770317 14.2695677632411 17.7757334048954 13.7779336159259 15.6847682901794 16.4933493095314 17.9918920393473 17.6688395211403 17.3139295513556 17.4280025987605 20.147327655423 20.9747585832718 18.4228210028821
TCGA-E2-A1LS 3 3 3 3 15.5787634776344 16.4353939809226 14.0281512916182 17.5802974580417 15.2684036078959 16.4755801661195 17.2960136946636 15.7316246896116 18.2103037930691 19.9233287973764 20.8420045878725 19.0234832816529
TCGA-AC-A5XS 3 10.7364313545384 10.0441937779386 3 16.0189448241726 17.5841936878184 14.5193081819976 17.7400706038406 16.2948835635891 17.8648491625143 15.8625050467659 16.5670211412109 16.6457195777402 19.418330329786 20.2702162948183 18.1623153680293
TCGA-AC-A23E 3 3 8.44455490992824 3 13.9490462356042 15.7730309825503 14.5474150486103 16.8039333964392 16.8220240157568 18.3351548543159 17.6467269940867 16.5909082660914 18.5801681105826 20.0800641061449 21.1093398152091 18.9287430119105
TCGA-A8-A06Y 3 9.03426939522902 3 3 14.228279900556 16.1843557879374 14.7366560929 16.929822569339 15.9675210631654 18.4967459697204 17.7321818868846 17.0626494604302 18.3499536293352 19.895067192666 20.1343750132456 18.4639774039295
TCGA-BH-A0H3 9.62897985734239 3 3 3 17.3204585274558 15.9145591078161 13.0792533501484 16.835821080092 16.5694131086472 18.4282126263912 17.9746164673385 16.5712324236105 18.4465771151434 20.1580800437814 20.8854298074233 18.7192400644105
TCGA-AR-A2LJ 11.6793693102332 3 10.5088027467563 12.308549513878 17.4714603704998 18.0886983100709 15.3187373362786 17.1765817067128 15.8416867110624 19.0339887086873 15.7781638851949 17.0187153747966 17.2124680380459 18.5139642390483 20.8804196980243 18.9333520203658
TCGA-A8-A06U 3 3 10.8028220568639 3 14.3341816121088 15.0992643306627 13.4707054530412 15.1834504073271 15.7126193598887 17.7962644431579 16.8598646675379 18.3234542066414 17.3472669052142 20.8289698693079 20.9581039335807 18.9225029825248
TCGA-D8-A1X6 10.4271315978896 9.37272041873046 3 10.8627173644489 15.7503294468363 15.5370968334995 13.4973043372513 17.7648043131405 15.7689998923208 19.0498792962154 16.9901698889685 17.2519516765291 18.3806595756128 19.9358043863367 20.6700866150636 18.9645080583894
TCGA-A7-A6VY 9.78456082803646 8.73523546303575 8.62594261777778 11.4061004977539 13.7113537005981 17.8447092102494 15.1906443023498 16.1328586886041 16.722356459172 17.5445450749602 16.4959815241971 18.0692095310819 17.4215304157454 19.4672558392069 19.9987179782398 18.9047849830938
TCGA-E2-A15O 10.0148856373223 9.95186793936407 12.6378674448745 9.64856553825101 15.5279719223643 17.7499001639106 15.2799399737915 18.5158926560158 17.1267317903555 18.5498247393341 17.2244224553163 18.2407192502273 18.1949822285044 19.9094012364641 19.7409939501579 18.6532149578201
TCGA-A2-A0CY 3 3 11.0329645543007 3 12.5584625057114 17.0549486625234 14.3239833247238 14.8005349826819 12.7559861085364 17.4991148081954 16.09331638578 17.5821326804792 17.0713357813695 19.0346501653068 20.9845937352628 19.6713471134332
TCGA-OL-A6VO 9.7407000560667 14.0905530407035 10.5598263106846 8.39233774253159 15.1728896284538 17.3306370117471 13.2007328214984 17.0231043339536 16.8257756414211 18.0069387662599 16.7939664718732 17.9940061061172 18.2594768253321 19.4156701626414 20.9304623143099 18.1212746865394
TCGA-A2-A0CL 10.8104804496611 12.0651436626276 9.64355562270321 3 14.8076504762306 16.2476628740544 14.9383509881934 16.7059990609359 17.2476837422892 17.8705100673993 19.0936040057074 17.9622000838626 17.6205621713448 19.9176483442373 20.6490138333588 18.4441684143115
TCGA-AR-A0TQ 9.44889121173376 9.9653160007007 9.27603283423937 8.10524140182466 15.4357504461139 17.26039712454 14.9028308697902 16.8146479738184 16.0683707031362 19.3627168693781 16.8563142193442 17.1734155320585 17.9105914474933 19.7838631848191 20.6393680035503 18.2678087564678
TCGA-E2-A573 11.0405608901954 12.2957767961431 3 10.9930994824949 15.8899472603154 17.5732784488412 14.1361036864777 16.0870036895412 16.9533687546023 17.6601845825102 16.8991588195748 17.3931734174576 17.1858419472433 20.4071962241387 20.7932650791447 18.5281322944382
TCGA-A2-A0CW 10.5368517815088 13.5109253853831 10.9449048576407 10.972598456619 16.641816602719 17.5696443643453 15.4507408963605 17.6719769885358 15.6037280658413 18.1926090122943 16.5212644700344 16.4498070386572 17.6694099979633 19.6807779826034 20.0973579292257 18.3013220307418
TCGA-AC-A3EH 10.8369775236494 3 3 3 17.0851706277101 16.6686507285636 14.9114810435314 16.0534106594502 15.6735213348276 18.4757520736221 16.1264926995039 18.2268103029965 18.3499064059775 19.9703438710525 19.7622220279 19.5091956568429
TCGA-A2-A3XX 11.3747899971989 9.73555737911008 12.519346162963 9.43269953696915 15.796705533782 17.6451809536849 14.8720371550324 18.3663170949748 15.3390912104508 17.3149527467629 16.9054473737 17.0439182981756 17.3429288845676 19.3789890612355 20.5447161187265 17.9034920319361
TCGA-AO-A1KQ 10.2818776090104 3 3 10.9090184519565 17.3559187591443 15.3660557392399 15.0228178719629 17.3635048196847 16.5677859671185 18.2012407508116 16.4904538857352 17.7725384708187 17.635002487433 19.2703813713062 20.3750215550077 18.7693786328085
TCGA-BH-A0HN 10.3879341956257 3 3 3 14.2170995167504 16.8823051453413 15.0248377583958 17.7341127940507 15.6201662868768 19.4458964597897 15.8293786041123 17.7770701794333 17.7400882363112 18.3112985055732 20.4506761285252 19.4761093887164
TCGA-AR-A1AR 9.29265813568662 9.80850788666157 3 3 17.2396869183406 15.7493320748224 12.9962974079177 15.5770331314257 17.0446499554815 16.6378661814806 17.645765922454 16.4556804163236 19.0109651826094 20.6879040252766 21.3301153764817 18.9522142566076
TCGA-AO-A0JD 9.91983386145085 3 11.5441079336384 10.5460361034292 14.8956892063881 17.4997643100025 13.2724619601046 16.6541820162518 16.4415887814265 19.9689940415446 16.3195893545969 16.3807556317831 18.8699736893274 20.2728978737266 21.0312941321423 18.9020681094902
TCGA-A7-A0CG 3 9.8767539313528 9.76627302119372 10.5660050187671 17.4737440813976 16.2129800457455 13.2639752905563 17.5146213165614 17.1092675796526 18.0939443034768 17.4705967007554 16.0571451479501 18.5490780166881 19.9690953608799 21.0541740025224 18.4738667904532
TCGA-A2-A0T4 3 10.2253469815797 3 9.92156986136373 19.2824198575405 16.8888063717861 14.4678895968849 16.4471861741195 16.1710840728561 18.6335192403973 16.882478251705 19.3152355583339 17.7406440522387 19.8924177745227 20.7014038616473 18.8292338610481
TCGA-B6-A400 10.5196362671915 8.48090421490176 3 3 12.2417118316593 16.8556268806012 14.788123585785 15.8904652508219 15.8468839672524 18.1041580930652 16.7566495865124 18.098990654466 17.1694145369247 19.0922834381366 20.3337896789481 18.6131557552085
TCGA-E2-A576 13.2499395938666 3 9.09502894619975 8.90348618409993 17.4833514050973 18.125959432768 15.9641515432985 18.2444044724253 14.7627370674385 18.9662380571938 14.6841280827446 17.6225925321564 16.5113235200932 19.3504812148063 20.0368980262468 17.8491698775314
TCGA-BH-A0WA 10.769901161646 11.0272251365674 3 3 12.8883018463651 16.5242433557828 14.1963583148104 17.2149643194139 15.6203480013774 17.0876976537841 17.1158303311849 16.8705910448566 18.4358424337033 20.8206091816808 20.6970299984215 18.7608797867333
TCGA-A1-A0SN 12.279185705485 3 3 3 15.1491435055546 15.7301253020191 15.1246898383232 17.5437707315172 16.0282746878041 19.150037788832 16.9385687590107 18.1573603366936 18.4330209178005 20.2788611994222 20.6940996356762 18.5144760967853
TCGA-A2-A0T3 3 3 9.45656126448864 3 14.0953326552256 14.9857348309768 14.1892879505407 17.4868210461726 17.2287274614205 18.8998529971468 17.1004972370163 16.8642629050756 17.5164990095505 20.0449052774319 21.0082414867163 18.4962927130006
TCGA-BH-A0AZ 3 9.22499467572492 3 8.92349168746917 18.3926336512847 15.5677014289703 14.1104975312707 16.5201656656082 15.9656559175293 17.9561728261757 17.6714742710416 17.660445071376 17.4267485862342 19.4517029814664 20.7146584092848 19.0779567155965
TCGA-A7-A4SE 10.5185604404888 11.0376146759096 11.3401432732158 3 13.6350811856542 17.1483868131781 13.6176273829756 15.8470020289471 15.5453119770402 16.8114633490049 16.5783155128984 17.8414521432395 17.6538635867988 19.097775487716 19.2246259479432 18.5556392564578
TCGA-AQ-A1H2 3 11.116051778264 3 8.04190572945289 15.8912378585224 16.3456795897907 14.7190258876964 16.0012233415063 15.5243173655076 18.9349552448263 17.5891780703228 18.4423140381657 17.9467690345208 20.1306863761523 19.9118883663371 19.5465378389453
TCGA-A2-A1G6 3 8.64862805159846 10.1036031112855 8.3493546388911 17.582764216856 16.345850325811 13.8879302111189 17.5983600109057 16.7392988903385 17.3646720189398 17.641434507741 16.2952680368366 18.0760975061558 19.9327034386512 20.666130278058 18.6142472477604
TCGA-A7-A13H 11.6330342480344 8.5960154300346 3 9.27852747880562 18.3258233359831 16.9642944564743 15.0441143725058 17.0418764823456 16.4213566335372 18.0991911813962 16.8204310140378 17.2667193142659 17.7361403769107 19.5790354063181 20.5938258080992 18.4386971042641
TCGA-B6-A0IP 3 8.40536273955827 8.29662782787215 3 14.9805265906271 15.597708609529 14.42669223567 17.4862633405447 15.8473006042405 17.6884106237833 16.9105133886189 16.9998872009257 18.1085387619987 19.5858846278859 21.1102482240244 18.6614546384272
TCGA-A2-A0CZ 11.2285403844798 3 3 8.87887605885894 16.6634821420054 16.4796547044161 14.352679942238 17.4996699054707 16.3563373366963 18.2141899449752 17.1236245632704 17.7242833939708 18.1389187119929 19.3375192457304 21.0155839311347 18.8878323522453
TCGA-AR-A2LK 9.55777086173016 3 3 3 13.2326744800843 14.6126456033068 14.4849666926757 18.1956155131401 15.6381412824319 19.1851662073726 17.032076050885 18.1225603195394 18.3878779274331 19.8027968913431 20.4070170256401 17.8871952887035
TCGA-A8-A06R 9.88014424290297 3 11.0203535285356 8.52984071173693 14.1030346546931 16.2383463757167 14.4132034084964 16.0408287350971 16.03793071418 17.8675737236891 17.1786922472385 17.6625793227292 17.9358631302854 19.9807242288607 20.8330155673195 18.1099382870999
TCGA-AC-A3YJ 10.3308049365422 3 3 11.2788227345192 18.0255069651956 17.1860831360093 14.9080090961854 17.3341609644265 15.721425563036 18.9169184720482 15.8793388216414 18.1938684950238 17.0834898181632 18.6685390067145 20.3547025114499 18.4950236207768
TCGA-5T-A9QA 3 3 9.36114876191175 3 15.3021905350679 15.5364995029568 15.8046261930142 17.8524539038317 15.4695668487292 19.4091301474619 16.3955685948815 17.7860467485391 17.5731447006621 19.9997265055795 20.1796652391282 18.271629520363
TCGA-A2-A0CM 10.1758834798218 11.1075917001668 3 3 15.9855458743882 16.4559539779833 13.3498308520505 16.2692438420833 17.2984203245921 17.2980263033376 17.5256803181267 17.1131223770344 17.9047112753762 20.3934263114605 21.0365961433625 18.0424340925597
TCGA-A2-A0D2 9.91138538692027 9.84840502214516 8.75139684555398 3 15.3217931829975 15.9634320820133 12.7350025945471 18.2587722492377 16.0349140379693 17.8099739452629 16.9038133528386 18.2757753130211 17.7854263891665 19.9533706501428 20.4822226370925 19.4610504267755
TCGA-A2-A4RW 10.554498040692 3 9.38913315085247 9.19702943871295 15.135294927382 18.4368592683821 15.9816943796372 16.8336711630137 16.4961075568547 18.645820185909 16.8993706735329 17.825565597947 17.2777083515062 19.6635073092384 20.0310787757377 18.6762193953247
TCGA-A8-A095 11.3272001095167 3 3 3 15.3469451806887 16.0278655624473 14.5412282322419 17.1945097572923 16.5643645283282 18.0840419731518 16.964288832906 16.2094230006284 17.9302624850846 19.9856845217828 21.0825422441289 18.5892256716153
TCGA-A8-A09R 9.50264931024098 3 8.34753920367629 3 11.8762610488641 14.6071422147518 13.9509693936995 16.2947412416302 16.4458634358953 17.6084720055746 16.7865618039654 17.4113471530066 18.5823214341539 20.1348717207439 20.3369924372887 18.5653874610954
TCGA-A2-A1FX 3 9.29445173893853 3 10.3010052742274 16.927736570379 15.8671195666752 14.7723528402557 17.1173645356742 15.7678831388989 19.7438570492332 16.9312859133616 16.8842165786785 18.3281841597685 19.926896410469 20.4388407616114 18.5073214047473
TCGA-A2-A0T6 3 8.54300375137161 8.43402047481917 9.22508607185467 17.9900996688422 15.4453481013787 14.0084116289138 17.5355728125835 17.243294902867 17.6338750693749 17.7415506555932 16.8044265295778 18.4550623717409 19.7474781855576 21.0883873810819 18.6244068954486
TCGA-E2-A15F 3 3 3 14.1044436294075 15.1417726621303 15.7724024263868 14.2881382099551 17.5856918270559 16.0863389802274 17.9893367334447 17.1612000191455 18.1133555428442 18.9371009226446 20.3195563420065 20.7822717530171 18.8969059267082
TCGA-A7-A3IZ 3 3 3 9.41420128865633 14.4367500843563 15.3805976429359 15.7525886518551 18.2625240107077 15.149398977362 19.1650083488187 17.3330489377976 20.3511472544026 18.0063986193975 20.5253774285592 20.4772643351322 18.5609185112317
TCGA-BH-A1EU 8.96314721367422 10.2080335568753 8.79113982581576 14.5819589863856 19.9002830917215 15.2233251535735 13.6540983316712 17.0611791498459 17.7489310315288 17.5032071994093 18.0551716661316 15.6222677797341 18.4510350553827 19.7639785980251 21.1295267795526 18.4292771572954
TCGA-AN-A04A 10.823867351187 3 3 9.46434423770557 16.2041760059331 16.4944890122963 14.0275029837275 16.2904663465881 15.2292557584203 19.2079411554066 17.0404093877254 17.6058728521603 18.1657230580633 19.9645800607331 20.7930885976749 18.8184833233876
TCGA-A7-A0CD 3 11.0543004548009 3 10.1679143664329 16.8241497757155 14.6249449986061 14.3099834005064 18.9936166149362 15.8864344081917 18.5402213001907 17.4966125488522 17.8375500402381 18.5133134399092 19.5070493513763 20.9225335553143 18.2509697302814
TCGA-E2-A156 3 9.85953522118509 3 11.5448721202732 15.3677770144603 16.4063278240102 16.2383518610617 16.9877324503958 17.8885036684451 18.5453745964337 17.40687537001 17.2413840689458 18.4589640508396 20.1620027096389 20.7481857148384 18.8308068197185
TCGA-A2-A0D4 3 3 10.2237001017817 8.06323766773099 18.9908515647736 17.4235605831985 15.3810067171441 16.5582242092035 17.4657761499934 18.0590058261329 15.8014192161659 17.503720378583 17.3582912166027 19.942991499137 21.4019658688575 18.3124258085013
TCGA-A2-A04R 3 3 3 10.836670710405 17.5937103112385 15.5421488385886 15.3197017017446 17.4935830415503 15.9203627066139 18.9064388671425 16.9560716901623 18.0545947081328 18.2490488627835 19.7049156805819 20.9031466418131 19.1630856471381
TCGA-AO-A0J4 12.4772595424377 11.0545807242098 3 3 15.7851599892932 15.3172447494063 13.5822132785588 16.9448137925838 16.4422855470144 17.3026685100036 17.6689002624327 16.7848484770216 17.5223497178459 20.2776184234849 20.3052599587437 18.6083995219262
TCGA-A7-A6VW 12.78015613851 13.8312639508694 11.8290960486539 3 15.1492495602392 17.7709919741308 14.6531846600634 16.4632258534097 14.6527750625068 17.5363782968844 15.6779508527201 18.1801227663247 16.8334449980884 18.9371412940392 20.1574895743072 18.461854011556
TCGA-E2-A14Z 11.7314243456248 11.0848671660481 11.7787206285124 12.6821378610256 17.9310953097857 16.2130252894788 14.9289515832357 16.5141925499212 16.1993116379274 18.356950734619 16.567433263793 17.2767986161109 18.7514435309856 18.7579759813849 20.6545729460186 19.0132257548858
TCGA-A7-A5ZX 9.95921282141435 3 10.7791679876096 3 15.0274767696433 17.1675945949134 14.557913981162 17.4443524727588 16.1815865754625 17.7098646999465 16.9096432549174 17.0587943218281 17.4241476560032 19.317344265705 20.5365553423624 18.2419357882184
TCGA-3C-AALI 12.7468036231276 3 12.4202412238618 9.07517969043797 15.9253952442449 17.6546633062159 15.3271756072325 16.4656558097961 15.5486013286164 18.2247937749443 16.2910484398451 18.6194746274911 16.6857504963754 19.2119664407337 20.0520689140461 18.8383820146179
TCGA-AC-A2B8 10.2555240747244 3 8.11335634376759 7.92477484771106 16.9230076346854 15.6309235715974 13.5722058231903 17.2399921942665 16.6885546301387 18.3410842566205 17.6535439070077 16.7201274256311 18.5051819822683 19.9668530063472 20.7500332865329 18.4867007280324
TCGA-A1-A0SB 3 3 8.96268683379848 3 16.5483163692891 18.1173232412412 13.8505291361323 16.7295341072686 16.6612496794362 17.1182078563139 18.50400034877 16.9042440813777 18.6856747359335 19.8484852699698 20.3344873308805 18.2581816039499
TCGA-E9-A229 3 11.3237441789634 9.80568432892876 8.05717712733648 16.3543915616985 15.6525406082439 14.1967659344921 17.2499871244611 17.3788528463723 17.2919455383096 17.7579734635787 16.7728593663016 17.7241424867415 20.1365921852798 20.6387734817562 18.3103462631803
TCGA-D8-A1JC 3 10.1813871669581 10.8734668609683 12.038031676671 13.2393356193168 15.3740930829558 14.2514559634713 15.4373501628968 16.2529923992003 18.4124441001001 17.7819245644634 17.5303374672897 17.9155837925823 20.5790383471313 20.3092989546034 18.1849480866468
TCGA-A2-A0D1 3 3 10.6759382127828 3 13.7393807251589 14.6233021342758 13.8414478199662 17.6153448565916 14.8807150806603 20.0197300103338 17.3377511005614 18.3206947314245 17.2850950744316 19.9780165165642 21.1815629001053 19.1162064207801
TCGA-AC-A2QJ 13.0812642810335 9.70834675338334 3 3 19.9100874926116 17.1010498273055 16.6223793944158 16.686545552827 14.3924023665968 17.9975805133678 13.818229222434 17.2136703005406 17.0572634157876 18.0762590935381 20.767576785525 19.2111307017721
TCGA-A2-A0CK 9.97410111086974 3 3 3 17.4894132304101 17.5414108710552 14.8405008501957 17.3125079395478 15.6904133396515 19.1083292597458 16.3388651836837 17.8043008247249 17.4067238704879 19.2070448790405 20.8628372344352 18.7636764173939
TCGA-AQ-A7U7 9.89741543151922 12.6309186582497 3 9.53137098137119 14.6321504198773 15.8343775281308 14.811880925763 17.0519714679955 17.4640467207544 18.5418862215291 17.1981552719087 17.0926229033355 17.294659016317 19.7825387941789 20.5523388505622 18.1641756526761
TCGA-D8-A1XU 10.4499064385839 8.41239087756707 9.28526240365778 3 15.5725664523141 15.9577705354127 14.6902129493949 15.8288951898349 16.0725657218077 17.3080066639649 17.2337046643769 16.0714188448094 18.1021260651346 21.0090416396334 20.6971112238153 19.1380849056968
TCGA-D8-A1X8 3 9.62216450053447 9.51187376151964 8.33751874366911 18.4186004926426 15.9165523654871 15.4011500420911 16.5534292499111 16.445266198671 18.2350049580835 18.0995076739452 16.9173484080973 18.1899770990349 20.1966226990413 20.5064103147458 18.6845293277295
TCGA-A2-A0SY 10.8062650667128 3 10.2194941993007 9.4468648944745 17.4718080451054 16.2281800002217 14.6443860811202 16.9615488756625 17.2137528817548 18.1714008023324 16.9657723850727 17.0855536514191 18.1091847468648 19.7036267182279 21.2000484868405 18.4450051124711
TCGA-BH-A42V 3 8.45242544584215 9.32572788039481 9.71183302931629 19.398469256913 17.3194168866465 14.8605039566385 17.3878834278713 16.5931603023897 18.2611067039457 16.7938276602623 17.3290655406212 17.5486509338643 19.2555579895917 20.3704909379943 18.3482454146168
TCGA-A8-A08R 10.5782961753445 9.52298147782424 8.42960891134719 8.23984721569948 13.1809005007904 15.2734773679861 14.1891361111803 19.2303529808779 16.548726497769 17.7037993552219 16.6172122983871 16.6936688904621 18.7115214753197 20.6079905211874 20.7725757511791 19.6933069133498
TCGA-A1-A0SH 3 3 3 3 14.7033706629734 15.8045040569501 14.3780387536538 16.1438766284545 16.4977143424397 17.890324542717 17.5115530411312 16.9485387021228 18.0544466305851 19.6239587687894 20.7746164348495 18.7469930170182
TCGA-AC-A2QI 3 3 8.52040418446882 3 15.7057164657345 17.4110679797544 15.1164880725115 17.4491807810125 16.0776501717222 18.0417942581039 16.5337598361071 17.2522885651442 17.9097361152572 19.7479677113822 21.0716994852935 18.6572467678443
TCGA-AC-A2FM 9.70870405425652 3 3 3 17.6862988249957 15.5716849361512 16.2716875493102 16.5187341517324 16.8655666646378 19.6982063288889 16.0731135183716 18.7067817153828 17.9622679843183 19.972192742972 20.1464236038414 17.9974922000211
TCGA-AQ-A0Y5 3 3 3 3 14.5582578486263 15.2475129194417 13.3193931317282 15.6274527104819 15.612612737925 17.8959633904444 17.3091482769345 17.624004447841 19.028946976271 21.016381165069 20.8915820146062 18.6309332251494
TCGA-BH-A1EV 3 3 3 3 13.7126025142204 15.0479548405122 13.3299773272108 16.2641021083199 16.553630625529 17.707375296328 17.5930349151677 16.6888702999149 18.7524559758291 20.0250876494963 20.3794367337195 18.8363203866248
TCGA-AC-A2FK 3 3 8.88180914517176 8.69075066299635 16.9835299844738 16.7473045394929 13.8600326465754 16.8520444812605 16.7970130785357 17.4016292655001 18.174260763834 16.8606158844645 18.295181773965 20.0257655183721 20.5761131367074 18.4683622761501
TCGA-A8-A07B 3 3 13.1702597318016 3 15.9112902637466 15.600377366086 13.3190577261657 17.7381220020245 16.7420397697821 17.5976302789387 17.5574308675939 16.9293118209814 17.8298440522838 20.6053474780486 21.5276891535585 18.030033743685
TCGA-B6-A40B 3 10.2215705285573 9.53112682063627 3 16.8775303991367 16.2137340579079 15.3183496891585 17.3577962865184 15.6497369950738 19.1569938724823 16.829366765203 17.7695617198296 17.4305398915061 19.0839512004328 20.1440068308456 18.6588535157032
TCGA-AC-A2FB 3 10.5675261946881 10.7769548946508 10.2632686648498 15.9612289074591 16.6300622029497 13.8230120782127 16.4528114322208 17.296492232109 17.7924698573391 17.3833537565183 16.6027960678316 18.2429731437981 20.012801602697 21.2493708964512 18.4275494992807
TCGA-A2-A0CP 3 3 3 9.37568075162391 19.2559265014697 16.9055760867524 14.5958299409732 17.1170492448688 16.2703208125463 18.7495132060965 16.8297233101575 17.6741220766812 17.7470964473746 19.0535758993704 20.8309661736169 19.3530565558557
TCGA-BH-A0BG 11.5888672412304 10.1169890377907 12.6598412068861 3 17.1863729878019 16.3951662650951 12.3227647078802 18.4415804681384 16.9371567924243 17.5749165201179 17.388381959867 17.1602403146997 17.6102785730831 20.1779041911189 20.6212223769354 17.8680711739694
TCGA-BH-A18K 9.80277863611963 9.73984043450779 12.9382112532164 3 13.4404084840545 15.9251198683578 14.6710657518819 16.831553933608 16.2888745932509 19.0599726414082 16.8464763938204 16.7887539497786 18.0493772123335 19.6120504349863 20.7351320179976 18.6454568720112
TCGA-A2-A0SX 11.2021090649296 9.56404830802371 3 9.84027428940437 15.3589471688051 15.0934804572125 13.3988263993676 16.4595420367071 17.2011715992663 16.8119903396208 18.2678582379092 17.3594214944168 17.5818748980976 19.7867451955264 20.7478760965109 18.7741978200324
TCGA-A8-A07F 3 8.37730938160725 3 8.07943491750962 13.3127417803556 16.0448282414999 13.9512542984361 17.7002028395268 17.6453789411118 18.8381329381624 17.6405086813179 17.1351500333977 18.218035962832 19.9036468942704 20.3453370608116 18.0177455402763
TCGA-BH-A1F2 11.5378856145913 10.0662470779535 8.39374300089905 9.1844003175697 18.6620307346639 13.7216515472939 13.2778238486263 17.0049149717246 16.417220968296 17.2604358066918 17.3912995562887 16.5531386262344 18.6339037346699 20.9618230912626 20.6113404906796 18.6406627659016
TCGA-E2-A1BC 3 3 3 3 19.646100463754 15.0317592188381 13.9302996244728 17.230534723775 17.1858161952715 17.4385623800187 17.4266042741282 15.768204537786 18.4791851324637 20.3454865481952 21.1275953465763 18.8701470032589
TCGA-LL-A440 3 3 11.049179429811 15.5218060930665 20.600737829364 17.584858097351 14.6768629452811 16.8724497558377 16.5273256208744 17.8485311300341 17.4231191365056 17.1986169976616 17.5367103157501 19.3181081339387 20.2198401409702 18.6081324286998
TCGA-BH-A0W7 3 3 8.8410613775698 10.21578526956 17.9642053585545 16.5812392072648 14.6517334219389 17.4874370333691 16.7779647470017 18.00262666378 17.0181374402897 16.2227736025334 17.9165437187649 19.1936112541491 20.9701015200306 18.6490511881204
TCGA-A7-A3RF 10.75611861882 9.69985482317439 8.60440606834007 3 14.533343835384 16.8183562958947 16.2360782081657 17.743697966198 14.9239734775878 19.7620443546174 15.9875973672881 19.475245493467 17.8812043985249 19.6592425492435 20.4403299145371 19.705456267987
TCGA-AN-A0FK 9.93417004957424 10.4520299593762 3 3 15.4896845732198 15.050266889463 14.7430286748492 17.9246023246508 15.9770590809954 18.6876074743967 16.6116160855001 18.2574563347018 17.9357799710965 20.084377009336 20.2554897881324 19.146596737019
TCGA-AC-A2FE 3 8.56149581814777 3 8.26264347271742 17.4597114552259 17.2178598909768 14.7774030015284 17.436338447911 16.4413660436736 18.7132589977385 16.7457124213849 16.6943843353905 17.9130578597715 19.4349952925968 20.3328884108372 18.7171637934951
TCGA-GM-A2DD 3 9.20137173877784 3 8.8999437582318 15.5953960880581 16.7187597216546 15.5037228456348 15.8558685910201 16.6152693057103 18.1990672368071 17.2655400390055 16.989328255423 17.7573501712434 18.9716921942487 20.9262461507418 19.0213653781771
TCGA-D8-A1XD 11.1022991791227 3 3 8.7544418349131 15.6103401642688 17.4769994226668 15.0236032721391 17.771823369025 17.1393051975084 17.3939124907867 17.3315065948861 16.8741612194573 18.5280194397657 20.5418318953481 20.9312210680092 18.7033889522018
TCGA-AN-A0FZ 3 8.28308138473918 3 10.2707924715155 14.8976145040571 17.4028206892992 14.0987557781545 16.8846061525044 16.0125091871169 17.6150725784054 16.106595043152 16.4943289488285 17.7139740885648 20.8635527090095 21.3695652651918 18.6777122395046
TCGA-A2-A04P 10.3799101071232 11.3122485486053 9.21577830374797 10.0128633726355 14.9805090123189 17.8843396447991 15.5516420609442 16.7412563935027 16.4197379035048 18.9492701850798 16.7422464012956 17.007472717543 17.0920192252612 19.6482478347927 20.5002528609718 20.1748965797898
TCGA-AN-A0XT 11.1205324441175 3 3 3 16.6063288008899 17.7701632418917 15.7033929539608 18.6945446733033 15.9811629131731 18.9402428736664 17.1286229251182 17.7274183137315 17.5419460157324 19.9830052145036 20.3555054741721 18.163237390985
TCGA-A8-A0A1 3 10.8502826994753 3 3 15.1775720424904 15.1676824988564 14.1639510113214 17.5600608748448 17.2492921260278 17.8363314040792 17.2055877356266 16.6879572548383 18.0993438033732 20.1069958431377 20.669089679147 18.6017879185834
TCGA-A8-A084 3 12.888065904273 3 9.59548535842366 12.8906611018059 16.8368410314627 16.4027471638657 17.6274656132081 16.153851151185 18.7070844276358 16.7120338319506 16.9725056795397 18.0922928927684 19.748717133908 20.8060145585917 18.8325494665976
TCGA-A8-A0AB 9.32788976436237 3 3 3 16.3745626526971 16.9699118689638 13.2750014780568 17.0318289749034 15.3890697307889 17.9712137132622 17.1886946997946 17.1553364700622 18.6853066588445 19.7884545472671 20.8843368863517 18.5214598779134
TCGA-AR-A1AM 3 8.71868171053876 12.28231459622 8.41908764657707 11.9375741313264 17.2421643098163 14.2747906977503 17.7080502395632 15.9680402793105 17.8813666473592 17.1307688090725 17.4951549568113 18.1720206645771 19.7465078021436 21.0843145493204 18.9413857107554
TCGA-BH-A0B4 3 3 11.1832567901155 3 17.7398612687182 17.4695625727425 14.5330451827044 17.3287962356603 16.7042843183327 18.4464355111183 16.7468105794884 17.799014022935 16.9678762507026 19.3022337618117 20.502324383723 18.6933138252582
TCGA-A8-A09I 11.2983720373988 11.3721267242331 8.82258733721167 7.66048548686376 14.3468723528957 15.9505700197254 14.3072800355042 17.3814368902155 16.2214176182454 18.4411475186292 16.6569361349639 17.8618218113985 17.4031282326117 20.3135525236242 20.6503376113562 18.3515608992865
TCGA-A7-A5ZW 3 3 11.7383211472584 13.7338444760893 18.5695107953434 16.6793775274443 13.8817985848631 17.101056120229 16.9559681849336 17.5392128414131 17.1321180994528 16.5972058299617 17.8789395310377 19.839661480794 20.9002769279696 18.0055841476576
TCGA-E9-A1R4 11.5046629032672 10.445466325032 3 3 13.3506710502335 17.563988087758 14.683977424011 17.7698981222446 16.4283006960972 18.0188940188221 16.966684333964 17.613706333127 17.9449793608977 19.7453106249952 20.6964811770215 19.0338882884907
TCGA-A8-A085 9.22923414576319 3 3 3 14.5354971563821 17.5041029611791 14.4508541413452 18.2393421127559 15.2177866896839 19.3804077778269 16.934408456434 18.6835664882272 18.4672568688871 20.0739173386344 20.8677981377553 18.4900217954002
TCGA-B6-A0RN 3 3 3 3 18.1711940675125 15.4994973209703 14.7366476763522 16.9389869064058 15.6376710457673 17.894482789348 16.7069924186174 16.8095588177592 17.9070111897883 19.5878419419355 21.3555010680577 18.7124994335067
TCGA-AC-A2FG 3 3 9.1504946916157 3 17.5109542120473 15.9025136003233 14.4857102200258 17.4504718793332 17.6507550188112 17.3731477540023 17.5000982509956 16.5578395124555 18.1005977659323 20.1443921621928 20.6108504593697 18.3483552707362
TCGA-A8-A06O 11.2766257049232 3 10.1074795418636 8.35316376858563 15.4523096994231 15.7049986592432 14.1945365137449 18.3041579137831 15.5633793934084 17.9597481428035 17.0325842467477 17.0790233211457 19.0552120830623 19.9861360748693 20.9182828259477 18.5464091349022
TCGA-BH-A0BZ 10.6190168813866 9.56347446098378 9.45323252564394 8.27971072341255 16.3154491894438 16.8325881242879 14.7868839501913 17.0810633370973 16.4826863665377 17.8616154210981 16.3367529578749 17.6734841125578 16.8275378039212 19.3997435919057 21.1780492829662 19.081488937557
TCGA-AO-A0J9 10.993018086469 3 9.82513750949729 8.64685580347899 17.5571629238106 16.427912845666 14.6974428095974 17.2770365435178 16.0875325228692 19.0651564090194 16.7246440188603 16.3408932466392 17.326821891571 19.5272425473668 20.4514585287455 19.329162714615
TCGA-D8-A27P 3 3 8.75975819965199 8.56901080884196 14.8473390926134 15.5589443280882 14.6142803201966 16.986343656496 16.570418785271 17.4264179079234 17.5735513670611 16.791488577329 18.1839491112691 20.5280293879615 20.8042412513256 18.7081010245376
TCGA-A8-A07J 3 10.7434300099757 10.0511721780612 3 17.8896900522073 16.0135146594051 14.1860824829047 16.9498627541285 16.5208404475419 17.7797559246245 17.194571805039 16.4870910612261 17.4074780260234 19.5170960904678 21.1385063283128 18.7737528212659
TCGA-A8-A07I 3 12.4349053937438 3 3 12.1160915602988 14.5259738972061 15.0456619073267 17.0401282344731 16.0296596034763 17.985389558754 17.647102057695 17.7681172278865 18.473334399426 19.7866056096887 21.3905285714242 18.6184314684019
TCGA-A8-A08B 3 3 3 3 15.9167717162626 16.2763542512395 12.8076216315328 17.1987379572639 16.0759052975085 18.1912216715537 17.4461745326884 17.3896026282412 17.7440774496226 19.0232569062151 21.0301080140617 18.1960745507139
TCGA-E9-A247 3 10.4421247853501 10.6514596660731 3 13.8846249892965 16.7200303574665 13.9260322252119 17.329397109344 15.7808424905512 18.8500429966958 17.0218705496274 17.740100130891 17.5242031279825 19.8458909668405 20.5391494966266 18.5492193742193
TCGA-BH-A1FJ 3 8.38074802931539 3 11.8501300757404 15.098647931276 14.8301535833371 14.5546555911646 17.3806047261086 16.6587431105902 18.8465819251952 17.3779843426243 16.8550084227299 17.5343090973147 20.4822342013814 20.9259111172673 18.199032962544
TCGA-A7-A4SD 10.292300142779 11.5453418867274 9.12884521960952 12.5004489747813 14.9128346308467 16.2700978932049 12.9297434038037 16.0573872987525 16.7809693971972 17.305186731686 17.4212022835357 16.9600828777448 17.9393695945021 19.5646395209126 20.2516167041448 18.4069636826814
TCGA-A2-A0CU 3 3 11.5087573051515 10.0983782735144 17.473666054193 17.2138349357087 14.6793401363317 17.4674216058352 16.3406144585104 18.2933116825493 16.110575704856 17.8015507880601 18.5848924517802 19.8719958025009 21.711512701152 19.2719690530332
TCGA-BH-A0B8 3 3 9.07930040560607 3 16.3199089752581 15.5008899137442 14.6791189335316 17.8337553836566 15.8165210470954 19.3639562836625 17.762295752726 18.2120886829279 17.6162159221105 20.1089624102434 20.4000173249173 18.7730148084547
TCGA-AR-A2LR 3 3 3 3 16.8071434007268 17.2223096735509 14.1782955969258 15.1913043833809 16.1362454742607 17.6467553171831 16.9776028930059 17.697988828673 18.132174221486 19.9283449974278 20.0045911516084 18.5855110243128
TCGA-BH-A0HI 3 9.80351381304677 3 8.51635578300749 16.5037556361663 15.712787370593 16.0384200627725 17.4669239306436 16.2167710970188 17.97115331065 16.9373447647291 17.1922450718712 17.9704769130057 19.9332940879073 21.0063001312627 18.8631335391124
TCGA-AN-A0FW 11.2066255480724 3 10.0377691274566 8.28469118516169 15.5642615883953 16.5985587221245 14.9495861347149 16.6166828093677 15.2652813399834 18.3298997375122 15.6543198636773 17.4975987608242 18.2116079524371 19.3189261999767 21.2568353494039 18.2415842963729
TCGA-AC-A23C 3 3 8.34899225504885 9.71730555216973 14.682471211197 15.6841913429578 14.0378079088911 16.1838105955173 16.6835249220606 16.8849103171064 16.989552285465 17.1035631901316 18.4495366676108 20.828591424776 21.1302685937492 18.5805550726037
TCGA-B6-A0RI 10.6816378042163 9.62575742701072 3 3 14.7693633785482 16.0719920862485 14.6139818975471 17.1831804150595 16.7292557040523 18.1707740671595 17.1396628055482 17.4283062550511 18.2738078730087 19.8680926734268 21.1753357639012 19.2941214089067
TCGA-E2-A152 3 3 8.84432524421253 9.63895563079636 16.924930396436 16.1386381066607 13.9081237407349 16.3147318770483 15.7390840188698 17.8737561957619 17.4721578909194 17.3834042610158 17.8618296712056 20.4159354020246 21.2027362195726 18.1631784701035
TCGA-A2-A3XV 13.1342542045577 10.8533099920879 3 8.97909589623812 18.0976243823612 17.9692511394112 16.748039334122 17.5689943307541 13.8577714266549 18.6395812900398 14.7609660237109 16.0869303752572 17.6540149234988 18.4339532537374 20.646075199828 17.9457838875637
TCGA-B6-A0RO 3 3 11.2627171148918 9.27482374010631 16.4717394274097 16.6707834267336 14.4430062673608 17.048028703787 15.4158885966013 18.4827716317857 16.2284261157921 16.2121481257722 17.7694632058544 20.245805366433 21.2864190097434 18.4267468607882
TCGA-A8-A06T 3 10.6460102184295 8.243975797781 9.03300979415588 16.2567798734826 16.0496659182462 14.0145935526461 17.6290415252743 16.6512695517359 17.3756829435291 16.6857905642896 18.0697233676001 18.9446423925357 20.8365998942619 20.5347218746433 18.3911490158986
TCGA-AO-A0JB 12.8129510560964 3 12.2237373317639 3 19.463436301808 19.5654944021832 16.3891938564149 16.7398839723622 15.954180597853 19.6285096325557 16.2613787737788 17.8544120005392 16.5614954003174 19.214882978971 20.8853270211519 19.2898574017866
TCGA-A2-A25D 10.9253972399085 12.6650637225791 10.3383688081208 8.58034889360091 16.6518744927155 17.118961231645 13.6337269454113 17.2328704706822 17.4619144954714 18.2151816139098 16.0246248496722 17.240814327595 17.9924471791957 19.5334510278426 21.122346288918 18.7164309301234
TCGA-A8-A07P 3 3 8.65622633905433 3 16.3801317431289 16.4715594189665 14.1233216676409 17.195834420187 16.0552588169223 18.1665042270319 15.9982416787095 17.7773338008436 18.0554754332167 20.0468573750492 21.2918695912125 17.8823215961722
TCGA-A1-A0SK 14.4314147231215 3 3 3 10.9165224638479 17.6167118389089 14.8280042130864 18.3041806297015 15.5120673452318 17.6916439476442 17.1938313349534 17.1336558993544 20.5533236287618 19.3007694135215 20.5251751590654 18.9436324712837
TCGA-A7-A3J0 10.9706127148897 3 9.80284307675785 3 17.5337868935754 16.4028848425984 15.0542204833083 16.7923840823518 18.0360328658653 18.7706096575452 16.9814932244551 19.3821384886306 17.8589494456274 19.9586285797288 19.9625480969179 19.2414615412812
TCGA-A2-A04N 3 3 10.7273705111781 3 14.25841171831 16.9366495143526 15.2306898625014 17.5430292032378 16.630966488389 17.6424461797236 17.0573387417991 17.1694371509813 17.9051854186998 19.4785605628625 20.7746833856032 18.8766141808561
TCGA-A1-A0SE 3 3 8.55952741403445 3 16.7532007789068 16.3360562426075 14.3179918646977 16.8955211976029 16.7720442217142 18.3697214170321 17.3090819187573 17.1007583244381 18.2281910941553 20.5393724127578 21.1595155918924 18.7151034469472
TCGA-A2-A3XW 3 11.1554845735745 10.7238616902282 10.8506260753613 17.9377541610896 18.0564732153975 17.0191123295357 17.5871516722379 15.0778069691578 18.35487570959 15.2710519083681 17.8790140923259 16.8842884770643 18.0076507310385 20.2595095255842 18.8637002073889
TCGA-A2-A0CO 3 9.87890311982908 10.3489652973751 3 17.3197227385346 17.3622333099019 15.0280177730745 17.0424694735212 16.3994544197543 18.5854348199639 16.9900334116784 17.3413206147255 17.5031103941353 19.5990608921717 20.4369869200779 18.5994522806289
TCGA-BH-A8FY 3 3 10.9203566867256 12.5961362630099 16.2696077884035 15.9065234193586 15.5936778020406 17.9448279465546 16.5326753005795 18.2638673863851 16.7032219654159 17.7044025645844 17.2742787727541 19.2501147311852 20.499687801185 18.7547559083592
TCGA-AC-A2FF 3 8.57366096271905 3 9.25599373862845 17.6466012925422 16.4213133208629 13.3357721405077 16.8417263725226 17.1374711644523 17.7352701616109 17.7563709097036 15.9374816058869 18.5783064915966 19.5478148273862 21.0780085602947 18.6473235845015
TCGA-3C-AALK 3 3 9.88002663030953 11.0007107333619 16.2504274184172 16.4067999421962 15.2338581802365 16.6460331322533 16.5642184380345 17.7773594843593 16.7044354395795 17.7297043200408 17.3005718360627 19.6398759357912 20.9222994710881 18.9396441345067
TCGA-A7-A0CJ 3 12.3209252883264 3 8.58358536038975 11.5761125424081 15.9345931775 14.1062639468945 18.9822481838233 16.4308425823133 18.8192986712322 16.6615832009565 17.5714359924833 18.2624756827995 20.4029430466177 20.2225794182063 18.4413069843224
TCGA-A2-A0T5 3 3 8.73030030751977 3 16.1258440243477 16.8225875629117 13.9094523987065 16.9005390042185 15.8139194431078 18.2417708643805 17.2722178925492 17.2903334021965 17.8933796242397 19.5126883803028 20.5060977878885 19.0096727751452
TCGA-AR-A0TT 3 8.97626113758015 3 10.9747817827232 14.7635289586142 16.1613364905427 15.2522974998648 17.2500417196958 17.2499343944358 18.512853018709 17.0528527039924 17.5244035758052 17.8637497788498 19.7666016807855 21.0481481067633 18.5003368458138
TCGA-BH-A209 9.5225617513485 11.6168682351268 3 10.147422242236 15.0742274579586 16.0113280710771 13.4276503947196 17.6293801502928 17.2281831833012 17.9110077058767 17.0439256314252 17.8382368640335 18.6439377133862 20.2223125808261 20.950214755003 19.3171452347306
TCGA-AC-A8OR 3 3 3 12.8345395070386 17.2800376565154 17.1862193946428 15.663828678109 18.3472268364945 15.3128209146008 18.6690343976633 16.6715251701246 18.23782806108 17.4089984140179 19.2381251910352 20.3602680799908 18.5657065289514
TCGA-A2-A04U 13.4688622737704 3 3 3 14.3742988492379 16.364668041301 12.3040863915728 16.6296110664263 13.8607239755326 16.7971847606464 17.1497311030779 18.2129790616528 17.1801494534649 19.2419399068154 20.429633172204 19.827983278268
TCGA-A2-A3KD 9.58560224032673 8.53836398755183 3 3 18.9135839930386 15.8989416881209 14.2507793504595 17.5077487558866 16.1424057827883 18.8945918293695 17.3899285545686 17.920314297906 18.3642565402645 20.0946550783237 20.4155673131242 18.5887301761792
TCGA-A2-A0ST 11.0649377343223 11.9988432075502 3 11.0174732445244 17.2671803670639 16.8612930934911 14.2105810982273 15.4200024062761 18.372473569507 17.4285203249911 17.472136835202 16.6414935660237 17.8367245119516 19.4344871857117 20.7378222215691 18.4974534346225
TCGA-BH-A1FU 3 3 3 9.73507861302156 14.8929992080593 16.3895460157232 13.9526986706677 16.9937302584762 16.4917787038503 18.1371460421144 17.9999556147116 17.08064427087 18.2759120803417 20.248686995538 21.0791143108402 17.8615510335425
TCGA-A7-A26H 3 9.24599576100551 8.1564240776778 3 15.9501188892936 15.3286750010193 14.1946959877025 16.5965405675431 16.6965386035218 18.0449920053976 17.5019941345428 16.4948511824275 17.6947636944802 20.1226243744784 20.6096808630028 18.1273899731527
TCGA-AC-A2BK 10.7378208213809 3 3 3 13.2562670862871 16.7096877519731 13.3380451362607 17.7838712869506 17.4255151484218 16.8713047386904 17.8024552809008 17.8268881364105 17.5621462158274 20.6689482214087 20.5411072395563 18.7892868559902
TCGA-BH-A0B0 3 10.5703590964143 3 3 17.6295337686632 16.285110884061 14.635637254543 17.9383515243013 17.2914627369702 17.9696173701009 16.9561121054525 16.7215078438508 18.0205072368512 19.5258022010248 21.0151878642826 19.081139947774
TCGA-A7-A6VX 9.98322773591649 11.2349843777003 8.82251422334883 8.63160359896326 14.641702306896 16.3878210329557 15.2948505015089 17.5589176491656 16.1189332465054 18.1273922994072 16.8771306529461 17.7244768103421 17.3096040878844 18.2890804700457 20.554544114666 18.3118302833837
TCGA-AO-A03L 10.7298184731936 9.67368782420129 8.57853059541563 8.38829636256409 14.24764035035 16.3461208601513 15.0891185388044 17.1644798121079 15.7513561120443 18.5861518753436 17.2525329638214 17.5428703894253 16.9274255439142 19.7711317880659 20.73497538075 18.4716730517647
TCGA-A8-A07S 3 10.7046290845249 9.60116714048057 3 13.7335635211656 14.7212081529703 13.5961069720816 17.8478692841882 15.4696420700672 18.5083074111635 18.2945119901717 17.2665703168943 18.4254474660775 20.1316672943586 20.9211119962307 19.0871858004711
TCGA-C8-A3M8 3 3 3 3 15.6295461618062 16.2220989389974 14.0589401498033 16.8526798898087 14.9660332675745 19.4240485422619 16.2435947167901 17.8391275072468 17.3459840577116 19.9780416035614 20.7479937890093 18.715222609093
TCGA-A7-A0DA 3 10.2644249782442 9.57380644237536 3 14.0467867875942 16.4525424632255 13.6542826486077 16.6228098695786 16.1808166572726 17.1099493271912 16.6555618485126 17.3806376936077 18.2481939185435 20.6926574415319 20.439937577957 18.3249904214543
TCGA-A2-A3XU 10.1472552795273 9.09478670743493 9.97358068400934 8.7937128023325 13.7468112462933 17.8609410210027 15.3281687186234 16.5220990221722 13.4805738641886 17.2048445388929 16.3672513681319 18.2008733257941 17.8252881356043 19.0532458089248 19.8093839045232 18.3889761855849
TCGA-AN-A0FY 3 8.33832351339918 8.22971840813979 3 14.5323695832588 17.0990061249511 14.388190982356 18.001388683185 15.9159873777784 18.577850019233 16.8042112678041 17.1492399792989 18.1145615745214 19.4800767331172 21.1439603762327 19.0525032756184
TCGA-4H-AAAK 3 3 10.9334976087768 8.75987026579331 15.2549376563512 17.0246073242809 14.8849469968511 17.1497074256862 16.5391898305268 18.3704907761445 17.0823387841053 17.5569872984856 17.6708668387765 19.2403884439579 20.7055017586266 19.6025632394092
TCGA-A2-A0YM 9.57892581903184 10.8285243934556 3 3 13.9021369045885 16.3137428665841 12.2571153866217 16.0694930501703 15.8590395683511 17.7714634078521 17.710124509342 17.1983618173996 18.0572457753311 20.5487627090656 20.4289273580563 18.309056419166
TCGA-C8-A1HI 9.34838500637996 9.28566203384332 9.17568004431867 8.98397193138749 15.3261968572546 15.8057570535033 12.6575633293023 15.8538808331941 16.1253284893416 18.7533605794321 16.4798765191985 17.5101816890494 18.1907476157467 19.6591122985986 21.0470597162282 18.5379728425676
TCGA-AC-A3HN 10.3578337475648 8.32201552239352 10.9870776038381 10.5720024925159 17.5256868992978 16.3951741492897 16.015556610633 16.9741414016328 16.3615220556639 18.4820609207861 17.3270488930076 17.0794886919192 18.1135195217507 19.3819089234737 20.5107807438732 18.6887563104982
TCGA-E9-A54X 3 9.33904773690732 3 12.3392192389936 15.2044378351699 17.6422246643486 15.1704665550098 17.9436816231983 14.7820149990335 18.2703265939791 16.3204430741285 18.1053550372139 18.3211137182701 20.1218425159983 20.4644165816514 18.924078850979
TCGA-BH-A0H7 3 3 8.57669198012924 9.3691146216313 16.4103607218224 16.0112571965326 15.1606366686267 16.762212250268 15.5887617078047 17.7109239558077 16.579647475239 16.8936637942315 18.3427192509735 19.9917125090583 21.2245974550456 18.1195534278809
TCGA-A2-A4S2 3 13.6008378346837 10.1066306691802 3 15.7051698232387 16.2434979845407 15.0285458456535 17.0949596790144 17.406569167658 18.5458177159381 16.8799577410333 17.4315629887455 17.6204610328655 19.0375842868274 20.3603030816977 18.776701988132
TCGA-OL-A66L 10.3107715976358 3 10.1369564931724 9.94384878667615 21.1633911026678 17.9479314800499 15.5928028394549 17.6956800853566 15.7951224106488 19.0930138183575 15.7077117154223 16.7524103309917 17.1046792597577 18.634991567589 20.7430748456964 18.2846578928373
TCGA-AC-A6IV 3 8.70455931292748 8.59531314896127 8.4050286490509 17.5098726018066 17.2833296022132 14.5226307306689 17.4171222014743 16.2369620940158 18.8719410439643 16.8855997158961 17.1231135040455 17.4898232289461 19.4858443839343 20.2425970228827 18.4937394071439
TCGA-D8-A1JH 3 8.2511172433282 9.70016687354796 3 17.4301531474207 15.6484212294008 13.9903265313574 17.4911212056498 16.7322183866563 17.6789323183504 17.4777763360608 16.9146794935654 18.5498707913131 20.1567615482459 20.8318950798253 18.6492695715635
TCGA-E2-A1IF 11.6243164792538 3 10.4539215619654 9.68025648743216 16.2968430799657 16.3965724212137 14.7082166124825 16.8775358113649 15.6300826231997 18.4750795229082 16.4499445905688 17.5320724378859 17.5764584683332 19.0567972948562 20.8072417080052 19.1169175647234
TCGA-BH-A1F8 3 11.2245103694811 8.33699883576454 8.1475564799093 14.642442200647 14.4102517908503 13.5940425759638 15.5184225498087 15.7944067360432 17.6885730231261 17.7025386600673 15.8595734378067 18.3139569663475 20.9969741816268 21.1060121249223 18.3358773997673
TCGA-B6-A0IE 11.3732257268233 3 10.9367475542964 3 15.6983976013901 17.3509566257287 15.0169962478003 16.9518605401091 15.4221464441711 19.5259879305211 17.3916133908554 16.7381800043986 16.7859743725751 19.2593627264447 20.9648232191601 18.6328824946401
TCGA-A8-A09K 3 3 11.8662934199488 10.2629976495512 14.3763554872167 16.2872076920702 14.5625526130527 17.3031749484645 15.9022626141826 18.6854608685339 16.6696283042807 17.5146486728878 18.6633900783273 20.3319401149129 20.8307908246575 18.2825038483205
TCGA-A8-A08S 11.2337910849294 11.58427215352 10.7974693576504 3 14.0312548542258 13.6869302690755 15.9450059072453 17.2129940228675 15.8753576724202 19.7451806686424 17.2597749543685 17.2937991211361 18.1355340563784 20.2900463149389 20.3214070124791 18.4209133185878
TCGA-A8-A08G 10.4368477432946 8.39956649289311 8.29084256810708 9.65824119401102 13.4010641818007 16.4382323420439 13.4839100697557 17.3533357683554 15.7750033028198 18.6256467329177 16.4190053979712 17.3028910387918 18.2400425344959 20.755423191392 20.5058394550631 18.8919185392189
TCGA-A2-A3XS 3 10.9450597331952 8.53720589922317 3 14.620321718084 17.150646330769 14.4808149368885 17.6680495072005 15.5075397736378 17.3644861078713 16.3084294641828 17.3219061262011 17.580387437858 20.1360379733618 20.4501652808844 18.7357643153801
TCGA-A2-A0CQ 11.3417834866351 8.71654790258611 8.6072833769708 9.39997977420213 17.983602491024 15.4346584777334 15.6724074506602 17.9230635582087 15.1808813900302 18.8459504207851 16.7963774519676 17.4192755424204 17.3234973643587 18.9978328761017 20.8199893312998 19.8752047888265
TCGA-C8-A12Q 9.57073478188032 3 8.41471443361319 8.22500272882773 14.9543507825377 16.6803543785736 13.7967528559808 15.8673338211028 16.2510164462263 17.2827386478448 17.8940071636133 16.2577142314549 17.8659893700758 20.3990741732003 20.6927249033789 18.8442846308623
TCGA-A8-A07Z 10.3808862397062 10.8997010935553 3 12.0054408103227 14.7349173428954 15.5736663325963 16.2792873263393 17.2763626128895 16.1898204569686 18.8161095323289 16.4875270884264 17.809853856514 17.7694547834419 19.1437643371287 20.75039220667 19.2559117057841
TCGA-BH-A18U 9.81781252095911 11.068758960512 8.65882342558498 9.45196800336988 17.8938400432711 14.1039893612587 13.1506797083955 16.5849239769692 15.4287488065502 17.6672001877866 17.3081548428014 17.8679996376084 19.0404453831545 20.0815825319567 20.5741579158359 18.651429975899
TCGA-BH-A0C3 3 9.00234462611217 10.8743565276922 11.2632736581761 19.4001288688084 16.0007988372846 13.6579072533945 16.877233935829 16.555748238781 18.7304501889839 17.6821992559098 16.5651642359448 18.2655862843836 19.7975479598646 20.6795253054353 18.5538133950554
TCGA-AC-A2BM 9.78314938195309 9.72021914514056 9.60985116715579 13.7231987164624 13.8353892816829 15.4263346160586 14.3603929284853 17.6745030670481 16.4091280623345 18.1006292674261 17.593240540102 17.4304932426059 18.4392722051337 20.30165892287 20.7521257075499 17.8571107340967
TCGA-EW-A1IY 9.44041251997987 8.39488737875683 3 9.65349588324652 14.9481101884819 14.203308566612 13.0389089268296 15.5426438653811 17.9498638660372 17.8562920927573 18.1814828639284 15.8807186811265 18.3244036727919 20.6083398012442 21.3644316784885 18.579080755411
TCGA-A8-A07G 3 3 3 3 13.725564474518 15.510329268224 12.5709067040835 16.6174962125833 16.1149882358936 17.1172217612399 17.1366585780472 16.9207960552786 18.1715019508865 19.9073135216732 20.9973305451435 18.5883696323109
TCGA-A8-A09B 11.7485833524251 8.70954198615174 3 3 16.7910276527222 15.7632119147529 14.6066133779083 17.0625712887497 15.7969011664344 19.1516141685879 17.0053836969276 17.2523659036146 18.3331172915667 19.2468066996106 20.399270033184 18.9444351903872
TCGA-BH-A1ET 3 3 10.8947473815018 3 14.9866046079766 15.347124804594 14.4532998481158 17.7299144621908 17.1255906300255 18.0717255301154 18.2698450797113 16.4369174317018 18.5193797055519 20.0974161862826 21.0273446393842 18.7003921126324
TCGA-A8-A08L 9.59007077877681 10.5193828121088 13.7584162486731 3 15.5143423758439 15.1311373400995 14.6501712167336 16.738020677222 15.3048477963298 17.458886808819 16.5663649055959 17.8059521513637 17.2602554608704 19.1995415917549 21.2509322834574 19.2210474978362
TCGA-AR-A24P 9.49698133553915 3 11.1184882397251 11.1165532544031 17.3225799558348 15.3075018058024 13.142822610951 17.629813673992 16.2240534218444 17.4617555888509 17.9872122363697 16.4517047885947 18.514254493771 20.0757976534447 20.8238851516285 18.6480934274131
TCGA-AR-A2LH 10.3847974680401 11.9006038563525 10.2109238013143 10.017742195779 16.7200788293483 16.8242576883921 13.9747472632029 17.3400507953924 16.6073922784367 17.8798141369269 17.2669314656521 16.831828644708 17.6421246097117 19.6770351243219 20.9881534261624 18.2931887433694
TCGA-A1-A0SP 3 10.3749216184388 10.6768422128195 3 15.6733565343459 17.5409271708594 14.1313512140552 16.9845535067563 15.2492950158359 17.1004824237649 16.5038220538961 17.5495068139806 18.9517991572279 19.5889303006194 20.9863175702235 18.3394325858607
TCGA-AO-A0JL 3 3 13.5955197241026 11.2348717734887 20.0225532389977 16.158408430851 16.5371149600285 17.7513612865771 15.9967946741442 17.4790685936847 16.786601708996 17.3183439629124 17.7765342028928 19.9292085332163 20.3186864376631 19.2601798357671
TCGA-AR-A2LE 3 3 3 8.90846073834941 14.9037614059897 17.215573657385 14.1870185905089 16.2908715325392 16.9561908972222 18.1702270812422 17.0873375848572 17.1282163191122 18.4079901065386 20.6192223457382 21.0155226000314 18.0440676200539
TCGA-E2-A1IU 3 3 8.84610876293306 13.0869802458958 16.6947189455124 16.110281260059 14.3503131455903 17.6930834503816 16.1211220914221 18.1437227434708 17.7718682077662 16.5754924461098 18.1358114414667 19.8500082220813 20.6012676526291 18.489392614806
TCGA-BH-A18H 3 3 10.2046758081367 11.3267038069969 16.1625355350249 16.421990859563 14.6857779254121 16.5611907976332 17.1571314582118 17.8069852130185 16.8042584437337 17.4096456621253 18.4756004298576 19.8892680045226 21.1011496909948 18.4597888385948
TCGA-BH-A18P 3 3 3 3 14.4682066835485 15.8071117662863 13.727882166696 17.2179415824178 16.7169201336666 17.5231247331297 17.8746301201834 16.4547008591395 17.3971073619822 20.7286562530735 20.7061058641224 18.2961370926653
TCGA-BH-A0BP 3 3 3 3 17.5957220445572 16.4084903056545 14.4974804882662 17.1080154327611 15.6675980169233 18.5828094327302 17.5320733735974 16.8794184359095 18.162971442961 20.2514509175827 20.4582933582299 18.9903893520834
TCGA-A8-A06Z 3 3 10.9592339691865 3 14.5560700290869 15.1821535737194 14.384736345567 17.6249028227831 14.8215186277826 17.9437226669286 16.6305748658455 17.3426470908729 18.2788721167395 20.2076572325972 21.2241553694929 18.5163287480956
TCGA-A8-A07L 3 3 3 8.4551970964678 13.4421140442802 17.2043924342431 15.3029699882909 17.3233857902887 16.500779394762 19.0676134354878 17.0104354292579 17.790409706243 19.0116522174595 19.5985202419781 20.1821485687394 17.2915552259595
TCGA-B6-A0IH 3 9.25196219195339 12.445439249799 10.9327698345858 19.4652137577093 17.1052482991336 14.9535753151985 17.3860455827502 16.8896238514168 17.4581816432226 17.7577838977621 16.4920644943959 18.0539420380633 19.7903266676844 20.6779544141299 18.7727795339604
TCGA-A8-A09D 3 9.92199378299014 3 9.6187488921108 17.6724372901796 17.0473876834093 15.1352080385764 16.2639028577505 16.2674995352228 18.2667909418979 16.8955435835895 17.7639046955657 18.3894726610625 20.2379284599368 21.2254676320484 19.0675637956271
TCGA-GM-A2D9 11.848983913654 3 3 3 16.7518677282892 15.8638244917834 15.5520428232276 17.9143594217622 16.3024408336425 17.7200553092598 16.8234885775791 16.6425920502486 17.2709138999263 19.5948365732775 20.7971902446464 19.2255430197386
TCGA-AO-A03V 3 8.86574892728306 9.74286057043708 8.56553008535367 15.4065937248469 16.0930881967694 15.0713826974412 17.515809150704 15.4270762019116 18.2774892360701 17.4170206686381 16.2298076093268 18.7515541008417 20.5286343390434 21.4518321600204 19.2296795475312
TCGA-A2-A0SU 3 3 3 3 16.7499204393292 17.360899150063 13.8401682583031 17.0955005203952 15.3845025037252 18.7988038330358 16.6081357304443 17.6444351994451 17.8747045418118 19.7659151081608 21.3825459849721 18.8751136454294
TCGA-BH-A0BQ 10.2652145330673 10.2021168742978 9.10197726324522 8.91041988979823 16.536473460539 16.7660846223347 14.7110020322082 17.0438170831877 15.9164010644476 17.842773264794 17.073088271748 16.8411296543368 17.8708238773545 19.1511829972201 20.6972245952627 18.8432084198361
TCGA-A2-A1FW 10.5391411327693 8.50007901810248 3 8.20153904682637 13.9659280337206 15.5816185283513 14.2341903749746 18.193430809465 16.0529204608614 17.9755396203789 17.5269051886641 18.2987712889214 18.292168149702 20.6951729634651 20.8727424949549 18.1277866736147
TCGA-A2-A3XZ 12.31136919402 8.68885682107218 11.5529940445723 3 17.8018837246866 17.8023238464498 15.4247590725717 16.2856397428562 15.9181984007217 18.2655936573062 16.3599690192947 17.7498662323241 17.9863335468561 19.0835020043085 21.2316844854616 17.9264836764342
TCGA-A2-A0EM 3 3 10.2583416544687 9.48552892303334 18.3629864431787 15.6862202072903 13.4851151519422 17.7801414016914 17.2420149091581 18.7143918857551 16.9249912085423 16.9711215973524 18.3825242216075 20.0716765054939 21.1723920181571 18.6887241583907
TCGA-LL-A5YO 12.0248377854848 10.964333898757 9.28079218935175 10.0782452309969 14.2748838902484 17.3903557380518 15.3951577710004 17.2153951987064 16.939517518546 18.6409386012164 17.0923647575807 16.6517974616569 17.2377191568015 19.3139258922006 20.7791806387453 18.1059803856122
TCGA-A7-A0CH 11.1047277144115 3 9.93631889161071 3 17.1566316481238 14.8149582224246 14.0199912658873 17.3463909552046 16.5973938223316 17.3790123070849 17.0650113868838 16.7584131829444 18.3245674477245 20.1927241057237 20.9752102117515 18.5462676285769
TCGA-3C-AALJ 3 3 3 3 15.2948360392897 17.4003999302587 15.7582507489095 15.6560952743001 15.3553802754388 18.6046891218066 16.7711776599331 17.593958185579 17.5155121973451 18.9933988532231 20.8399525877594 19.548062921584
TCGA-A2-A0ET 3 10.4212932242816 3 8.14806945098592 15.6427443186247 14.2939064359641 15.1844902787773 18.6654864035859 16.1000556998961 18.2600300319587 17.4757314019218 17.6154761209896 17.8823273521704 20.1182292592593 20.575888890218 18.7606986937632
TCGA-A8-A076 11.5422762780726 8.50696143830394 8.39804092962085 9.1887423638814 15.34924121464 16.0327268991049 14.5488026292942 17.0741424142363 15.9331246240115 18.6575228480924 16.8685874317519 16.8509644463949 18.3682993358334 19.7625907515681 20.6335555509827 18.4000940369107
TCGA-B6-A0IK 3 3 10.4067504001735 3 16.4193101659315 17.1868556911911 14.7671244131904 15.5106416643982 15.6109593092878 17.9068383002118 16.4992317932571 16.6679254620691 17.4787839421985 19.669044573578 21.5326790708113 18.5466372986948
TCGA-BH-A0BL 3 11.0277385476109 3 3 15.02514383334 15.7147032724688 15.0354987488876 16.0791695869741 16.9099134958343 17.4546984446499 17.844800922503 16.4017185175018 17.6887058570194 20.9383265344847 20.6275775796056 18.3171431896629
TCGA-A2-A0D3 3 3 3 3 14.2081974077088 16.1092195197287 13.676678843058 17.4951736373953 16.7180535221261 18.1136566361953 17.8123943872783 16.7706823915091 18.3294285396523 19.7162420489031 20.6122841897553 19.0094203112691
TCGA-A2-A4S1 11.1577103813699 10.09968690908 10.9833752908447 3 14.7201866599435 17.0449831649924 14.2250745802098 16.0245543959649 15.7617726792081 17.5571448647649 16.2570109834266 16.7424820148539 16.961265485552 18.3835919930175 20.7704445312601 19.0648845786001
TCGA-AC-A3TM 10.2317584655665 3 10.0580092718466 3 17.5567028351812 18.5541010807631 15.4882883704738 17.3650561459293 14.9635606083556 18.8398852670071 14.7636776306771 17.5522476841425 16.9928271959312 18.5365736015354 20.719569689029 19.034641768399
TCGA-AN-A0XP 9.76012438272422 12.8547169757567 9.58685331107264 10.9679155534481 16.8375226535375 15.3223475813632 16.6334439380884 16.7830906238395 16.9532486461292 18.0268258540332 16.9779972943024 16.8239310950213 18.3053570808341 19.9532886094154 20.7369312981561 18.7117042142658
TCGA-A7-A4SB 3 3 10.3120772355745 9.12914345476885 17.1375920571217 17.8193427061469 15.3358174206799 17.1838298254875 15.7322813510989 17.6723001590849 16.0973805952065 18.1633581152207 17.8152080354309 20.0876969557473 20.789495535056 18.6104723548317
TCGA-BH-A28O 3 3 10.6242436251314 8.45558227415732 16.6466977405883 17.5655307276722 14.9589955065226 16.9442778895431 16.0740649671586 18.0383996127095 17.7428059170097 17.0368500496694 17.6870052406352 19.3444846635607 20.0949884185019 18.4039388681495
TCGA-E9-A22B 3 10.1835176698747 3 9.87980746922461 18.3915392537715 17.2426535691786 14.9921276329824 16.6561959727321 15.3896241971193 18.2631936484852 16.3197463762194 17.3997997092137 17.5080859928472 20.2214570521468 20.7880453421611 18.2810781443063
TCGA-A8-A0A6 3 3 9.22043473888527 11.0119685499413 15.9953168212678 15.9652151800146 14.0825583700658 16.6479091002179 16.9859945698925 17.0063915896365 17.447566636485 16.3672968774891 18.2740261680744 20.1613924043672 21.1443747279916 18.7703427747862
TCGA-AR-A1AU 3 3 8.71668282146908 3 16.705669869814 16.9240129295201 13.9015011976403 16.6044658051278 16.2911299128577 18.0787490698271 17.4929053270092 18.5403984811136 17.893912767637 20.1095914577929 20.8428438942959 18.9120360507949
TCGA-C8-A8HP 11.5990100430755 9.54727378513269 9.43704567451048 3 14.8032553983865 17.1981030105318 15.7703073394704 16.1059137161185 15.827982212617 17.5099107748414 15.7867950399903 16.9827927450982 17.7948127274518 19.4827970349779 20.8055734223383 18.8453090829904
TCGA-A8-A075 9.87261103669396 3 3 12.3003181640291 14.8321420738431 16.1968435232405 14.5175235514064 18.1112329401805 15.9272530254356 18.9480560186853 17.2983809742968 17.777784190392 18.5109937735904 20.2967641762589 20.3060462571593 18.8601126845346
TCGA-A2-A0D0 3 9.08576947929529 3 3 13.7782835557181 16.1580019679302 13.2463436704804 17.1716528209764 16.203995319089 18.2278729211905 15.8779150953596 17.9957853583409 17.1032344430884 19.0072905863414 20.4444798867668 18.9211739015191
TCGA-BH-A0DS 3 9.21349149641744 9.10358562582842 3 18.0294490176871 16.0341954305962 13.9641107923177 17.9448078148105 15.5144763346977 18.5021981326013 17.1834127304484 17.0840147092899 18.087735282749 19.9557051880004 20.8504798142651 18.637428079244
TCGA-A2-A04Y 9.60220689406611 11.3355884757291 10.4207386369723 9.23696254958825 15.2270992985414 16.0248477355785 14.6185897328558 17.7143434009021 16.5115215740859 19.3317107745367 16.8499207388744 17.4763502630831 17.941809198344 19.4304459054113 20.7526405469253 19.4199327520911
TCGA-A7-A26G 10.3706700349872 3 3 3 15.9864089079429 14.8954721847933 12.6985202684995 17.0397935461565 16.9434121831669 16.5310467832879 18.5540037033267 16.7180881944313 18.7165723456621 20.3194457015516 20.7255533723948 18.8983840224909
TCGA-AC-A23H 9.57194936744814 8.52486504656756 3 8.22619741581208 12.2087167428154 15.6939359801832 14.9181441880747 16.267760041878 17.0815133711878 17.8435175690382 16.7260798712979 17.4384530457057 18.2965777049104 20.506286502543 21.3535298810637 18.8343597745789
TCGA-AR-A5QQ 11.3553582044722 3 12.4998819949942 9.99274542510202 16.9181489316767 17.4927048162125 14.845393631864 13.6386207387869 16.268452761788 17.7900998183711 15.8864424324264 18.1544116045675 17.7343667278512 18.6773826809913 21.0161948318469 18.3388973752329
TCGA-BH-A0E0 3 9.64690011192375 3 3 13.6359361260348 16.8828446983102 14.5029258222083 17.520565158579 15.6536125868285 17.767633483841 16.9433334333071 16.2331941216536 18.3619425128882 19.2054450257995 21.4006388327426 18.5514031287478
TCGA-E2-A1IN 10.4074976844219 3 9.8217609867177 8.07291341955831 14.579532748487 16.0314699133252 14.8629522702161 18.3290874304319 15.9138490964215 18.1164767759421 16.7660644549912 16.7142686714208 18.439448102733 19.2630798978068 20.9978727121781 18.4908613245553
TCGA-E2-A1IO 3 8.77077108205821 3 3 15.5259177515408 16.2283104256191 14.6076090511021 16.7006116708672 16.3708696624382 17.8357604654021 17.7939956656012 16.8855972740697 17.7331465845598 20.041057639897 20.8211857839347 18.579654851447
TCGA-BH-A0C1 3 9.6738118799487 9.56347980423513 3 18.0592458457104 16.0824355704325 14.6011233388182 17.5765436801895 16.8845879450322 17.8958175164495 17.6012985670591 16.7850031854129 18.387583520511 19.7381946625219 20.3463719988332 18.7381890060536
TCGA-E2-A106 3 3 3 8.53486368757734 15.0111860475693 17.1132314006121 15.8649061449593 18.2940148727721 16.0158051901323 19.1948799063678 16.3451416575482 18.0189626397621 18.1243779713586 20.3832921488009 21.1969119876607 19.0042833874599
TCGA-AR-A5QN 3 10.8321029842096 8.42630948729725 8.23655882131498 18.1490115911124 16.3197881368182 14.7425869111635 17.2010176912876 16.0099184242107 19.1110201086947 17.0750221664955 17.7540270255433 17.8428638485467 19.9295472534712 20.0538093232061 17.9921363420443
TCGA-AR-A254 10.4689941530007 3 3 9.69025556061778 17.2002945947368 15.3241660067685 13.0358465383889 15.444075465049 16.6666509196416 17.364915531233 17.7702841043076 16.6408646740426 18.9308323225945 19.7524155988815 20.6142281998317 18.9482454641351
TCGA-B6-A0RU 12.8468737580145 11.1089497229052 8.69837474721416 8.50779401936408 18.4516895095451 16.818695600264 14.5628459405811 17.4572599861146 15.921444385979 17.8350975245504 16.7596767099395 15.9806876909231 18.650671496551 19.5120228403138 20.4814440171418 19.114691873718
TCGA-A2-A3XY 3 9.30807518222862 3 12.2340232352936 18.3238039984581 17.4604938931755 15.0257093623171 16.5268240558367 16.2356440112028 18.2183016272961 17.0456797712977 18.0294466384759 17.5890826344136 20.6432822589195 20.4798716468962 18.4636107199039
TCGA-BH-A0AV 3 9.70023397115924 9.58988131303455 3 13.8740841813989 16.3742634349279 13.3488102579348 15.2289565437112 16.2579158771278 17.4733470777114 17.4287805146581 15.973291559478 18.7074390752569 20.1495362792135 20.4765528493619 18.3591374240733
TCGA-A1-A0SG 13.0207173568043 3 3 3 16.4687280880337 16.5264032171786 14.9947133569291 17.4893257783598 17.0737963244978 17.8267603134649 16.814952968861 17.7389186696594 18.5098875365172 19.5893307732246 20.8360930258366 18.9032900192521
TCGA-AC-A5EH 3 3 10.8900159367278 3 15.2392922560727 16.4872576675834 14.9597235619205 16.7519459304373 15.0936373184701 18.4480728271477 16.6024832410931 18.0471879642522 18.3103021846773 19.6021897803764 20.6458562954814 18.6568134350044
TCGA-C8-A138 3 10.8067254660477 12.4278626820199 8.93305946176324 14.591828925387 15.9429238291363 14.8031190690099 15.5123586622683 16.72602454645 18.8442382503343 16.5593696724594 17.3806062665461 17.4826093401036 19.5385087898676 20.5301201477547 18.8957795961918
TCGA-AR-A251 3 10.9188060813267 7.6885033125745 7.50197260204973 14.9158033162045 16.7954935773951 12.7967306119763 17.9126133222741 16.8579970147786 16.8147212390249 18.7998610820089 16.6692831017657 18.7266844546249 21.4066708127355 20.8965992700401 18.30163428977
TCGA-A2-A0EX 3 3 9.99359212399226 8.81352250070417 17.9878428164616 16.8160107229836 13.2531179098425 17.1480086723416 16.8945468551275 18.0768820707251 16.8189275180544 17.0017988787707 18.2152113403731 19.7099285497542 21.3166027104632 18.4984498858179
TCGA-AC-A62X 3 14.0488877746302 8.96010232407455 3 15.689623443849 17.8913671181443 13.2742122134191 16.1823328657112 17.4543126017904 16.1453232389655 17.7736604567002 17.9614399928304 17.545061263496 20.3852454389424 20.1706491461477 18.2048571313396
TCGA-GM-A2DI 3 3 3 3 17.0033355407098 17.3495634571386 14.7431226150159 16.1201807376447 17.9755248397617 18.0632390099534 18.0688189029552 16.664327407974 18.2941410867499 19.8624046093957 21.0904377586831 18.8732939961642
TCGA-D8-A1J9 10.9258738567355 9.29000276359108 9.18001631600312 3 14.385008206734 14.8742090984589 15.1895061396414 17.4941905726831 15.7150483646233 18.5246522748371 17.1618207013478 17.7211455805986 17.8147803749733 20.2666856299697 21.3950033150455 18.1603202835523
TCGA-A2-A0EU 10.9423668929972 8.89737928324304 11.7648237811363 8.597034156549 17.5961036478403 16.5311792918559 14.3784599966308 17.8252909029085 16.6319944468876 17.5961707518118 16.8286769757171 17.8535769296982 18.3201597169732 20.3224044089081 21.2315286827701 18.8185680954989
TCGA-BH-AB28 3 3 3 3 15.9173613004966 16.4336319423324 14.0496706310186 17.4888943945953 15.6911810928194 18.2436677212388 17.505506768539 17.6154918947674 17.9138490775492 19.3616090210488 19.4280508297236 18.2641430413506
TCGA-AN-A0AS 3 3 3 3 16.3956471874628 17.9556578651323 14.425451398876 17.74433832209 15.4966088942729 18.2077458116053 16.7806808564451 17.6305496245573 18.3645254177956 20.0766180496645 21.0249710452294 18.225790166728
TCGA-A1-A0SI 11.124250919113 8.50276338107983 8.3938502856359 8.20420947850285 14.7823491846483 16.2926603634399 14.5110056982642 16.6946254335573 16.79967477268 17.7269574016997 17.4470915610177 17.082313615208 17.8041414017183 20.0965951367953 20.8997348886452 18.7828656067229
TCGA-BH-A0B9 10.7336473410518 9.67749715758571 12.5537875727469 7.82416573824126 12.0836303821831 17.9844303777312 13.8634130259586 15.4459382343388 15.8345138096963 17.1488057343388 17.5514599213498 16.3500385946913 17.2178986556901 19.2065094720205 20.0335905709644 18.9622192345062
TCGA-A7-A5ZV 3 3 3 9.38365068355223 20.5943320069878 16.3656364736344 15.2726234953568 15.928468295154 15.8902256369209 17.5661690508368 17.0267697794534 17.5109535665147 13.7771044526064 19.1577348209904 19.1997336416916 19.2135416085414
TCGA-BH-A0HP 3 8.62224773502961 9.49724948530522 3 17.4328047725074 17.2113490636911 14.3288296798963 17.5937833770101 16.9157363162573 18.0317300464519 17.3504012396226 16.5480404413133 18.25216611276 19.4182364671837 21.0016774865268 18.6665645839455
TCGA-B6-A408 11.7254168504233 8.68676832960154 3 3 18.6621346253119 16.9535072557183 15.4721523678557 18.047943380852 15.5613185162387 18.415627550373 16.5875093323711 18.1543270230673 17.703336993961 19.2181475332784 20.4589199731189 18.6274198309411
TCGA-A7-A3IY 12.1131535014011 8.75211747200757 9.62828910756419 11.4232531567598 21.0872511466046 16.2533243122339 14.4382075922563 17.7119736332122 16.1881689021817 17.6433179525256 16.894500757871 16.9908486170004 17.2751884552789 19.5877273058412 20.9983493155202 18.1660095593882
TCGA-E2-A570 11.8131372621197 3 9.07158925682051 3 16.097092431489 16.5082764907482 14.6397929041979 16.5468091440419 16.9361605376406 18.2584381915795 16.5110775404953 17.4190646621452 17.6041066025637 19.2126682687147 20.5619549655399 18.7316174811066
TCGA-A1-A0SD 3 9.65458953174196 10.8568960464299 8.36947142592845 15.5586428793747 16.3599370275993 13.9551407446121 16.1194101737799 16.3263396740096 18.520509885143 17.650242118044 18.2613856978544 18.0527793597932 20.3124233842528 20.477716691608 18.1516235209445
TCGA-S3-AA14 3 9.42958112105347 10.8923271324778 3 16.1655229863698 15.9000724532451 14.881894266714 16.8430569139097 16.7714593052758 17.9502515455275 16.9150467955773 17.5501954773266 18.6824345218846 19.4905514080226 20.7203763507837 18.7237543434997
TCGA-A2-A4RX 3 9.56623105538119 10.4477465678954 3 14.7669313862643 15.9395897174168 14.1887071002158 16.4863028319587 16.4027087829806 17.3819771136195 17.396207537545 17.303030401463 18.4560612777535 19.4800626576714 20.3385584250309 18.5886399883997
TCGA-Z7-A8R6 11.8528002360113 3 3 8.51206826532047 16.283663987696 16.7662757503594 14.7921715423199 17.3935423502019 16.0026087222481 19.1998469651024 16.2499027178854 18.3926182290709 17.6807716071492 19.5219681662299 20.7918304887463 19.2407676279139
TCGA-A2-A0EW 3 3 10.1795078861619 3 18.2293330236309 16.2331958173681 15.8344471719813 17.2354627718212 17.003654563879 18.134305393143 17.7429265980683 16.9727590642845 18.2403456503806 20.0314351437449 20.7455043393073 18.5697037199405
TCGA-C8-A12W 11.7245844603918 3 3 10.3604028739361 13.6167731071557 15.6695960660707 14.5095268436185 17.178618159288 15.9483972320194 18.4725281093645 16.7861035936547 17.3362128486729 18.6933825128935 20.6997575186635 20.509807624038 18.1851986215511
TCGA-A2-A0CV 3 3 3 3 15.1509968945963 16.6924582183725 14.1902364735507 17.8573252678825 16.3691392341076 17.7462436738193 17.4264133798902 16.9529576827818 18.3599144097432 19.7243109981719 20.7644905169483 18.8271376818679
TCGA-A8-A09E 3 10.504319649282 3 10.2001425105548 16.8851034009598 15.9928650319874 15.785054821759 16.7773808852199 15.279383281375 18.6834398814631 16.1514697147763 16.6338542407498 18.0126788302973 19.8269405257434 20.4151437702793 18.987161446926
TCGA-AR-A24N 11.1127983817573 9.47540060851921 11.5214847085043 8.19302857244613 14.6465675874886 14.9527355742975 13.3162851639244 18.418151278587 15.8940437548562 17.854347013907 18.1682605272919 17.2607058926987 18.7056309716825 20.2840278119157 20.4414653822743 18.6162660684403
TCGA-BH-A0HA 10.2013069449525 13.8291835331067 9.03859957229555 3 17.3471431873872 16.9979407975215 15.9142440192376 17.2778192226523 16.3284575321047 18.9256788084549 16.5696902427216 17.0519744144795 16.9824615812339 19.403295804832 21.2344644928076 19.0823135188457
TCGA-A2-A0YC 11.0839756675153 13.8572094403841 3 10.134418083795 16.4287911198947 15.6734375434446 15.0030879362324 16.6892805226694 15.8847622232672 18.5012327889636 17.5562155051125 17.674038417519 18.050165851268 20.2780494113159 20.6201386104546 18.8210129504736
TCGA-OL-A5RZ 3 3 9.2875028512628 3 14.1336430514234 17.9159620284681 16.0834347204749 17.1810193194134 14.4912388406102 19.2419494473268 16.0444722241035 18.504891093755 17.2604398281174 19.4966911316038 20.6611290233307 18.9802273021936
TCGA-A2-A0CR 3 10.0875112537697 11.9682809744663 11.5819353913693 19.3615148071994 17.9777375815396 15.6173390524086 17.7843109370178 15.956211466076 18.6897894969978 15.7093905299579 17.0422032340867 16.9176123852796 18.5965899359902 20.8419105439551 19.0469995268915
TCGA-OL-A5RX 10.0209387670633 3 3 3 17.3349935684025 16.8558269501103 14.6437529960083 17.1266406254102 15.9239424271318 18.6868413372043 17.62827688755 17.2794834491582 17.6797489437536 19.451108898982 20.4396653954614 18.6643530440923
TCGA-AC-A3TN 10.9198325862611 3 9.75232081961106 3 15.819973571359 16.8543026547613 16.8779774501582 17.4224376528978 15.0157250020213 18.452264459639 15.4258757662338 17.7183105384478 17.0889282842998 19.3608343495155 20.8438198362786 18.5945363981481
TCGA-AQ-A04H 10.5897803481133 3 8.44088644232956 12.3024478980524 17.6637448113581 16.8957524576922 15.7653326059229 16.2466471447133 15.6765348490099 17.5861041958349 16.6068698703848 18.0239664792111 18.8459040368803 20.5945475390301 21.2970462440692 18.8387804616917
TCGA-AC-A6IX 3 9.76912810513634 13.1691888234862 8.48242280911098 17.602845066105 16.6305666244496 14.6840594082735 15.8290699068366 16.196920873246 18.353289587811 16.9754837626017 17.2145902988788 17.2583766554536 19.161885236912 20.3212428052371 18.250863754981
TCGA-AR-A0U2 9.62003717266351 8.57241701500079 11.0208365194324 3 15.352004100088 15.5480269120402 14.1128639238125 17.7538707820488 16.6919364697824 18.2143605233362 16.812919994742 17.3575057609461 17.7213988920728 20.8461243972059 20.707512892819 18.1071788799175
TCGA-AC-A3W6 3 8.99008121993845 11.4448451447416 8.68938147570346 20.2731758402178 16.8790547919107 15.6308437384734 16.7211772865245 16.0637288508827 18.8755376559026 16.4992057441226 17.6328137561719 17.5757952348878 19.2410181707782 20.7869172526791 18.6481736068517
TCGA-A2-A0ES 3 3 3 3 18.089048829322 16.6794780878956 13.7423540387794 16.7913613551924 18.0671149870085 17.5397906016659 17.9372579643088 16.6117143419912 18.1229824014336 20.0507255271244 20.8784281596846 18.4262439518092
TCGA-AO-A03U 9.64261696479058 8.59475123282721 3 3 15.7803818767055 15.4145569186074 13.7573443174973 16.0500552724005 16.8408311627746 17.6339773275874 17.3513343943327 16.9096964924331 18.0908097576041 20.0280535416151 20.6302251285179 18.7238723612762
TCGA-AN-A0AL 10.0314414183991 3 3 9.66508423974255 18.7396424541437 16.7764406204537 14.6814370637369 16.6873406459704 15.7919396716588 17.1630885009332 16.3603288812617 17.8587836922685 17.2499670860501 19.2389884051083 20.7886159319278 19.0824036389451
TCGA-AR-A1AP 10.1659406878894 3 3 3 16.4429901788608 15.8736430879503 13.9768585679905 14.2216008607023 16.078457144653 17.6522985712245 17.653646054938 17.9432545307422 18.284436711642 20.0644093973877 20.6000019314071 18.4667233984725
TCGA-AC-A4ZE 9.74518781598717 8.69625318973157 3 3 17.6397396114859 16.7040227944951 15.1280554468492 18.2511918391787 15.989983452674 19.002559276704 18.2291450796264 17.5181073520589 17.7792693655244 19.5087620605875 19.5272611677645 18.6267904574641
TCGA-E2-A15C 10.947148875598 3 3 8.60173659136553 18.1248817260539 16.880653945756 14.3099923053723 18.5344120890871 17.540272105114 17.4650729855267 17.5344761343874 16.9827551362267 18.2993502584583 20.0315805800464 20.724482884673 18.3844849973296
TCGA-B6-A1KI 3 3 3 9.71193807085615 20.2817665436352 15.3707889304706 15.9704816648425 17.2327273453903 16.1643780078008 17.6862866517068 17.4445462246608 17.0853950250383 18.2676021939854 19.6535566526822 20.925915723382 18.6290981575826
TCGA-AR-A24T 3 3 8.50125037087649 8.31125528097433 15.4000661009155 15.5342949763967 13.6457846126356 16.780671150478 16.7002312914575 17.9981027535904 18.0439886910478 16.4668303858048 17.6150858235425 20.1720123087726 20.8753762701414 18.4485885322644
TCGA-AN-A0XR 3 11.6076472271236 8.93135140791245 10.3070296722326 13.0229668067695 16.75948339289 15.0249358102068 17.7926101355187 16.9464817217377 19.270826788492 16.6468320603843 17.6173194355804 17.7930766118753 19.3962992666345 20.6638677007746 18.7542066831057
TCGA-AC-A62Y 3 11.7581812616028 10.4293803960613 3 16.7339367236071 16.4651932652846 14.7792368025615 17.6142760494577 16.5535304398872 17.9000349156863 16.4080102112662 16.5329957147052 17.7987354777843 19.0996425368019 20.9051320375202 18.6074218568105
TCGA-A2-A1FV 3 3 3 3 16.2482027122559 15.4221840594233 13.6489788403736 15.5945917936713 16.6238781453633 17.5640595603112 17.7145535771369 16.9647949429884 18.2831552222908 20.6944859590683 21.2360315742785 18.1179121368834
TCGA-B6-A0RT 10.6116514385247 12.4496917067444 10.4376159165836 10.8260171174108 13.2550088903974 17.1152370765185 14.4723532006385 16.1891699048732 17.6031484723775 18.1325202026342 17.2948164267738 16.60576189325 17.8652962802661 19.4550900895822 20.7331383728333 18.3031660881874
TCGA-AN-A0FN 3 8.67807962557094 10.5458976690532 10.3524249645684 19.1012027948594 15.7412856299136 13.9126867157527 15.838435553509 17.1479472028864 17.9946226308311 17.7871685224096 16.8766487474271 17.5105404144475 19.7196003009423 21.1150929426028 18.8083797756264
TCGA-A2-A25C 3 10.0057098314502 3 9.70230673473153 15.0298038625075 15.1858712069727 14.304119062175 16.8322093657341 17.5381598813244 19.5800877005025 17.7286958450914 16.944315288786 18.3827227985702 20.6156977834957 20.4967694672089 18.594292427314
TCGA-BH-A1FG 9.90466263968974 3 3 11.1131798511236 17.4001903737914 16.0576237161418 14.2376113230115 17.6977862533035 15.7862323703543 18.9001098622212 16.703136678947 17.0844701910068 18.3713686391119 20.2196178505173 21.151482926506 18.8466640358351
TCGA-BH-A18M 3 8.80136045016519 9.6779486251963 8.50140735969713 17.1733688084938 16.5311782635719 13.797373610654 17.5213979928868 16.5980270721393 18.4574303523478 17.4921350332871 17.5409258299299 18.4054032152902 19.515142471513 20.8334838206742 18.9716292544925
TCGA-AR-A24M 3 3 9.17004410001117 3 15.1971255803507 14.8640996347059 15.9837394407731 17.4806458634102 16.7176744970667 18.0153175604781 17.9769842120846 15.885258910515 18.1073096222599 20.5214904587876 21.0525156061534 18.4955526996079
TCGA-A2-A04T 11.3576761637519 10.2989424950952 3 9.41573356998219 15.1551623795814 16.2164794760398 12.9632555741466 19.0348412707038 16.2468768314548 17.5394398004653 16.5312928120296 16.5145378011443 17.898491151076 19.0411070874035 20.7118028503444 18.5207839019265
TCGA-D8-A1XM 3 9.84920048869993 10.4702905675422 7.99168930238478 16.6435724524294 15.0678236791934 14.6504956455906 16.911140776456 16.7291682319879 18.2228919776846 17.5154270968106 17.1441457109359 18.5112028303752 20.2509327001841 21.3710915893017 18.7672219674735
TCGA-A2-A0YI 3 11.2802856438671 8.39159906141776 3 15.4125931837766 16.1775288568536 14.7097335935234 16.8306056490168 17.0632655774587 17.8496300064702 17.4737147958967 16.5392142802314 18.5675193695204 19.9519950028867 20.5745650497198 18.4733948587747
TCGA-BH-A0HY 3 8.89980934325835 8.79028229934061 3 14.6858323147167 15.9113868347992 14.9552555772554 17.2337728457204 15.830893665358 19.0632545299745 16.4538061060714 17.2247020786387 17.633690854492 20.0966924196522 21.3126822903833 18.694562260594
TCGA-A2-A04X 3 12.4293372160535 10.210076111632 9.43749202157744 17.6601944956467 14.4071173413288 13.804058894099 16.2257035236783 16.908232742192 19.1754285458134 16.5741049408893 17.8423883759642 17.610800043944 19.5667182280862 21.2121114330353 18.6728133054221
TCGA-A8-A0A9 9.51734467855762 8.47089061016643 8.36203450591978 8.17250379710728 16.0581402337308 17.0030550553106 14.7577106209734 18.5222465106007 15.8642620936389 18.2575302428387 17.4187577677993 17.3011252719705 17.8739247473445 19.6645334635683 20.3483652400629 18.6555291601711
TCGA-AN-A0XN 12.3210403515623 3 10.7355443068025 3 17.4278516475425 16.1429116740362 13.4258700454029 16.7080842329594 16.2243918839472 17.7356021254125 17.5197563386407 16.765819642292 18.2726444533462 19.9331661578842 20.7740018323834 18.6990618865807
TCGA-D8-A1JF 9.57183890741664 3 3 3 15.2362112168688 14.2054099804226 13.3290890322341 16.9575248717096 16.4816794112455 18.3240925164352 17.8937834809352 15.9115135788215 19.0264701175598 20.122411558386 20.5523521825595 18.2375102915525
TCGA-GM-A2DK 11.2066255480724 3 9.04870736925059 9.84476664833799 19.029023256216 17.7227855656102 15.4779495673895 16.899920556895 16.1740740921385 18.2734009262887 15.8189870732384 17.2107818385045 18.0138812142007 19.9070285561545 21.4760295579515 19.0376683378633
TCGA-GM-A2DH 3 9.80705324915124 3 3 13.7975202222024 15.9078384165833 14.6965539816297 16.5382877235934 16.9935967081036 17.962921960497 17.9894495811986 17.6604665787332 18.0522852653171 20.4209160173033 20.8382445387405 18.6432129774911
TCGA-BH-A0BO 3 3 10.09251688487 3 19.0637394222951 15.6735364593527 14.2090309468008 17.0295017766107 16.9301531127514 17.69201499989 18.2865349562888 17.1991613407982 18.2869371800912 20.1823150637186 20.9217363195174 18.3610520598907
TCGA-B6-A0WX 3 9.85051164253609 3 9.54740928262152 16.2700112025398 16.298849405207 15.0549762370078 17.4614843629766 15.7407615850663 17.1860752649357 17.3358540295038 17.1029643286308 17.2563046112601 19.5286771433587 20.3542290827314 19.0291612994664
TCGA-A1-A0SF 3 3 8.92630153445551 3 15.8970528904548 17.395791989688 14.9781785763307 16.7381808137006 16.4350737220009 18.6953495298505 17.0480949657334 16.5887094740856 17.3093370457663 18.977823325348 21.4367953016875 18.8513806767865
TCGA-A2-A0CT 3 3 3 3 15.6767258899043 15.6207730720229 13.7214193640523 16.0230362362148 15.4838531869881 18.3071102948548 15.9704220977326 18.002865339957 17.7883720475937 19.7457932888473 21.041231191481 18.1067929196453
TCGA-A2-A04Q 3 11.6728666543073 3 10.5635652683987 14.6535141939584 15.9042141577562 12.9156676306006 17.0039654678154 17.8709882199406 17.5439527081163 16.8792856121133 17.1269798561489 17.5923864803517 19.7477430516433 20.8520664537247 18.6139061790783
TCGA-C8-A3M7 3 3 8.51523922193764 9.30709391266443 18.1673042925451 16.5350558860229 13.4658293830744 17.2973692281694 16.9212262013729 17.9695646890579 17.5717583535776 16.5281563127642 18.2256691377431 19.7340188513901 20.628605186768 18.1037488731101
TCGA-AO-A0JG 3 3 9.39924810121477 3 17.642222339727 16.0157802233496 14.9090056461841 16.8214784259935 16.7835036140998 17.7899555579747 17.4213313207139 16.6784285571151 17.5170326492359 20.2835074128267 20.3562294570209 18.5377452815986
TCGA-BH-A0BC 3 8.56026275893601 3 10.2329278631642 17.5523655899589 16.6459966279099 14.9160358523665 17.0302526559576 16.2493832245245 18.6676207339289 16.7268179194115 16.8779462693931 17.435305517819 19.6500303088801 21.3062795756251 18.7216046178558
TCGA-B6-A0IQ 10.5383776075964 9.48329243738536 3 9.75936381324754 12.471707583968 16.6345123513084 13.331241197531 17.1789981657185 16.3336062321661 16.3117785620476 19.6879255843739 17.7397560453478 17.1722572690255 19.6291025542867 20.4609773246635 19.0692587649324
TCGA-A2-A0EN 3 8.63958092968875 8.53043698068149 3 15.7311545487948 15.8352627398092 14.5973541674273 16.080137886303 16.6396288082868 17.9806897762698 17.1260005963529 16.6812673252175 18.0360074295034 19.3308704267195 20.5928018854881 18.7157226504171
TCGA-AC-A2FO 3 9.8024265319096 11.0055293416875 3 16.6814472879237 16.4270216633247 14.2769947680752 16.6100299274394 16.7780254925064 17.9301530012603 16.9270297880649 16.7088252212482 17.8416880097052 19.8923891306948 21.1399782406271 18.1659602518798
TCGA-BH-A0B5 3 8.62529772817029 3 3 16.7126911102674 15.6296513032596 14.5923435916423 17.7573740538271 16.2609941983421 17.8025977614503 17.5307662931776 16.6378047723341 17.9106958569705 20.0879243921299 20.6703812556454 18.4560587240497
TCGA-5L-AAT0 3 3 10.9772259710781 9.21154007284388 18.973397053621 16.6235538403827 15.26775664602 16.4515211158388 16.3273870421386 18.0560012665231 16.4928727006155 16.880189111381 17.0426120447564 19.2408395800264 21.0768543110464 18.7350509816081
TCGA-A7-A4SC 3 9.42874649814761 3 3 16.9551590071668 16.3611226388619 14.5067678801303 16.1710934460444 16.2820985323055 17.2219467845035 17.2223067521833 17.5119202440805 18.1116722542549 19.5668252595542 20.02206580451 18.721956946801
TCGA-AC-A3BB 10.8391294192434 3 10.9854608712982 8.49557876707156 18.2564786713673 17.1807281112638 15.1015728794314 16.5455451593555 16.5094451042105 18.6160689313779 16.577723834975 17.1676537737211 17.8991712815663 18.9639949922248 20.8598675707723 18.9045682877708
TCGA-AR-A1AY 12.1537679898161 8.79205985166776 3 3 13.0107901428904 15.4431325341773 13.3287823233801 17.2438651816958 16.5009241971874 17.1689140386227 17.0402102537784 18.0167161839407 19.191963967143 21.461367116743 20.8294944164134 19.136200886396
TCGA-A8-A06Q 3 9.90436656035989 3 3 13.6062895874162 14.3561819751472 12.5872688401103 17.2649088621352 18.3229401894337 16.903639510361 16.5901532855917 18.3243788741852 18.568666014674 20.1534189849198 20.9999583202211 18.7535674675405
TCGA-A2-A0T0 3 3 9.57893554267323 3 12.2208179583545 15.6793139841822 13.9382819638559 16.3096595334875 15.1625081654273 17.7668925760487 16.1974406893342 17.7042759115836 18.5672716620505 19.9761215049753 20.1936213120559 18.9277461294569
TCGA-A7-A4SA 3 3 10.2536289838691 3 15.5572277590233 17.7358856633786 15.3551663433622 16.2664513005134 16.2367414343098 18.3000073121115 16.61203374487 17.0521102797455 17.5200438887869 19.7892028891117 20.0847896398886 18.6435724012346
TCGA-A2-A3KC 3 3 3 3 18.0111766955061 17.0155134208083 15.1409374958182 16.7144604140851 16.1946645293199 18.4117433801157 17.430023054762 17.2268220087687 17.4482732403764 19.7173942604713 20.012167367369 18.5350936915569
TCGA-BH-A0H0 3 10.9595317671403 3 3 15.4278897512928 16.6336202716745 15.2075094553908 18.5115217999577 16.3344605977842 18.9614747326487 16.6956382984656 15.997251833233 18.3352196246786 20.222582029647 21.3707012826787 17.3280452426202
TCGA-A8-A07O 3 8.4893934717804 3 3 13.2866400585919 17.2982969117784 12.6835116788808 17.1829818826429 15.6589593949448 17.1223621955231 17.0642700793161 16.8712925939253 18.9411569862665 20.320558300596 20.7753759508183 17.646775535796
TCGA-A2-A25A 9.08976543601158 8.04915207288632 3 7.75335925255995 16.7029990017437 16.6257411075111 14.2598608781031 17.4690670128746 17.2237730065454 18.3362053760617 17.9804896402413 16.4566196914419 17.9891621233869 19.8111220848172 21.1014276824374 18.6431060462029
TCGA-LL-A441 10.5193134340074 10.0438461308721 10.9273429741851 9.74037394693987 17.5947592988614 17.3325508670997 14.9753763176641 17.7054461774486 16.4532632541326 16.874609776259 16.9045267190063 17.6104391291006 17.2722694852354 19.6663336885824 19.8635069064833 18.2887563502822
TCGA-A2-A0YT 10.4652597164045 10.4021074152286 10.6114105979289 3 17.0374671654481 15.9411201353731 14.8672773250154 17.2012731189294 15.7997967368693 17.8004270973055 17.3437461225244 16.8079335796498 18.1784600774161 20.214061757045 20.9325149673084 18.8147257215127
TCGA-E2-A14U 3 3 11.2205083257971 3 18.2724313227766 17.4424411057136 15.0070959921809 17.1690605426281 16.9583289918845 17.7380001437847 16.841341805078 17.4269166887055 17.7090172901927 19.2650798970317 20.3334762289183 18.6284444630817
TCGA-A8-A083 3 3 3 13.1862824434699 21.3705513838688 15.1153842549966 15.5203023453267 18.1771661309627 16.1722905403387 18.3134247709586 17.5402009679509 17.4514934942448 17.7836805536602 20.1841881259205 20.4353882855507 19.0237318485272
